DEF 615 {

Kb {

-0.307692308	,	88.53846154	,	4.5	,	16	,
-0.012244898	,	-23.93877551	,	5	,	-5	,
0.025641026	,	-34.12820513	,	4	,	-7	,
0.066666667	,	33.66666667	,	5	,	16	,
0.005128205	,	-2.025641026	,	3.8	,	11	,
-0.020512821	,	-53.8974359	,	4	,	-12	,
0.071794872	,	-5.358974359	,	4	,	-2	,
0.123076923	,	-6.615384615	,	3.8	,	13	,
0.041025641	,	-26.20512821	,	4	,	11	,
-0.158974359	,	36.79487179	,	4	,	10	,
-0.020512821	,	-18.8974359	,	4	,	-2	,
-0.01025641	,	-32.94871795	,	3.8	,	-40
		
}

	Fpn_lg {
		290.8425926,	122.4537037,	165.2314815,	327.9722222,	349.8240741,	154.9814815,	75,	264.5,	185.0277778,	222.212963,	194.0185185,	238.6944444

	}

	Fpn_hg {
		219.925,	77.25,	120.4,	287.7166667,	311.9666667,	109.025,	34.69166667,	180.2333333,	140.0583333,	177.1416667,	149.9166667,	174.3083333

	}

	AutoV20_lg { 
		0x08
	}

	AutoV20_hg {
		0x0b
	}

	AutoV15 {
		0x08
	}

	Rampgen {
		0xAA
	}
	
	Temp_calib {
		0,0,0,0,0,0,0,0,0,0,0,0
	}
}



DEF 207 {

Kb {

-0.21025641	,	47.05128205	,	4.5	,	-8	,
-0.248979592	,	46.24489796	,	4.2	,	6	,
0.087179487	,	-32.43589744	,	4	,	-7	,
0.261538462	,	-67.30769231	,	3.5	,	21	,
-0.020512821	,	4.102564103	,	3.8	,	34	,
-0.312820513	,	6.564102564	,	4	,	38	,
-0.030769231	,	15.15384615	,	4	,	-2	,
0.4		,	-21		,	3.8	,	13	,
-0.317948718	,	-4.41025641	,	4	,	11	,
0.030769231	,	17.84615385	,	4.5	,	10	,
-0.056410256	,	10.28205128	,	4.3	,	1	,
-0.246153846	,	31.23076923	,	4	,	48		

}

	Fpn_lg {
		176.5,	152.4583333,	144.5104167,	99.03125,	54.98958333,	48.4375,	205.3854167,	97.10416667,	82.03125,	215.5520833,	210.65625,	261.09375

	}

	Fpn_hg {
		202.875,	180.7333333,	172.1083333,	127.1333333,	82.43333333,	75.83333333,	235.0583333,	125.95,	109.2583333,	255.9833333,	247.3166667,	284.1416667

	}

	AutoV20_lg { 
		0x09
	}

	AutoV20_hg {
		0x0b
	}

	AutoV15 {
		0x08
	}

	Rampgen {
		0xA0
	}
	
	Temp_calib {
		20.588, 0.0, 0,0,0,0,0,0,0,0,0,0
	}
}


DEF 5 {

Kb {

-0.297435897   ,            75.487179487   ,            4.7   ,       8   ,
-0.204081633   ,            29.020408163   ,            3.7   ,       -9   ,
-0.194871795   ,            -8.025641026   ,            4.3   ,       -13   ,
0.225641026   ,             21.871794872   ,            3.7   ,       -7   ,
-0.220512821   ,            29.102564103   ,            3.9   ,       -27   ,
-0.246153846   ,            34.230769231   ,            3.5   ,       18   ,
-0.030769231   ,            4.153846154   ,             3.3   ,       -8   ,
-0.092307692   ,            50.461538462   ,            4.5   ,       -20   ,
-0.230769231   ,            73.153846154   ,            3.9   ,       -10   ,
-0.076923077   ,            -28.615384615   ,           3.8   ,       0   ,
-0.123076923   ,            23.615384615   ,            3.8   ,       -24   ,
-0.266666667   ,            98.333333333   ,            4.4   ,       -33

}
   Fpn_lg {
        207.8,	183.6583333,	130.9083333,	172.5333333,	164.425,	128.5333333,	147.4083333,	178.2666667,	262.0666667,	69.54166667,	138.975,	173.725

   }
   Fpn_hg {
        169.4,	145.2083333,	91.7,	134.125,	125.8833333,	91.09166667,	111.225,	139.85,	222.6,	33.68333333,	100.2083333,	133.8916667

   }
   AutoV20_lg { 
       0x08
    }
   AutoV20_hg {
        0x0b
    }
   AutoV15 {
       0x08
    }
   Rampgen {
        0xB0
   }
   
    Temp_calib {
        0, 0.0, 0,0,0,0,0,0,0,0,0,0
 }
}