
Chip#1
114 105 103 107 102 106 105 105 101 99 105 107  0
102 102 150 180 107 138 207 103 113 190 109 98  1
101 109 628 858 117 662 1345 170 443 1307 260 99  2
95 100 222 320 107 274 523 114 251 653 153 98  3
98 106 116 126 104 108 116 103 104 117 107 98  4
101 102 490 515 104 339 562 114 349 808 155 100  5
97 104 241 274 100 222 337 108 253 586 153 100  6
98 101 107 112 101 105 106 102 108 97 102 101  7
97 99 445 447 101 317 390 104 97 99 100 94  8
98 102 304 294 103 315 382 108 101 97 101 99  9
98 101 105 104 100 101 105 97 100 93 98 98  10
105 101 102 103 102 100 104 102 100 99 105 15000  11
