
Chip#1
121 108 107 99 109 104 108 110 102 108 113 108  0
112 108 104 97 103 103 107 106 102 101 107 99  1
114 108 107 99 107 100 111 107 105 108 111 103  2
115 108 121 610 194 104 107 294 309 106 109 97  3
115 108 107 355 114 98 107 222 249 113 113 101  4
115 108 107 104 109 104 107 108 110 112 110 102  5
112 108 106 102 109 103 106 103 106 109 113 101  6
121 108 111 254 157 108 115 216 277 117 119 106  7
111 108 117 420 260 106 112 490 363 111 109 103  8
108 108 111 108 112 101 107 123 117 109 111 99  9
121 108 106 104 111 105 112 107 110 107 109 104  10
123 106 111 98 112 104 111 111 107 108 114 15000  11
Chip#2
117 103 113 107 101 111 111 99 120 109 106 105  0
116 103 108 108 101 113 106 99 118 108 106 105  1
111 105 113 107 102 112 110 99 117 112 106 104  2
117 108 114 113 212 130 121 101 159 155 110 108  3
117 110 109 119 194 129 118 102 178 183 112 108  4
109 100 107 103 101 109 110 99 114 108 102 100  5
116 108 118 111 101 114 115 100 119 113 106 108  6
110 105 111 104 120 111 112 99 147 123 107 102  7
115 108 114 113 167 141 113 100 235 201 104 105  8
111 106 113 109 104 112 112 100 127 117 104 106  9
119 108 116 110 101 116 117 99 122 115 105 108  10
114 100 110 104 101 112 107 99 118 107 99 15000  11
