
Chip#1
134 117 106 103 104 106 107 108 106 105 116 128  0
110 110 235 299 105 201 369 117 136 319 121 111  1
106 112 1488 2052 143 1573 3358 267 992 3293 518 110  2
98 104 435 649 108 535 1229 130 431 1546 218 101  3
101 104 144 149 105 117 137 107 111 136 106 101  4
103 105 1161 1196 110 741 1364 140 769 2046 253 101  5
104 104 498 546 108 443 757 116 519 1484 190 104  6
102 102 128 127 111 110 117 110 106 104 101 98  7
95 96 1054 1058 104 686 896 108 96 97 92 89  8
90 94 665 613 98 680 884 102 98 88 89 90  9
108 104 109 108 102 104 104 102 103 97 98 99  10
115 104 104 107 103 105 107 103 103 101 102 15000  11
