
Chip#1
7 104 243 0 253 73 7 135 66 139 75 138  0
7 104 195 0 257 73 7 151 50 139 78 138  1
7 88 179 0 259 57 7 135 50 131 76 142  2
7 104 195 0 258 73 7 151 50 139 76 139  3
7 88 241 0 247 73 7 151 50 139 77 138  4
7 104 195 0 257 73 23 151 66 139 78 142  5
7 104 246 0 257 73 7 151 50 139 80 142  6
7 104 243 0 254 73 7 151 50 139 76 218  7
7 104 245 0 255 73 7 151 50 139 76 218  8
7 88 195 0 253 73 7 135 50 139 77 142  9
7 88 245 0 255 73 7 135 50 131 77 139  10
7 88 179 0 249 57 7 135 50 131 48 15000  11
Chip#2
30 0 0 0 4 21 0 50 42 122 0 0  0
30 0 0 0 4 20 0 50 42 116 0 0  1
30 0 0 0 4 20 0 50 95 119 53 0  2
30 0 0 0 4 19 0 50 42 120 0 0  3
30 0 0 0 4 20 0 50 42 118 0 0  4
46 0 0 0 20 23 0 132 100 124 54 0  5
30 0 0 0 4 18 0 129 96 121 52 0  6
30 0 0 0 4 22 0 129 96 118 52 0  7
30 0 0 0 4 21 0 133 96 117 50 0  8
30 0 0 0 4 18 0 50 92 117 50 0  9
30 0 0 0 4 21 0 50 42 120 54 0  10
46 0 0 0 20 23 0 140 103 127 57 15000  11
