
Chip#1
141 116 106 109 102 107 111 111 104 104 112 129  0
109 105 241 314 104 201 379 113 133 332 119 104  1
104 114 1577 2198 148 1677 3596 277 1047 3521 553 113  2
102 110 462 691 108 574 1308 140 462 1663 233 107  3
108 107 150 161 116 124 149 121 122 150 116 107  4
99 107 1231 1298 112 787 1451 148 824 2178 263 102  5
106 105 525 553 108 458 798 123 548 1548 201 102  6
102 104 129 132 108 117 120 111 114 104 108 106  7
106 116 1128 1126 118 732 965 128 108 107 101 106  8
105 107 713 648 108 727 940 118 104 101 103 101  9
106 105 105 106 103 104 105 105 104 97 102 101  10
114 111 107 103 105 105 106 104 104 103 105 15000  11
Chip#2
118 117 115 108 107 102 107 102 107 108 105 110  0
124 120 114 109 112 112 111 109 108 109 106 110  1
117 113 111 113 113 111 113 111 107 111 106 111  2
117 117 167 676 304 143 734 499 116 463 547 123  3
105 108 253 1258 669 159 1026 744 110 581 623 115  4
104 99 109 269 155 106 163 130 99 115 121 104  5
111 110 121 355 215 122 733 687 115 627 1031 145  6
110 114 189 985 622 159 1828 1768 128 1239 1895 211  7
111 103 116 308 193 114 322 293 115 177 266 114  8
111 113 115 113 115 112 432 563 117 428 849 158  9
113 111 111 113 114 121 1374 1850 176 1088 2100 349  10
115 114 112 109 110 111 340 473 113 217 442 15000  11
