
Chip#1
96 101 111 100 106 101 96 105 103 90 101 103  0
106 99 113 103 115 102 99 107 100 114 103 105  1
104 98 108 96 113 101 101 102 108 114 105 104  2
106 101 111 100 116 104 100 104 100 114 99 101  3
104 103 111 105 117 101 112 107 108 114 107 111  4
100 106 109 100 109 97 99 102 103 114 103 103  5
102 97 108 97 107 95 96 99 98 114 99 99  6
104 101 112 98 113 96 95 101 102 114 104 101  7
104 107 113 100 114 101 101 104 103 114 103 104  8
101 100 109 102 108 96 99 98 105 114 98 102  9
92 96 103 96 376 335 87 96 95 114 436 253  10
100 98 103 88 330 320 89 95 95 114 377 227  11
Chip#2
107 104 107 98 100 103 102 100 127 127 101 101  0
99 99 106 95 93 102 102 99 102 111 96 96  1
103 103 107 99 98 99 106 98 105 111 104 100  2
93 93 102 92 92 94 97 90 95 100 91 94  3
95 98 106 100 97 106 106 99 108 111 98 103  4
99 102 102 104 97 93 105 99 104 111 100 98  5
99 101 103 97 98 101 102 94 108 111 100 98  6
101 101 102 98 100 97 105 96 103 103 99 98  7
102 106 109 105 102 102 111 102 104 111 105 98  8
99 103 107 103 102 101 103 98 109 111 100 98  9
102 103 111 544 675 104 108 100 110 806 555 104  10
104 107 102 439 614 101 102 103 104 525 348 101  11

Chip#1
100 98 105 98 107 92 94 101 100 114 97 99  0
101 108 116 99 107 104 100 105 112 114 103 105  1
107 107 111 100 111 102 101 106 111 114 104 109  2
105 101 104 96 108 101 98 98 94 114 99 103  3
104 108 111 97 113 102 100 100 106 114 104 102  4
109 109 116 106 116 104 105 110 108 114 109 105  5
112 108 109 110 116 103 106 108 112 114 101 108  6
104 101 114 98 113 101 100 102 100 114 105 98  7
105 101 111 98 114 100 97 102 103 114 101 107  8
105 107 108 97 109 96 101 101 106 114 103 105  9
99 103 100 96 401 376 94 104 102 90 468 279  10
106 102 109 106 369 366 105 105 103 114 429 255  11
Chip#2
98 103 107 98 100 102 100 100 103 101 94 102  0
102 102 108 105 99 102 105 104 105 111 101 103  1
93 91 102 88 87 94 100 96 98 111 93 96  2
102 102 111 103 104 111 103 106 110 111 99 108  3
100 97 107 102 100 104 106 102 127 111 96 102  4
106 107 108 105 105 106 108 108 127 127 104 104  5
109 107 117 104 108 109 111 113 127 127 106 113  6
93 92 101 91 94 94 98 96 99 98 89 97  7
101 103 107 95 99 97 102 106 104 111 101 102  8
106 109 118 109 106 108 108 108 127 127 105 107  9
98 99 103 585 732 97 101 98 100 879 600 104  10
103 102 107 481 668 102 105 97 108 576 383 104  11

Chip#1
102 95 103 92 104 88 89 93 100 114 93 95  0
101 100 102 97 109 96 94 100 104 114 99 102  1
99 96 104 100 112 101 95 100 102 114 98 103  2
105 98 106 104 110 95 96 104 103 114 99 102  3
101 106 108 101 115 102 101 104 105 114 101 104  4
106 104 111 102 111 94 101 105 105 114 104 107  5
102 97 98 101 109 95 92 96 100 114 93 99  6
96 95 99 97 106 89 92 98 103 114 97 98  7
102 99 104 99 109 92 94 99 100 114 99 98  8
99 96 103 98 110 95 94 99 97 114 101 97  9
102 102 104 100 410 394 94 100 103 114 480 286  10
106 107 108 103 376 380 99 109 109 114 429 254  11
Chip#2
109 109 107 104 105 109 110 104 108 111 105 109  0
97 101 102 100 100 99 102 98 100 98 98 101  1
98 104 106 96 99 101 102 100 99 95 99 106  2
92 95 95 91 92 93 99 91 96 93 90 94  3
97 95 102 97 94 95 102 96 96 111 96 100  4
102 102 102 96 102 102 107 98 100 101 100 100  5
98 97 105 95 103 97 101 100 100 111 98 98  6
106 102 109 99 105 109 108 99 106 111 101 106  7
109 111 112 109 106 112 116 109 111 111 110 110  8
98 102 105 94 97 102 106 100 100 99 95 102  9
112 108 113 599 755 116 111 113 127 895 610 117  10
107 107 109 487 683 104 111 104 110 585 392 109  11

Chip#1
104 103 112 102 116 96 103 106 108 114 103 109  0
105 100 104 98 110 96 95 95 103 90 92 103  1
102 101 112 97 109 103 95 102 106 114 104 110  2
100 98 104 94 108 95 92 93 99 114 96 102  3
105 109 112 98 111 100 96 101 102 114 103 108  4
101 101 104 98 104 92 92 99 102 114 99 107  5
104 98 102 98 106 92 95 95 100 114 97 103  6
106 106 110 105 114 102 105 106 108 114 105 111  7
97 96 103 94 105 95 91 96 100 114 97 98  8
100 97 109 97 106 94 95 93 99 114 93 101  9
99 104 104 100 407 390 94 102 103 114 483 286  10
99 100 103 91 372 375 95 101 100 114 434 256  11
Chip#2
102 99 103 93 94 95 102 93 100 95 95 101  0
101 104 108 93 97 101 101 97 104 111 100 102  1
104 108 112 103 105 107 113 105 110 111 109 109  2
102 97 100 88 96 94 101 97 102 111 100 98  3
99 99 102 91 93 92 101 96 100 111 95 96  4
103 106 102 96 97 101 109 99 102 111 101 101  5
117 112 117 109 105 111 113 112 127 111 110 109  6
103 99 105 97 100 102 110 100 103 111 101 100  7
103 101 105 93 97 99 108 98 103 111 102 103  8
107 112 113 103 106 109 111 109 110 111 107 108  9
108 106 111 586 748 103 113 109 127 895 611 102  10
106 107 107 489 689 111 109 104 106 591 401 108  11
