
Chip#1
127 110 103 104 104 104 107 105 106 101 112 121  0
101 94 187 241 102 160 294 103 119 254 109 100  1
101 99 1123 1554 133 1186 2486 219 763 2437 409 106  2
105 100 346 512 107 439 927 124 354 1184 194 106  3
106 104 136 146 114 118 137 112 112 135 112 106  4
96 104 879 930 108 580 1046 131 604 1543 213 96  5
99 102 398 421 105 350 594 110 411 1114 168 98  6
102 104 114 124 107 111 112 103 107 100 108 101  7
96 105 805 826 105 546 709 111 99 96 102 96  8
105 105 531 501 108 550 703 113 103 101 108 106  9
108 100 106 106 108 107 108 105 102 99 103 99  10
103 100 97 97 98 95 97 95 96 87 98 15000  11
