
Chip#1
105 106 99 108 107 99 100 105 105 103 102 96  0
103 106 92 105 108 102 95 104 101 101 101 99  1
105 113 105 109 108 110 103 107 105 108 105 104  2
103 107 102 105 105 103 103 104 106 105 106 101  3
103 105 95 105 103 102 96 103 104 105 97 95  4
109 110 106 112 113 111 110 111 112 113 113 103  5
106 113 106 110 107 111 104 108 109 103 106 102  6
99 105 94 103 102 103 99 101 104 98 100 95  7
106 113 105 113 112 111 110 111 109 109 108 101  8
99 105 95 106 105 101 98 104 104 108 102 100  9
105 105 99 797 686 107 102 105 111 1289 420 95  10
105 109 102 1069 905 103 104 104 109 1152 364 100  11
Chip#2
120 125 124 122 129 122 122 121 139 122 123 128  0
115 116 119 120 121 113 117 116 135 121 117 128  1
123 125 123 118 125 120 124 125 137 127 123 128  2
122 124 123 116 128 124 123 119 140 124 119 127  3
131 129 128 125 129 127 121 123 145 130 131 132  4
118 117 121 116 125 114 119 116 136 117 121 126  5
117 129 125 120 130 124 121 126 141 120 127 130  6
110 116 115 111 121 114 112 112 128 113 114 121  7
112 117 117 115 130 129 119 117 132 117 135 160  8
118 121 117 124 2279 129 196 123 139 123 3111 160  9
118 120 121 122 1966 3992 214 119 135 126 1950 2336  10
118 122 117 119 133 137 122 112 136 119 128 170  11
Chip#3
117 116 115 107 111 131 108 117 117 110 113 113  0
117 123 113 113 121 128 120 119 116 113 114 110  1
118 119 115 111 142 129 117 116 120 138 114 110  2
119 122 124 107 116 135 115 117 122 111 114 113  3
119 123 127 114 119 137 111 125 128 124 163 149  4
118 122 122 114 114 136 121 126 126 115 153 144  5
124 130 125 106 117 133 111 122 132 120 119 116  6
110 119 118 106 112 136 110 126 123 118 114 109  7
119 121 118 110 113 133 118 119 123 111 117 116  8
122 123 124 110 118 136 118 125 125 117 120 121  9
114 122 119 101 112 139 115 122 126 113 170 149  10
117 129 121 104 121 137 115 123 126 121 149 129  11
Chip#4
115 115 113 112 112 108 110 111 110 114 114 107  0
130 123 115 110 114 122 108 111 111 116 116 110  1
130 126 117 113 122 122 117 120 113 121 125 115  2
120 114 117 108 113 122 112 115 112 122 121 110  3
116 115 110 106 113 114 105 114 108 116 115 112  4
130 123 111 109 111 122 111 115 113 115 122 112  5
130 123 110 108 111 122 104 109 109 115 114 106  6
130 123 118 113 117 122 114 120 118 121 122 111  7
130 123 112 105 112 122 102 110 105 112 115 109  8
116 124 112 108 114 122 107 113 110 115 116 110  9
120 125 118 112 121 122 113 120 112 120 127 116  10
130 127 115 114 119 122 114 115 120 122 124 110  11
