
Chip#1
117 108 111 101 107 108 106 106 109 108 113 107  0
110 108 102 93 103 97 102 99 103 104 105 96  1
121 108 114 102 112 105 105 111 111 113 110 99  2
120 108 128 615 194 108 106 294 311 109 113 102  3
112 107 112 351 113 105 107 220 252 112 114 103  4
116 108 108 104 109 106 111 111 113 111 110 102  5
119 108 112 106 111 111 108 115 114 116 113 107  6
116 108 112 249 151 109 108 211 269 111 113 106  7
121 108 120 438 268 109 115 499 368 119 114 107  8
114 108 114 109 109 108 111 119 117 109 111 104  9
117 108 107 101 107 104 108 107 110 112 110 97  10
115 108 99 93 105 101 105 103 106 106 109 15000  11
Chip#2
103 96 102 97 91 103 106 97 112 101 92 96  0
114 105 109 109 100 111 111 99 115 110 102 105  1
110 97 106 106 96 109 110 99 117 102 99 100  2
111 103 113 110 203 122 110 100 147 151 102 103  3
114 107 110 118 193 129 115 99 173 181 101 106  4
112 107 116 110 88 118 113 99 120 112 107 106  5
116 110 114 113 88 114 117 104 118 115 109 112  6
114 105 110 110 104 117 119 99 153 124 107 107  7
105 97 107 106 158 130 106 99 228 192 97 101  8
114 101 110 110 113 114 116 101 129 124 105 105  9
117 106 113 110 88 117 113 99 119 114 106 105  10
114 105 115 107 88 114 115 99 117 114 105 15000  11
