
Chip#1
130 110 103 107 104 103 106 107 107 100 111 123  0
105 102 211 274 107 180 328 115 127 285 117 106  1
98 100 1295 1810 141 1381 2907 242 864 2854 461 108  2
98 97 379 578 108 478 1077 122 394 1370 201 101  3
96 107 139 148 112 117 141 113 117 138 112 106  4
98 100 1021 1059 108 664 1205 137 688 1799 233 99  5
110 112 464 491 121 410 685 125 491 1301 187 106  6
104 101 119 123 110 111 112 109 116 105 106 102  7
98 106 925 944 112 624 805 112 104 100 107 100  8
106 107 609 558 110 625 802 115 108 112 111 104  9
102 101 104 102 100 101 104 101 102 93 101 96  10
104 100 99 97 101 101 104 100 93 99 100 15000  11
