
Chip#1
117 109 100 103 103 110 107 105 103 105 109 118  0
105 109 163 193 111 150 226 105 118 206 113 108  1
104 105 720 980 115 745 1543 175 507 1534 289 102  2
98 101 247 352 98 302 590 109 267 734 153 96  3
102 100 120 124 104 112 122 108 112 120 106 99  4
96 100 549 576 101 384 635 114 383 937 159 98  5
101 104 271 295 107 251 380 114 277 679 146 99  6
97 102 109 107 105 104 97 101 108 95 101 95  7
93 101 491 502 100 349 430 104 98 91 100 92  8
98 102 338 321 98 348 421 107 100 97 97 100  9
99 106 103 106 104 109 108 100 102 97 107 99  10
103 101 96 97 101 101 99 97 99 96 100 15000  11
