
Chip#1
101 328 204 95 1460 601 93 600 259 109 1293 359  0
105 292 195 97 1235 454 97 434 177 102 681 213  1
97 101 99 93 97 98 92 98 91 100 94 101  2
95 289 216 90 1482 1109 87 667 362 101 1249 442  3
100 249 195 92 730 486 90 354 186 103 465 196  4
94 97 98 86 99 92 88 98 89 99 90 96  5
92 281 222 86 1387 817 88 499 443 99 807 514  6
92 234 199 87 826 522 85 316 262 95 296 196  7
97 97 97 89 96 96 88 97 93 100 96 99  8
100 258 278 95 1246 1102 90 438 354 105 854 518  9
95 184 194 90 713 518 88 208 171 99 225 133  10
95 90 98 92 93 93 89 93 90 96 82 94  11
Chip#2
111 107 103 107 107 108 116 116 120 112 112 117  0
127 1079 1196 112 859 857 116 1756 1587 116 1456 1034  1
111 1205 1211 112 947 805 113 1466 1311 118 1570 1251  2
111 121 124 118 127 124 123 129 131 122 120 130  3
111 938 1010 121 1168 1128 124 1475 1454 122 1664 1372  4
127 820 997 119 895 896 127 1185 1198 123 1483 984  5
127 113 117 116 120 118 120 124 126 121 119 125  6
127 1094 1030 125 1108 962 128 1553 1603 129 1594 1202  7
111 936 1036 127 889 766 127 1585 1608 128 1361 906  8
127 113 114 113 115 117 117 122 130 116 119 122  9
111 1014 1241 116 1155 1111 124 1917 1817 118 1933 1157  10
157 499 746 124 691 750 129 1683 1228 129 1235 686  11
