
Chip#1
135 139 95 112 104 102 95 103 97 97 96 98  0
652 817 200 376 369 110 111 112 101 109 111 102  1
706 934 261 350 370 118 109 113 102 113 117 105  2
157 213 104 125 119 102 100 112 99 101 101 98  3
259 305 145 290 285 120 121 132 115 122 118 105  4
259 284 136 270 271 119 114 124 107 109 109 105  5
114 140 106 190 185 107 107 124 107 106 105 104  6
317 393 169 899 913 143 114 125 101 116 115 104  7
297 357 141 591 607 124 108 114 101 109 107 97  8
122 141 106 147 157 112 108 116 106 106 106 102  9
200 243 140 507 607 157 121 132 106 112 111 107  10
172 197 125 426 486 126 117 126 105 107 107 15000  11
Chip#2
498 374 310 557 377 111 104 100 105 136 105 103  0
569 513 427 633 499 129 114 102 117 136 110 112  1
401 306 173 371 230 104 104 100 107 106 103 101  2
411 298 279 468 290 121 110 102 109 111 103 112  3
494 431 411 561 430 142 117 103 117 131 107 113  4
372 293 241 387 248 127 106 103 114 108 106 106  5
549 329 296 544 363 145 124 111 121 131 115 114  6
735 567 447 789 630 165 120 107 118 116 109 105  7
500 311 211 565 368 119 114 103 117 117 110 112  8
263 185 321 611 309 115 114 107 114 113 108 112  9
360 287 676 919 642 127 113 108 116 117 110 109  10
322 208 362 700 341 112 116 99 111 107 101 15000  11
