
Chip#1
347 287 281 400 318 331 344 327 305 282 293 278  0
347 347 285 401 323 331 341 327 307 284 295 278  1
347 347 282 394 320 331 338 323 302 278 287 274  2
347 347 302 415 318 363 363 329 325 298 290 277  3
347 347 300 419 382 347 363 328 316 288 292 275  4
347 347 280 402 319 331 340 326 305 279 288 275  5
286 283 291 411 314 347 363 319 312 290 289 272  6
347 347 296 411 320 347 363 327 314 290 293 277  7
295 347 288 405 383 331 391 330 310 283 293 284  8
347 347 284 403 379 363 405 325 322 295 291 282  9
347 284 277 398 314 331 343 329 309 284 288 275  10
347 347 282 397 318 331 338 323 302 277 290 15000  11
Chip#2
455 447 301 392 393 295 284 457 363 411 336 293  0
395 444 301 388 387 293 279 453 347 406 330 292  1
457 450 305 396 391 297 282 458 363 409 335 293  2
395 448 299 390 391 437 393 454 379 426 332 292  3
395 448 301 393 393 413 377 458 363 419 332 292  4
454 449 302 394 391 296 281 454 347 409 332 292  5
395 444 313 398 390 312 347 451 379 424 332 294  6
395 447 311 401 393 310 291 453 363 422 334 293  7
456 447 301 397 394 298 283 457 363 413 333 294  8
453 448 363 401 394 380 347 452 379 418 332 291  9
456 450 310 399 391 379 287 456 379 417 333 295  10
456 443 299 388 388 290 275 452 347 404 331 15000  11

Chip#1
363 347 287 404 378 347 388 330 312 282 297 347  0
363 347 285 406 380 347 388 329 310 284 295 331  1
347 347 279 403 381 347 389 326 302 281 290 273  2
283 279 293 407 310 347 351 318 318 286 282 270  3
347 347 299 416 316 347 363 321 312 286 287 273  4
363 347 285 406 380 347 390 326 310 282 296 279  5
347 347 299 420 378 363 405 327 323 295 290 331  6
347 347 301 417 317 347 406 328 314 286 293 331  7
363 347 282 401 378 347 387 322 303 280 290 331  8
285 284 279 398 317 347 363 320 315 290 286 273  9
347 347 280 401 317 347 363 326 311 290 291 277  10
347 347 283 400 319 331 338 320 304 280 290 15000  11
Chip#2
456 449 303 393 393 302 285 457 363 411 338 297  0
455 446 300 392 389 294 283 453 347 406 334 295  1
395 443 299 389 387 294 279 453 347 406 330 291  2
459 449 304 393 393 444 394 459 379 428 336 293  3
395 447 303 390 391 414 378 456 363 419 335 290  4
456 449 303 395 392 296 283 455 363 408 332 292  5
395 446 315 399 389 388 292 453 379 427 332 293  6
458 449 313 400 393 383 347 458 379 424 334 295  7
395 440 294 383 383 289 273 448 347 402 324 290  8
460 453 318 408 396 387 296 459 379 427 338 297  9
458 451 313 400 392 384 347 460 379 418 334 296  10
457 445 302 390 388 294 276 453 347 406 330 15000  11

Chip#1
347 347 279 398 314 331 339 322 302 280 292 278  0
363 363 286 402 381 347 387 329 307 287 296 280  1
347 347 286 404 379 331 363 327 307 285 291 276  2
347 347 302 414 377 363 405 325 324 295 289 279  3
295 287 297 416 319 347 363 325 317 291 294 280  4
363 347 285 404 363 347 385 323 299 277 287 331  5
363 347 298 419 379 363 404 325 314 293 292 280  6
347 347 299 419 378 347 363 325 314 289 291 278  7
347 347 283 405 323 347 345 330 305 281 297 280  8
347 282 274 392 313 347 363 313 308 287 282 267  9
347 347 286 403 320 347 363 325 311 289 294 331  10
347 288 284 398 317 331 338 321 302 278 289 15000  11
Chip#2
395 450 301 391 391 295 281 456 347 410 334 296  0
458 447 302 393 390 297 283 454 363 410 331 295  1
460 449 303 392 392 299 282 457 347 411 335 299  2
395 449 305 391 393 446 395 460 379 429 335 297  3
395 443 300 386 388 409 305 453 363 418 329 290  4
395 445 300 389 388 294 279 453 347 409 329 289  5
395 441 313 396 388 313 291 451 379 425 327 291  6
459 444 363 398 394 381 347 458 379 421 332 294  7
453 442 298 388 392 298 279 453 363 409 331 294  8
395 447 313 400 392 313 290 452 363 417 332 291  9
395 446 309 398 388 306 288 453 363 417 332 295  10
459 450 306 395 395 299 282 456 363 413 335 15000  11

Chip#1
347 347 285 397 378 331 387 324 300 279 295 281  0
347 347 279 397 315 331 334 322 302 278 291 273  1
363 363 288 407 386 347 363 330 311 288 299 284  2
347 347 301 412 386 347 402 326 325 296 291 276  3
347 347 297 414 378 347 363 326 316 286 291 331  4
347 347 280 402 316 347 339 323 305 281 289 277  5
347 347 296 419 320 347 363 324 318 294 290 278  6
286 347 296 414 318 347 346 323 308 283 287 273  7
347 347 279 399 313 331 334 318 300 277 285 272  8
347 347 286 404 379 363 407 326 319 296 290 279  9
347 347 281 401 378 347 363 325 312 290 292 280  10
363 347 283 401 379 347 341 329 304 279 289 15000  11
Chip#2
395 442 299 387 388 293 279 454 347 407 329 291  0
459 446 303 394 393 297 283 456 347 410 333 292  1
395 446 302 392 389 296 281 459 347 408 333 292  2
462 449 302 393 390 440 395 460 379 424 333 294  3
463 450 309 394 393 418 363 463 379 421 336 296  4
458 445 308 391 393 299 279 459 363 411 335 291  5
458 443 315 398 391 387 289 461 379 426 330 291  6
395 449 314 399 395 310 291 462 379 419 333 294  7
458 448 303 393 394 299 280 460 363 408 333 291  8
457 446 315 398 392 312 290 460 363 418 333 289  9
456 448 314 398 392 381 289 456 363 415 332 294  10
463 448 306 396 394 301 285 458 347 409 335 15000  11
