
Chip#1
98 98 106 100 102 99 98 99 97 99 93 98  0
105 103 103 100 102 102 99 107 101 102 98 100  1
102 101 98 101 99 99 102 104 98 102 101 95  2
99 102 101 104 103 103 99 104 99 95 100 99  3
97 103 99 105 100 98 99 103 102 98 100 96  4
102 99 95 104 100 99 102 103 101 101 102 96  5
102 95 97 103 99 103 98 97 101 99 96 98  6
99 103 99 106 99 105 102 104 95 99 101 94  7
103 101 98 106 104 103 106 107 104 99 97 96  8
109 107 106 110 108 106 103 108 105 105 105 102  9
106 103 107 801 695 105 106 108 111 1303 438 101  10
101 106 107 1068 920 102 106 105 106 1162 370 96  11
Chip#2
185 197 189 186 184 189 187 178 202 179 181 178  0
185 201 190 189 187 190 192 182 199 181 183 174  1
190 202 190 195 187 198 197 188 207 187 187 185  2
190 209 192 203 201 204 206 190 214 191 188 188  3
191 209 201 209 206 206 201 194 213 197 197 184  4
192 205 203 215 206 204 202 193 216 197 197 190  5
190 204 199 199 201 205 190 188 204 186 191 189  6
190 205 195 194 192 200 191 180 196 186 191 189  7
190 197 190 205 245 270 201 188 208 195 271 360  8
185 196 190 230 245 270 605 189 213 220 4066 360  9
185 196 190 224 245 270 730 194 212 220 4063 360  10
190 197 190 204 248 292 214 189 216 197 233 406  11
