
Chip#1
116 112 102 99 105 104 105 104 103 103 108 113  0
104 100 166 204 107 150 242 108 113 222 113 106  1
98 101 803 1095 120 846 1757 185 558 1725 316 105  2
102 106 271 392 111 332 664 121 276 837 165 105  3
103 107 124 127 107 109 125 109 111 122 109 105  4
105 106 627 651 112 433 720 128 435 1047 174 107  5
95 94 294 312 98 259 417 112 301 766 153 96  6
101 100 116 113 109 109 109 103 106 101 103 96  7
97 105 552 558 109 394 485 110 102 101 103 99  8
98 101 378 352 108 380 477 110 100 103 100 99  9
106 107 109 104 110 110 112 109 108 108 109 106  10
105 104 103 99 101 105 108 105 102 100 106 15000  11
Chip#2
123 119 119 113 111 111 113 107 108 110 109 114  0
120 118 117 110 107 108 110 107 104 107 107 111  1
117 110 109 112 110 108 108 109 104 107 109 108  2
113 108 162 672 303 143 729 493 113 463 553 119  3
102 103 246 1255 672 159 1027 738 106 583 620 115  4
111 110 121 273 162 113 172 140 111 126 133 112  5
107 108 120 355 214 119 729 688 112 628 1032 141  6
104 108 193 989 616 159 1819 1768 124 1232 1885 207  7
110 108 121 313 195 119 322 297 116 179 276 114  8
106 105 112 112 111 112 423 535 113 424 848 148  9
105 100 109 103 105 108 1362 1840 166 1084 2087 339  10
104 100 107 102 101 103 332 465 106 206 436 15000  11
