
Chip#1
110 106 106 113 113 110 103 107 108 106 104 102  0
114 114 98 117 109 105 116 112 109 115 109 109  1
116 133 101 130 121 102 144 123 104 134 114 103  2
99 103 101 101 100 102 99 100 102 95 100 96  3
109 111 102 116 104 98 113 103 101 116 106 95  4
124 130 102 136 121 106 127 113 104 141 118 99  5
102 103 101 105 103 103 103 103 101 99 102 100  6
110 118 97 113 109 103 113 108 105 116 108 100  7
116 130 99 129 118 110 127 116 106 134 118 104  8
109 110 99 106 109 110 105 105 105 101 112 106  9
107 106 92 104 103 94 110 101 95 103 101 94  10
110 121 103 118 109 103 116 111 105 116 104 98  11
Chip#2
99 122 133 100 133 134 101 142 158 108 133 141  0
104 131 135 101 133 133 109 142 159 112 135 147  1
106 110 104 101 113 106 104 108 127 104 112 120  2
104 137 140 101 131 127 105 133 164 108 131 138  3
107 139 142 101 129 128 103 132 155 110 128 136  4
99 106 101 100 105 100 101 102 121 104 105 115  5
101 126 132 104 130 137 106 138 163 110 126 141  6
108 130 138 106 133 139 109 132 155 108 122 137  7
102 104 97 96 104 100 100 103 119 103 105 113  8
104 120 141 101 133 136 105 126 167 109 131 146  9
116 134 149 111 135 136 114 134 162 115 137 138  10
108 109 101 100 108 105 103 105 123 109 105 114  11
Chip#3
111 111 103 94 116 112 114 104 106 104 112 106  0
117 315 257 99 283 255 114 329 258 111 258 197  1
124 313 240 96 272 244 112 265 234 110 262 225  2
125 119 121 107 142 121 117 106 119 111 109 115  3
114 268 224 100 366 292 107 271 254 104 254 214  4
117 284 211 109 225 221 118 205 210 113 221 185  5
119 118 112 103 117 113 117 106 123 109 120 112  6
121 317 257 110 281 249 115 281 240 118 295 276  7
125 360 269 103 245 223 124 247 226 111 230 231  8
115 119 118 101 121 114 114 106 119 117 120 122  9
122 275 239 97 307 312 112 315 280 110 269 244  10
119 278 236 100 253 280 118 257 223 107 180 170  11
Chip#4
146 130 121 115 129 125 113 122 124 151 137 118  0
146 370 272 126 410 335 128 323 297 151 329 304  1
146 222 179 119 239 190 124 187 181 151 212 199  2
146 141 130 125 143 133 123 130 133 151 141 125  3
146 379 286 127 346 256 122 327 306 151 312 301  4
146 230 178 122 197 160 122 206 191 151 198 192  5
119 130 125 118 126 122 122 122 125 151 139 122  6
121 428 334 124 392 287 123 428 313 136 355 312  7
130 259 211 126 251 199 127 225 177 151 230 195  8
130 136 125 122 136 127 122 125 127 151 137 123  9
130 374 321 128 331 253 127 284 256 151 340 301  10
130 210 206 124 211 163 122 192 178 151 206 164  11
