
Chip#1
97 368 222 96 458 234 87 326 171 106 410 181  0
94 340 203 93 389 198 90 245 139 105 241 132  1
91 91 97 89 94 92 88 91 86 102 83 94  2
92 343 257 90 431 358 89 349 204 102 381 201  3
100 298 214 92 262 214 89 226 144 106 190 129  4
98 97 101 92 89 94 88 93 89 102 86 101  5
95 358 271 96 435 305 92 308 255 108 282 213  6
91 281 234 89 270 214 85 217 171 99 140 119  7
100 95 98 95 94 92 90 91 93 103 91 101  8
98 328 353 92 381 365 86 295 239 105 283 213  9
97 207 214 95 255 216 88 162 136 102 119 113  10
97 98 101 90 94 94 89 91 89 99 89 97  11
Chip#2
95 100 93 97 103 96 101 102 115 105 105 104  0
111 402 415 98 369 352 109 282 260 109 285 211  1
127 441 441 96 404 351 96 259 251 105 297 246  2
95 101 96 97 107 105 105 109 111 105 101 100  3
111 362 367 100 434 426 105 256 264 110 294 252  4
95 329 384 89 361 361 97 219 222 94 247 201  5
111 104 99 102 107 108 109 106 116 107 103 111  6
111 441 404 100 399 361 105 288 292 107 271 237  7
95 397 401 100 355 312 104 266 278 104 248 192  8
111 104 95 99 104 106 109 107 117 109 105 106  9
111 396 484 103 434 392 109 318 302 105 300 223  10
111 220 320 97 281 293 109 270 232 101 213 159  11
Chip#3
111 111 113 117 113 114 110 117 118 107 112 114  0
111 361 167 117 412 216 105 541 290 103 623 282  1
119 654 305 119 611 278 108 444 270 109 441 213  2
107 107 119 117 112 109 109 116 119 111 109 108  3
105 377 236 110 388 236 106 489 340 109 518 441  4
105 615 407 117 647 351 109 391 302 99 346 264  5
102 103 103 111 104 108 100 103 111 101 100 103  6
104 199 175 112 253 217 109 233 278 107 291 302  7
109 335 278 117 338 277 110 269 305 105 213 208  8
112 113 119 117 117 115 112 115 119 111 109 112  9
107 199 231 118 227 257 109 180 216 106 204 276  10
105 275 358 109 247 272 100 177 221 99 153 155  11
Chip#4
105 107 104 102 100 94 109 100 101 100 100 101  0
105 217 231 86 193 194 107 204 238 99 189 169  1
105 255 263 111 210 246 109 195 241 103 222 233  2
105 111 111 102 102 96 113 106 111 107 106 107  3
105 178 214 102 211 202 108 187 209 101 198 194  4
105 209 217 102 240 228 114 185 194 102 194 223  5
96 105 100 102 97 93 112 100 102 94 102 101  6
105 151 163 102 154 149 107 159 162 99 162 188  7
105 161 176 102 164 161 108 175 180 98 163 190  8
105 107 102 102 101 94 109 108 108 98 102 97  9
105 146 171 102 150 152 108 143 142 95 139 151  10
105 146 177 102 164 155 110 159 142 101 139 145  11
