
Chip#1
98 92 104 93 100 88 91 86 96 90 91 98  0
100 95 108 98 102 95 98 89 103 114 97 101  1
98 93 104 90 106 92 87 86 95 90 98 101  2
99 98 98 96 102 89 92 89 98 114 93 102  3
105 103 114 102 113 100 100 101 106 114 103 109  4
101 100 109 99 105 94 101 95 103 90 97 105  5
108 103 105 102 108 94 102 98 107 114 103 104  6
101 101 109 98 104 97 95 95 104 114 99 101  7
103 101 112 97 111 98 98 96 104 114 97 105  8
99 98 104 96 104 92 96 90 103 90 96 99  9
102 103 112 104 287 278 102 102 107 114 348 220  10
94 92 98 89 248 278 85 88 90 114 292 187  11
Chip#2
104 102 105 98 99 99 99 94 104 111 95 101  0
104 104 108 105 102 104 109 102 106 111 104 104  1
107 104 113 104 104 108 112 107 109 103 106 104  2
108 106 109 107 105 106 110 106 109 111 102 110  3
102 97 105 96 99 97 102 97 98 111 98 98  4
109 99 108 105 110 102 110 106 106 103 102 102  5
111 99 108 102 103 103 112 104 105 103 104 100  6
109 104 114 107 105 104 113 105 110 111 107 104  7
97 99 102 103 98 98 105 97 98 101 98 96  8
99 104 105 99 103 98 105 98 103 111 100 101  9
104 102 106 620 762 97 106 99 103 946 673 103  10
101 96 103 481 675 102 102 99 99 684 404 101  11
Chip#3
101 103 106 103 104 101 102 105 114 96 102 99  0
105 111 110 109 108 100 102 106 111 101 97 98  1
103 106 103 102 102 98 102 101 109 98 97 96  2
106 112 106 112 107 102 103 106 117 105 101 102  3
107 114 111 110 109 104 102 105 114 102 126 148  4
110 111 111 110 106 104 102 106 114 102 122 138  5
106 117 110 111 117 103 102 110 118 106 105 106  6
111 115 116 115 111 107 102 112 117 106 107 108  7
100 111 107 110 108 102 103 100 111 93 100 103  8
111 115 112 115 113 103 103 113 115 101 108 105  9
105 112 111 111 116 106 102 106 118 103 140 145  10
112 114 116 114 118 107 103 108 118 105 126 123  11
Chip#4
109 113 112 111 110 106 106 110 110 112 105 108  0
115 113 119 112 117 112 111 112 115 114 104 114  1
115 110 117 114 116 105 111 108 104 111 105 111  2
116 120 120 118 120 112 116 116 111 118 110 112  3
113 117 123 114 123 119 112 120 117 122 108 116  4
115 121 121 118 121 115 112 119 118 117 108 115  5
116 117 121 118 120 119 119 121 115 117 110 114  6
107 110 109 108 110 102 106 112 106 107 102 110  7
118 115 119 114 117 112 112 115 114 113 108 116  8
112 116 117 114 119 115 112 116 115 118 109 112  9
111 116 116 112 114 109 110 111 110 113 102 114  10
113 116 116 110 120 110 109 112 110 114 102 114  11
