
Chip#1
123 114 107 104 104 105 106 107 109 109 112 123  0
98 99 208 257 107 169 306 110 128 264 113 105  1
92 101 1213 1657 126 1281 2685 226 805 2630 422 99  2
104 106 373 552 114 457 999 129 376 1287 200 110  3
97 95 131 142 108 115 131 110 112 130 103 96  4
104 106 946 1000 114 626 1129 137 647 1669 229 106  5
101 105 431 453 108 379 634 116 451 1218 174 102  6
101 104 119 126 109 109 107 105 111 104 103 104  7
99 105 867 886 108 581 756 112 103 99 101 102  8
90 100 562 530 100 575 745 109 92 88 98 95  9
108 109 107 110 104 105 112 110 109 104 111 102  10
112 106 105 108 103 104 106 107 106 100 102 15000  11
