
Chip#1
118 107 102 99 101 103 101 105 107 100 108 113  0
99 100 162 204 105 147 236 102 117 222 105 98  1
109 109 803 1106 128 856 1757 190 565 1726 324 108  2
103 104 266 391 108 331 667 122 279 837 159 105  3
109 106 125 132 110 116 125 112 114 125 113 104  4
99 100 616 644 108 425 717 123 431 1037 169 100  5
96 100 289 315 104 267 420 108 301 750 153 95  6
102 100 110 112 103 105 109 102 101 97 102 94  7
104 109 555 564 116 396 490 110 109 107 106 105  8
108 109 379 359 109 394 478 116 107 107 108 110  9
96 96 97 98 102 99 101 96 96 96 95 93  10
103 100 98 97 101 101 100 103 99 97 93 15000  11
