
Chip#1
107 108 100 101 111 101 106 100 99 108 101 109  0
104 110 104 101 111 106 106 103 104 109 105 106  1
99 110 154 148 107 137 170 102 137 166 99 105  2
110 127 736 761 127 692 939 132 720 904 132 110  3
102 113 469 508 113 476 607 117 484 610 113 105  4
113 115 144 145 115 123 128 111 122 127 106 111  5
109 121 628 681 119 116 118 108 112 119 105 107  6
107 115 545 589 126 116 114 107 110 118 110 106  7
105 109 126 124 104 102 103 110 101 111 101 103  8
105 110 106 101 108 112 118 103 108 112 102 106  9
106 109 106 104 109 110 113 103 105 114 102 106  10
102 105 100 94 97 98 100 96 96 104 98 99  11
Chip#2
108 115 111 109 112 109 100 107 107 111 107 111  0
108 115 112 108 113 113 100 104 113 115 114 110  1
112 122 122 116 118 118 109 114 117 122 119 116  2
116 123 117 116 125 127 108 114 124 122 116 118  3
111 119 111 116 123 126 102 110 122 118 108 110  4
111 137 144 117 115 121 112 107 112 115 113 117  5
111 920 1076 130 121 122 110 112 115 115 114 110  6
119 1086 1271 134 153 128 103 118 127 117 112 111  7
111 182 187 115 153 139 107 125 133 115 112 112  8
124 859 1015 145 798 931 125 734 790 134 124 122  9
125 1203 1302 139 1381 1569 128 1264 1494 135 112 108  10
123 191 184 125 225 223 114 229 246 125 121 118  11
