
Chip#1
130 114 106 103 101 101 113 108 106 107 114 122  0
101 97 210 274 108 175 326 107 119 283 112 101  1
102 109 1306 1810 138 1380 2915 245 870 2864 463 109  2
99 106 392 584 107 482 1087 129 392 1371 207 107  3
102 104 139 148 108 116 135 117 117 137 111 102  4
98 101 1019 1067 109 662 1204 139 686 1799 230 96  5
102 105 455 478 107 403 676 115 468 1291 178 99  6
101 95 118 121 104 106 111 103 102 100 103 95  7
97 101 925 944 105 617 805 111 101 97 97 92  8
106 110 604 559 110 624 797 114 108 101 106 100  9
102 99 99 99 98 101 100 97 98 95 98 96  10
115 110 110 109 107 110 111 110 103 112 116 15000  11
