
Chip#1
128 115 105 106 101 106 106 103 108 101 109 121  0
110 106 225 286 111 190 349 118 132 303 121 111  1
101 105 1387 1927 136 1477 3133 250 930 3070 483 105  2
96 97 407 613 110 508 1151 129 417 1477 209 100  3
98 97 137 141 103 114 135 110 112 134 105 94  4
106 105 1101 1135 117 713 1285 145 747 1927 247 108  5
103 102 470 504 112 418 722 119 507 1383 185 104  6
104 101 119 129 108 109 112 111 112 100 105 105  7
98 102 994 1005 111 654 857 113 108 95 102 100  8
99 101 631 583 108 651 838 112 102 95 101 99  9
103 101 104 101 102 104 104 102 101 99 100 104  10
111 104 103 103 101 100 105 102 102 97 106 15000  11
