
Chip#1
128 110 119 109 108 118 119 113 105 112 120 109  0
119 109 111 106 102 111 111 105 99 103 109 99  1
117 109 117 115 112 115 116 114 109 113 116 104  2
115 108 165 1516 357 112 118 633 675 108 116 101  3
111 109 118 797 114 113 116 446 516 110 109 98  4
114 109 116 111 108 116 117 113 111 113 113 107  5
109 108 112 107 111 109 115 108 103 107 109 98  6
118 109 117 491 219 117 117 364 506 111 116 102  7
111 108 142 989 518 110 112 1163 796 111 109 102  8
108 104 111 126 105 109 115 133 129 101 106 94  9
121 109 114 108 106 116 117 111 103 113 110 105  10
126 109 116 107 103 104 112 107 99 111 116 15000  11
Chip#2
113 111 122 108 114 110 115 100 120 114 109 110  0
118 111 125 114 114 117 128 106 123 118 117 121  1
119 116 125 117 114 117 125 105 130 119 117 115  2
115 112 122 139 778 187 120 103 314 349 115 115  3
115 111 125 171 722 178 123 109 404 517 118 117  4
118 122 132 122 114 121 125 107 132 124 122 119  5
110 112 121 114 105 112 117 100 121 114 115 107  6
114 108 124 111 258 118 120 104 264 173 112 113  7
113 112 122 131 531 241 117 102 767 593 115 111  8
120 117 133 124 225 122 123 112 193 186 120 121  9
125 116 127 119 114 121 124 105 122 121 114 114  10
130 122 130 121 114 123 128 105 129 123 121 15000  11
