
Chip#1
98 103 95 100 98 99 96 93 97 99 98 99  0
106 113 98 116 112 105 116 111 102 113 109 103  1
124 135 103 131 122 102 142 126 105 140 116 102  2
101 106 101 103 99 101 98 104 104 103 102 100  3
110 113 95 119 109 102 113 109 106 119 109 99  4
116 135 105 135 122 103 132 116 109 140 118 100  5
103 105 98 104 107 102 102 103 105 103 100 100  6
115 117 102 116 108 105 110 107 102 117 106 98  7
124 129 99 125 117 105 124 115 105 134 114 99  8
103 105 97 106 98 103 100 99 101 102 102 99  9
116 117 101 116 116 108 121 116 105 119 113 105  10
116 133 107 123 122 111 128 123 109 123 113 103  11
Chip#2
103 124 132 101 127 127 104 134 159 105 131 135  0
102 131 137 101 134 127 103 134 155 106 133 141  1
108 112 108 105 112 101 108 107 127 112 112 122  2
99 121 141 91 122 118 98 124 158 104 123 135  3
102 134 146 95 122 117 99 124 154 104 123 131  4
104 101 107 97 108 105 104 103 126 106 108 114  5
102 128 134 99 133 133 101 142 170 108 129 143  6
102 125 135 99 128 133 99 124 152 106 123 130  7
101 102 105 104 108 101 101 102 119 105 108 115  8
104 126 145 99 130 138 105 129 161 104 136 147  9
104 121 141 101 126 132 108 124 154 108 123 132  10
112 108 107 107 112 106 101 106 123 108 105 119  11
