
Chip#1
103 110 97 106 103 105 102 105 109 105 104 103  0
107 106 99 104 104 108 104 107 104 105 105 104  1
107 110 99 112 109 110 109 111 105 105 108 102  2
101 110 105 108 104 107 102 101 102 102 104 103  3
106 107 102 114 108 111 103 111 109 110 108 103  4
105 105 94 105 105 105 104 107 101 103 104 101  5
99 99 95 105 98 102 96 100 102 99 98 93  6
101 106 97 105 107 105 99 103 102 105 105 98  7
106 109 95 110 105 105 103 108 106 108 105 99  8
103 107 98 105 104 106 103 105 105 105 102 100  9
111 110 101 106 105 102 111 108 106 106 106 105  10
103 107 98 104 104 97 105 107 100 103 98 93  11
Chip#2
121 121 117 119 121 120 117 120 139 117 123 131  0
122 126 121 120 126 119 121 123 137 123 127 131  1
120 121 120 116 126 119 115 124 141 122 124 126  2
112 114 113 106 114 113 112 111 131 113 115 125  3
115 120 121 115 122 118 119 119 139 119 126 131  4
113 110 119 114 120 111 112 111 131 114 117 125  5
113 120 119 119 122 113 117 116 140 119 121 131  6
113 118 120 118 125 114 121 117 136 117 124 131  7
111 114 116 111 118 110 106 115 136 117 115 125  8
120 121 123 118 124 123 122 119 140 120 121 133  9
122 120 124 123 121 120 119 123 144 120 127 132  10
120 122 121 120 124 118 118 119 141 118 124 130  11
