
Chip#1
110 106 102 104 102 106 105 101 103 99 103 108  0
95 93 137 164 100 126 185 103 107 179 101 100  1
101 99 541 721 112 563 1144 151 382 1106 228 98  2
99 97 208 281 101 247 451 112 207 552 141 99  3
98 99 110 120 103 110 115 108 106 109 107 100  4
103 101 434 452 107 307 492 118 311 704 153 101  5
101 107 225 239 105 208 306 111 251 519 135 101  6
98 95 103 107 103 100 100 102 102 92 97 95  7
97 95 388 392 102 276 336 103 98 97 98 96  8
106 105 272 264 105 281 336 108 103 101 103 102  9
99 100 99 102 101 103 108 98 106 91 97 96  10
104 104 104 106 110 105 112 110 109 104 111 15000  11
