
Chip#1
117 105 96 101 97 99 101 104 102 93 103 108  0
111 111 177 223 109 159 264 114 127 238 114 111  1
103 104 887 1210 124 942 1956 197 608 1913 345 102  2
103 107 293 424 110 359 737 121 301 933 167 107  3
101 99 122 132 105 115 125 104 112 118 105 100  4
103 99 684 708 103 457 795 126 468 1161 184 100  5
97 101 320 340 101 291 462 105 325 825 153 96  6
101 102 109 115 104 110 109 103 104 101 102 99  7
99 107 608 612 103 426 539 108 103 100 105 102  8
99 105 411 379 103 420 527 107 102 103 102 96  9
106 100 107 106 103 103 108 102 103 101 106 102  10
104 101 100 98 102 104 106 103 101 95 103 15000  11
