
Chip#1
105 100 112 100 108 97 100 92 105 114 98 101  0
99 100 108 100 109 90 96 94 108 114 90 102  1
102 97 112 100 105 100 100 92 105 114 94 104  2
105 96 106 96 106 91 97 86 100 114 92 95  3
93 92 104 94 104 98 92 93 102 114 96 97  4
96 96 106 91 100 89 98 94 104 114 94 97  5
106 106 117 106 114 101 106 104 112 114 101 110  6
106 93 110 103 111 96 102 92 105 114 99 104  7
99 93 108 100 108 96 95 93 98 90 98 97  8
100 93 111 97 106 89 97 90 100 114 96 99  9
106 100 117 104 288 278 103 101 106 114 351 222  10
102 95 108 99 256 262 96 99 105 114 300 198  11
Chip#2
95 92 100 91 94 94 101 96 99 94 95 96  0
103 99 105 102 99 97 105 99 105 111 100 100  1
94 97 106 96 97 94 106 100 103 101 101 101  2
97 97 105 95 97 98 99 99 102 111 100 101  3
103 103 106 99 98 98 106 100 104 111 101 98  4
107 106 108 110 105 101 107 110 110 103 107 109  5
108 107 109 105 103 103 108 106 108 111 109 107  6
104 104 106 103 97 108 109 109 109 111 106 107  7
92 93 98 99 94 92 100 96 96 111 98 92  8
104 102 116 105 105 104 109 107 106 111 106 107  9
104 106 110 625 765 103 109 105 111 954 660 110  10
94 92 102 480 677 93 99 92 98 639 417 98  11
