
Chip#1
109 114 112 102 112 106 96 106 106 108 108 107  0
106 109 101 98 104 105 98 100 97 107 105 105  1
114 118 165 154 116 150 171 113 148 177 116 110  2
104 121 734 752 114 690 926 127 688 897 128 103  3
106 118 474 513 114 469 611 121 491 617 122 102  4
111 113 141 144 112 123 125 110 121 135 109 109  5
106 114 627 675 113 112 121 104 108 118 99 101  6
105 109 540 584 115 109 107 102 106 112 102 101  7
107 109 119 120 109 100 98 103 104 107 99 102  8
106 108 110 108 109 113 119 113 113 118 109 111  9
107 113 108 101 109 113 113 106 110 116 108 106  10
106 113 113 101 105 100 100 107 113 109 105 107  11
Chip#2
108 114 115 111 113 112 105 108 111 115 109 117  0
111 113 110 111 108 112 104 104 115 111 111 112  1
113 122 117 115 113 113 103 111 116 119 108 115  2
112 118 116 110 117 119 104 115 120 119 112 113  3
116 122 118 115 126 128 108 119 126 123 118 119  4
113 140 146 112 114 118 108 119 119 115 114 113  5
117 917 1084 131 120 121 105 120 120 118 118 117  6
116 1082 1271 130 119 127 100 120 120 110 107 110  7
107 182 187 111 153 139 108 129 132 109 111 116  8
113 849 972 125 784 914 113 725 772 118 109 113  9
129 1204 1298 143 1375 1564 135 1270 1497 135 116 115  10
117 182 186 112 216 221 109 220 246 121 112 115  11
