
Chip#1
101 1142 587 102 1528 633 96 1040 429 112 1343 383  0
94 1060 524 95 1263 454 86 654 250 106 711 213  1
92 94 98 90 89 97 81 97 87 99 83 97  2
98 1126 758 100 1511 1161 92 1165 617 103 1268 465  3
101 847 545 105 748 510 93 555 274 106 465 213  4
97 101 105 95 92 98 93 100 93 105 91 104  5
98 1084 758 93 1430 857 86 904 750 108 832 541  6
100 873 664 92 849 544 92 562 438 103 313 209  7
95 100 105 95 99 96 93 95 87 106 89 97  8
98 1040 1112 102 1282 1157 96 917 716 108 876 546  9
101 516 540 99 722 547 92 345 252 105 209 152  10
102 100 111 97 97 97 93 97 97 105 90 104  11
Chip#2
157 141 142 140 156 152 146 156 161 190 158 155  0
157 141 142 141 156 152 146 3779 3278 153 3802 2357  1
157 141 142 156 156 152 146 3351 2995 158 3802 2939  2
157 171 167 154 168 168 146 168 162 171 158 108  3
157 171 167 158 168 168 153 3305 3313 171 158 3107  4
157 171 167 158 168 168 151 2660 2641 171 3230 2330  5
157 158 162 151 171 173 146 169 162 171 157 158  6
157 158 162 163 171 173 158 169 162 187 3742 2849  7
157 158 162 167 171 173 162 3523 3631 171 3133 2041  8
157 164 162 149 169 163 146 166 162 171 165 158  9
157 164 162 152 169 163 146 166 162 155 165 2594  10
157 2540 162 155 3507 3787 148 3754 2749 171 2541 1384  11
