
Chip#1
100 100 108 100 107 91 95 93 102 114 99 98  0
100 95 109 99 111 91 97 94 100 114 97 97  1
108 103 115 102 112 100 105 100 113 114 104 109  2
102 98 108 99 109 90 95 89 103 114 96 101  3
104 98 108 94 108 95 99 94 102 114 99 101  4
107 107 118 106 116 102 106 104 112 114 105 113  5
101 92 99 97 104 86 91 89 98 114 93 93  6
103 95 111 102 105 90 92 96 100 114 101 102  7
102 98 106 100 109 100 105 96 103 114 104 105  8
102 93 104 94 108 91 94 94 97 114 94 102  9
112 108 114 104 290 278 100 105 108 114 349 222  10
100 92 104 97 259 262 90 96 102 114 298 190  11
Chip#2
104 106 108 102 99 99 107 98 105 103 106 102  0
97 104 102 94 102 102 103 102 102 99 101 102  1
108 107 111 108 104 107 109 104 105 111 100 107  2
97 99 103 96 99 102 101 98 103 100 95 103  3
99 103 102 99 100 101 105 102 102 111 95 102  4
106 104 109 103 105 107 109 103 108 111 100 106  5
106 106 108 97 106 103 108 99 106 111 100 101  6
100 108 111 104 105 104 110 103 127 111 106 106  7
94 95 97 93 86 90 99 90 97 94 94 95  8
99 107 102 103 105 103 103 99 106 111 104 107  9
97 101 102 617 761 93 102 99 103 947 656 104  10
106 107 112 489 684 103 114 106 111 640 412 110  11
Chip#3
101 112 108 106 111 102 103 102 113 98 100 100  0
100 108 105 104 107 101 102 104 112 98 100 99  1
101 108 106 110 104 99 102 99 109 97 101 98  2
96 103 103 104 103 99 102 96 109 93 90 96  3
100 111 103 106 106 102 103 104 111 97 114 141  4
110 115 115 111 114 112 103 106 118 110 120 144  5
99 109 107 104 107 104 103 103 109 99 100 103  6
110 117 116 116 116 110 103 112 120 106 101 105  7
104 109 107 105 102 101 102 103 112 97 96 98  8
109 119 115 110 113 104 103 110 116 106 105 108  9
100 112 108 104 107 100 102 100 112 96 136 138  10
124 119 112 115 114 108 103 106 120 107 125 126  11
Chip#4
118 120 124 121 127 115 113 115 118 122 110 112  0
112 119 114 115 121 109 111 112 112 114 101 107  1
115 119 117 115 121 112 116 112 114 118 104 112  2
111 116 117 115 121 109 115 115 115 117 106 107  3
109 116 112 111 118 110 112 112 110 112 105 110  4
118 119 120 114 118 113 115 114 119 116 109 112  5
109 113 114 115 121 106 110 111 112 113 101 108  6
120 126 121 123 127 113 118 120 119 120 109 116  7
122 127 120 122 130 117 115 118 118 122 108 116  8
123 127 120 122 131 113 119 120 118 123 110 119  9
122 127 125 125 130 136 122 123 122 122 114 119  10
116 121 114 117 123 112 111 110 108 117 106 107  11
