
Chip#1
0 88 179 0 250 73 7 135 50 131 73 202  0
7 88 179 0 247 73 7 135 50 139 73 137  1
7 104 195 0 258 73 7 151 50 139 80 138  2
7 104 195 10 261 73 7 151 50 139 84 142  3
7 88 179 0 251 57 7 135 50 139 76 202  4
7 88 195 0 258 57 7 135 50 139 78 136  5
7 104 195 0 254 73 7 135 50 139 76 137  6
7 104 195 0 262 73 7 135 50 139 78 142  7
7 88 179 0 258 73 7 135 50 131 55 141  8
7 104 241 0 254 73 7 151 50 139 75 137  9
7 88 195 0 258 57 7 135 50 131 80 142  10
7 104 195 10 262 73 7 151 50 139 80 15000  11
Chip#2
14 0 0 0 0 26 0 50 42 124 0 0  0
14 0 0 0 4 23 0 50 42 126 0 0  1
30 0 0 0 4 18 0 50 94 121 52 0  2
30 0 0 0 4 22 0 50 97 123 0 0  3
30 0 0 0 4 22 0 50 42 118 0 0  4
30 0 0 0 4 28 0 50 42 126 0 0  5
46 0 0 0 20 29 0 135 101 123 6 0  6
30 0 0 0 4 20 0 50 93 117 52 0  7
30 0 0 0 4 18 0 50 92 117 0 0  8
30 0 0 0 4 22 0 50 42 117 52 0  9
30 0 0 0 4 26 0 50 42 126 54 0  10
30 0 0 0 4 25 0 133 102 123 54 15000  11
