
Chip#1
122 111 104 103 103 103 106 103 108 101 113 119  0
111 101 208 274 108 176 313 115 128 267 119 104  1
104 104 1223 1662 138 1285 2700 241 815 2642 435 107  2
105 105 371 548 116 459 1000 128 374 1287 198 111  3
103 105 137 142 110 117 136 112 114 128 109 104  4
102 106 944 1003 114 627 1131 138 644 1679 230 105  5
99 104 430 447 109 380 634 117 445 1218 168 99  6
110 104 123 130 115 115 116 111 113 111 109 105  7
97 104 866 889 112 586 759 113 102 103 102 104  8
101 109 569 546 114 586 756 114 104 104 111 104  9
109 105 105 109 105 104 105 103 104 99 100 102  10
109 106 102 107 104 107 106 104 106 104 106 15000  11
