
Chip#1
94 896 451 90 1177 470 89 490 209 96 511 201  0
90 786 383 90 936 341 79 334 160 95 283 130  1
91 95 95 87 97 96 85 93 93 101 86 99  2
95 884 575 90 1100 795 89 550 293 98 426 208  3
97 705 443 92 550 373 86 306 171 96 209 127  4
101 107 107 99 103 104 98 107 98 109 97 104  5
94 631 441 85 604 392 85 405 342 100 377 246  6
97 404 314 85 313 220 88 282 209 96 175 133  7
91 95 97 90 96 96 90 94 87 99 85 97  8
95 270 279 93 943 795 86 351 279 99 481 298  9
95 187 195 92 576 432 90 185 144 105 153 123  10
91 98 97 87 89 94 88 91 83 99 85 96  11
Chip#2
111 106 105 110 113 109 113 119 116 111 107 116  0
111 483 488 102 371 366 103 332 313 101 310 244  1
111 529 532 105 397 361 109 302 284 112 338 286  2
111 106 101 105 104 105 105 106 112 104 103 107  3
111 461 478 105 483 489 116 334 332 113 330 295  4
127 405 468 105 417 401 109 280 272 106 300 240  5
111 115 108 106 114 111 116 116 117 111 106 115  6
111 469 466 100 400 367 105 327 333 101 312 263  7
111 425 462 104 372 326 111 322 332 104 278 214  8
127 113 110 110 115 117 119 120 120 115 117 119  9
111 408 460 103 1019 920 109 376 361 103 376 270  10
111 227 315 105 575 603 113 333 264 106 268 190  11
Chip#3
102 99 106 109 101 104 108 111 111 105 105 107  0
120 551 236 121 778 347 111 720 394 109 704 322  1
134 927 400 127 981 417 114 545 334 111 441 227  2
110 113 111 113 109 114 110 115 116 107 112 113  3
116 438 254 125 665 366 121 432 337 118 1297 1078  4
109 696 395 117 916 464 110 340 265 107 668 482  5
106 107 107 110 107 109 113 113 116 109 107 107  6
116 249 226 117 360 301 121 285 333 115 315 333  7
109 355 303 113 397 357 114 306 348 111 216 204  8
110 111 108 113 110 111 117 115 116 113 109 118  9
110 205 248 114 225 274 112 204 252 110 234 323  10
109 302 363 118 229 268 114 203 237 110 169 164  11
Chip#4
105 109 103 102 99 94 110 127 103 98 106 101  0
105 422 490 102 356 389 118 431 512 113 323 276  1
105 615 636 111 469 596 115 439 594 102 445 449  2
105 109 103 102 100 94 110 108 107 101 106 105  3
105 336 403 102 371 364 118 316 387 101 369 331  4
105 481 496 102 498 496 115 399 408 98 435 491  5
105 101 105 102 100 97 114 108 104 102 105 102  6
105 164 170 102 174 167 109 191 189 95 173 217  7
105 196 201 102 216 211 104 191 245 99 193 236  8
96 103 104 102 101 97 110 106 106 95 102 101  9
105 163 189 102 173 175 110 175 161 98 163 191  10
105 166 211 102 198 188 115 175 165 99 161 190  11
