
Chip#1
363 363 288 403 380 347 391 328 309 287 296 280  0
347 347 279 401 380 331 387 326 302 282 291 278  1
295 347 287 400 382 347 390 330 306 285 290 331  2
347 347 293 408 375 363 363 324 322 290 288 272  3
347 347 300 417 376 363 363 326 319 292 292 331  4
347 347 281 399 314 347 338 323 304 279 287 272  5
347 347 299 421 380 363 405 329 322 296 290 276  6
363 347 306 422 381 363 400 330 318 292 291 331  7
347 347 284 402 381 331 342 326 305 281 290 281  8
363 363 288 403 385 379 411 332 323 305 294 286  9
347 347 280 395 314 347 391 319 306 284 285 272  10
363 363 285 404 382 347 389 327 308 281 290 15000  11
Chip#2
460 448 301 396 393 296 285 459 347 411 336 296  0
460 448 304 398 394 298 284 462 363 413 339 296  1
395 449 304 395 393 298 280 457 363 408 332 295  2
395 448 299 390 391 445 395 459 379 426 334 296  3
456 446 304 392 390 413 363 458 379 419 332 292  4
453 445 304 392 389 291 331 456 347 407 333 289  5
395 446 363 406 394 363 297 460 379 433 337 293  6
458 448 317 403 396 311 290 459 379 423 336 297  7
458 449 303 393 390 296 279 457 347 409 333 296  8
457 445 318 403 392 313 347 456 379 421 335 296  9
459 449 314 401 391 306 347 459 363 421 334 297  10
395 444 302 389 386 292 277 456 347 406 332 15000  11
Chip#3
313 288 300 329 340 309 287 282 282 237 233 267  0
319 288 306 331 338 314 289 287 284 240 234 267  1
321 291 305 335 340 315 293 284 285 240 238 267  2
313 288 306 333 343 314 296 283 286 240 231 262  3
316 289 304 331 342 312 292 286 286 237 232 270  4
314 289 303 329 338 314 292 282 277 239 233 266  5
319 291 310 334 344 315 293 286 288 242 235 267  6
314 288 203 326 338 310 287 282 278 237 231 264  7
315 290 308 335 343 313 293 288 286 241 234 269  8
316 288 307 334 343 317 294 285 287 243 239 275  9
316 290 305 335 342 317 291 286 286 240 232 267  10
322 295 306 334 343 314 292 287 282 239 235 15000  11
Chip#4
386 168 416 319 265 287 348 372 374 355 271 322  0
346 170 416 312 264 286 345 372 374 355 270 320  1
346 165 419 316 260 285 347 372 374 355 270 320  2
341 163 418 313 261 281 346 372 374 355 266 317  3
390 172 419 318 264 290 389 373 375 355 273 323  4
386 172 418 317 267 287 390 373 375 355 276 321  5
344 167 416 317 262 285 344 372 374 355 272 322  6
347 171 419 313 263 288 348 372 374 355 269 323  7
363 171 423 322 268 292 363 372 374 355 280 332  8
347 175 422 318 266 288 363 378 374 355 278 331  9
382 167 416 316 261 286 386 377 375 355 268 323  10
347 171 420 315 263 283 391 377 374 355 272 15000  11
