
Chip#1
0 115 0 0 0 28 67 0 0 0 141 119  0
0 4 35 3 0 63 166 0 0 101 138 108  1
0 115 484 604 0 615 1262 11 296 977 260 117  2
0 115 114 131 0 224 476 0 112 433 174 105  3
0 115 0 131 0 25 476 0 0 433 130 106  4
0 8 5 175 0 37 476 0 189 449 175 106  5
0 4 0 175 0 25 476 0 112 305 152 103  6
0 6 0 175 0 27 476 0 0 305 125 109  7
0 4 0 175 0 29 476 0 0 305 127 103  8
0 99 0 175 0 28 476 0 0 305 120 97  9
0 4 0 175 0 24 476 0 0 305 130 107  10
0 7 0 175 0 28 476 0 0 305 130 15000  11
Chip#2
72 127 193 186 59 251 185 150 186 47 162 89  0
72 127 174 186 54 240 185 140 186 36 159 89  1
72 127 173 185 50 243 185 135 186 42 162 89  2
72 127 193 468 159 256 529 425 186 250 418 89  3
72 127 215 698 321 267 648 508 209 282 418 89  4
72 127 174 210 75 246 185 156 186 46 162 89  5
72 143 193 278 123 246 185 154 209 50 162 105  6
72 127 193 524 272 247 185 160 186 50 162 89  7
72 143 193 224 95 244 185 148 206 45 162 89  8
72 127 193 186 56 243 185 145 186 45 162 89  9
72 143 193 186 62 246 185 166 209 57 188 89  10
72 143 193 186 57 246 185 151 204 47 162 15000  11
