
Chip#1
139 115 106 113 109 112 107 115 107 108 117 127  0
106 104 242 313 109 201 384 114 136 337 122 108  1
109 111 1569 2188 149 1671 3596 283 1041 3517 551 111  2
97 107 464 688 112 571 1300 137 455 1657 231 108  3
106 110 151 160 116 126 145 116 116 148 116 105  4
99 107 1231 1298 118 789 1445 152 818 2182 267 101  5
105 106 530 556 114 457 797 126 555 1550 198 101  6
103 109 127 130 115 112 117 114 108 111 103 99  7
101 110 1125 1120 111 730 961 117 104 101 106 101  8
102 101 727 649 101 725 937 114 103 99 98 96  9
106 105 99 102 102 103 105 104 100 97 101 98  10
116 111 105 107 105 104 108 109 103 103 105 15000  11
Chip#2
116 119 110 103 107 101 106 102 102 103 102 110  0
121 119 114 109 108 106 107 106 108 104 106 111  1
113 110 106 105 107 109 107 105 106 104 105 105  2
107 109 161 670 301 143 722 493 113 460 544 117  3
110 113 257 1274 678 175 1030 753 119 589 628 123  4
107 108 117 266 158 108 167 137 107 125 126 108  5
109 109 119 352 213 119 733 685 115 630 1030 145  6
110 114 191 988 622 159 1828 1762 131 1228 1891 212  7
107 109 116 307 190 112 321 293 106 178 270 112  8
109 108 109 108 112 111 427 559 113 424 845 151  9
112 109 109 108 112 119 1367 1848 181 1085 2097 354  10
112 109 110 107 108 109 338 470 117 213 442 15000  11
