
Chip#1
121 112 103 106 104 105 107 109 107 103 113 115  0
104 106 170 206 105 154 243 110 124 222 116 104  1
104 110 798 1090 121 850 1749 191 560 1718 318 109  2
106 106 272 391 108 333 664 121 277 837 166 109  3
104 105 122 131 114 118 125 112 116 126 111 106  4
93 99 613 641 103 422 713 118 426 1031 170 94  5
105 109 303 321 110 273 428 114 312 750 153 102  6
105 106 114 115 104 108 107 107 109 105 107 101  7
103 105 554 558 108 390 488 109 102 100 102 98  8
103 104 373 353 107 384 478 112 103 107 108 99  9
104 105 105 108 104 99 106 104 104 103 102 99  10
103 105 100 100 98 103 99 104 104 101 107 15000  11
