
Chip#1
102 109 97 104 100 102 100 100 106 106 105 100  0
107 114 103 110 107 110 106 109 108 115 110 107  1
102 106 97 104 104 101 100 101 105 106 104 95  2
101 111 102 104 107 106 103 103 106 103 106 99  3
106 111 97 105 105 105 103 107 104 105 104 100  4
109 118 106 113 114 108 111 111 113 117 113 107  5
106 113 103 109 107 105 105 103 109 106 106 100  6
106 114 102 112 107 110 105 107 109 110 109 105  7
103 107 94 108 107 101 102 103 102 108 102 94  8
107 113 102 109 105 106 104 108 108 106 109 103  9
110 111 101 106 108 105 106 104 105 105 106 102  10
109 118 110 117 108 111 109 113 116 120 112 102  11
Chip#2
162 171 177 163 164 156 172 160 195 169 176 172  0
169 174 175 172 168 156 181 168 199 173 171 179  1
172 176 182 178 175 177 183 174 198 177 183 178  2
176 187 190 179 178 186 186 175 208 183 187 186  3
177 187 190 184 174 183 187 175 204 183 187 183  4
176 185 189 184 178 180 187 174 203 179 188 184  5
177 191 190 182 177 180 179 166 202 172 183 185  6
180 199 190 181 178 180 187 171 207 177 186 186  7
180 184 190 182 178 156 183 170 208 185 187 188  8
185 192 190 187 183 184 187 178 211 183 191 195  9
185 191 190 183 178 184 186 176 211 181 190 192  10
189 193 190 186 183 186 188 175 212 183 192 190  11
