
Chip#1
134 118 110 112 104 111 109 111 112 111 116 152  0
106 111 234 307 114 201 368 116 133 320 127 111  1
96 105 1476 2052 138 1562 3340 259 984 3275 517 101  2
99 105 432 647 107 541 1224 132 434 1550 222 106  3
102 102 143 154 111 122 141 114 118 144 109 101  4
103 110 1168 1203 116 744 1367 146 774 2046 260 106  5
104 106 495 530 114 449 759 126 524 1480 194 100  6
102 104 122 132 107 114 117 109 107 101 107 106  7
104 104 1059 1059 114 720 906 117 109 103 103 99  8
99 102 676 616 109 690 893 114 101 99 102 100  9
108 106 103 109 107 104 111 102 103 97 102 100  10
109 104 108 104 102 100 106 102 101 96 103 15000  11
