
Chip#1
94 367 223 90 458 237 85 330 171 102 415 181  0
98 334 203 97 384 190 90 247 138 105 241 132  1
95 100 102 95 93 93 90 95 94 103 87 99  2
92 345 257 90 433 361 85 353 204 96 381 196  3
104 293 210 95 259 214 89 227 144 105 186 126  4
94 88 98 89 90 89 86 93 89 99 87 97  5
101 363 273 95 442 308 89 306 258 102 278 213  6
100 284 243 99 282 214 92 226 187 105 144 130  7
97 90 102 90 90 92 83 93 90 103 87 99  8
94 320 345 87 380 356 77 297 235 96 274 213  9
95 206 207 90 255 214 86 162 135 96 116 109  10
94 91 95 90 86 87 79 94 85 95 80 97  11
Chip#2
111 105 98 102 108 96 108 111 116 106 108 114  0
111 405 416 95 360 352 104 274 259 103 284 209  1
127 449 447 103 410 352 105 268 254 109 301 251  2
111 99 99 100 107 96 105 103 115 105 103 107  3
111 360 370 104 434 428 108 264 268 116 294 255  4
111 341 396 104 370 376 109 230 232 107 258 215  5
95 100 98 99 106 96 103 103 115 103 103 106  6
111 446 399 98 405 352 101 291 296 106 275 236  7
111 399 410 102 353 310 105 270 280 103 246 192  8
111 106 106 105 108 96 112 108 117 107 113 111  9
111 400 486 97 430 391 104 316 303 103 298 220  10
111 221 320 98 284 294 103 273 227 103 207 159  11
