
Chip#1
117 107 102 96 100 101 101 102 104 96 103 111  0
109 111 179 223 115 165 263 118 127 238 119 111  1
98 99 882 1207 118 936 1946 192 609 1922 340 99  2
104 99 283 417 105 350 722 113 295 930 165 100  3
105 105 127 133 108 121 128 112 117 122 113 104  4
101 100 688 716 107 461 797 125 468 1165 182 104  5
102 104 322 347 108 296 466 117 334 837 153 105  6
101 102 108 119 102 106 109 100 103 100 102 99  7
108 107 610 617 111 430 537 114 106 100 102 102  8
104 100 412 381 105 425 523 108 107 100 103 104  9
103 104 103 102 102 103 101 98 101 92 102 98  10
108 101 104 102 105 105 102 102 103 99 103 15000  11
