
Chip#1
114 114 112 110 103 114 115 108 113 119 111 113  0
114 119 115 111 112 115 119 111 112 107 116 115  1
114 107 110 108 109 112 118 112 114 104 111 119  2
108 109 110 108 103 106 114 108 128 108 113 120  3
111 109 113 111 108 115 114 106 115 110 108 119  4
119 119 116 113 118 118 112 118 130 118 116 119  5
108 107 107 104 106 109 129 105 116 110 125 112  6
119 112 120 117 110 114 118 106 118 112 117 119  7
113 114 110 104 107 112 108 103 116 110 108 116  8
122 120 117 107 112 109 112 114 114 121 117 120  9
123 127 118 116 115 118 121 112 122 119 120 126  10
119 117 113 108 106 109 122 103 108 107 112 112  11
Chip#2
110 110 106 116 108 108 106 105 115 106 111 105  0
96 102 106 104 102 99 97 97 108 94 104 102  1
100 108 105 106 105 103 103 106 110 103 111 104  2
98 99 99 105 101 103 101 98 105 97 101 99  3
100 106 107 105 114 104 103 103 108 100 103 110  4
98 110 107 106 105 105 100 101 108 100 111 108  5
90 92 92 94 95 94 92 90 96 92 98 91  6
99 105 107 104 109 106 96 100 108 98 107 103  7
97 103 102 101 105 104 103 101 105 94 105 102  8
97 99 101 101 99 100 94 103 101 98 101 101  9
87 98 98 93 97 99 89 98 102 92 103 95  10
100 102 103 108 110 105 101 105 104 98 109 101  11
