
Chip#1
109 106 98 99 97 99 104 104 100 101 100 110  0
98 101 165 196 101 142 236 105 112 222 107 99  1
105 107 804 1095 129 848 1753 190 560 1727 311 104  2
101 105 271 393 105 331 660 118 271 844 162 102  3
97 104 127 127 105 112 123 108 111 121 107 100  4
98 101 623 642 105 428 715 119 430 1041 168 102  5
98 105 297 315 104 267 425 111 300 766 153 99  6
99 104 114 112 110 108 108 105 102 100 106 101  7
104 107 556 553 109 392 489 112 106 100 106 101  8
101 104 373 352 103 388 480 108 100 100 101 100  9
102 105 102 109 104 108 108 105 104 103 105 102  10
106 105 102 102 100 99 100 104 98 96 102 15000  11
Chip#2
128 124 122 117 116 113 113 113 110 113 115 121  0
121 118 115 105 106 104 106 102 102 104 107 114  1
118 113 114 108 113 108 111 111 106 107 106 109  2
107 105 159 671 297 127 723 489 107 456 546 117  3
112 110 261 1277 685 175 1033 753 116 588 629 122  4
112 109 116 272 162 116 171 141 110 126 130 115  5
105 101 115 349 212 117 727 680 106 620 1029 137  6
103 104 202 994 621 159 1828 1765 123 1234 1887 209  7
101 101 110 303 185 109 314 269 106 171 261 105  8
112 111 119 115 117 143 434 561 119 434 847 162  9
112 106 114 114 118 143 1376 1844 176 1089 2095 352  10
118 115 117 116 119 118 348 477 119 222 447 15000  11
