
Chip#1
116 117 125 119 112 114 115 112 112 118 112 116  0
111 119 109 104 818 786 116 108 110 107 120 116  1
117 116 123 119 1089 959 114 115 119 112 113 123  2
114 116 123 119 127 124 115 116 116 115 111 119  3
107 106 112 110 587 499 129 108 108 110 120 110  4
108 119 115 110 536 427 108 115 114 115 107 110  5
119 110 118 111 112 109 114 106 115 110 111 116  6
117 891 1330 117 112 116 115 109 118 113 111 116  7
116 734 1098 108 102 115 111 108 111 108 113 112  8
111 123 128 111 110 108 114 105 118 113 112 119  9
122 492 831 119 110 122 121 119 128 122 120 129  10
122 278 579 110 104 118 115 111 110 116 104 113  11
Chip#2
96 99 98 99 97 98 97 95 96 97 98 103  0
97 97 97 95 549 858 98 100 93 95 99 98  1
107 108 101 108 435 704 105 108 106 111 106 103  2
94 104 95 104 104 99 95 101 99 97 99 103  3
100 108 101 112 324 349 105 105 105 105 107 104  4
98 99 100 105 245 255 101 98 101 99 95 97  5
99 99 102 102 99 101 101 99 104 97 97 99  6
103 616 849 108 102 104 101 104 104 103 103 102  7
97 254 302 105 104 107 104 106 105 104 105 104  8
96 97 98 101 98 100 102 98 99 94 98 99  9
96 518 356 106 92 99 100 101 104 99 99 101  10
93 198 211 101 96 98 94 99 98 94 99 95  11
