
Chip#1
120 106 99 103 103 101 106 108 103 99 106 117  0
103 107 184 233 107 163 273 107 117 254 114 104  1
98 105 985 1353 123 1046 2165 205 664 2118 368 104  2
98 101 306 458 105 383 796 116 312 1022 175 104  3
108 109 133 143 112 117 134 111 113 136 114 108  4
104 106 739 802 109 500 873 130 516 1287 194 100  5
99 104 349 371 108 311 508 116 354 925 157 104  6
105 109 119 124 109 114 116 112 111 109 106 101  7
97 104 663 663 109 457 583 110 108 101 102 99  8
96 100 438 411 100 454 567 104 100 93 102 93  9
98 96 95 99 93 98 101 95 97 90 98 90  10
102 97 99 97 96 97 99 95 96 90 97 15000  11
