
Chip#1
169 83 206 236 132 282 162 207 198 122 255 85  0
174 86 206 238 132 282 162 207 198 127 231 89  1
231 83 206 240 148 321 160 207 196 122 255 85  2
174 84 206 240 132 282 161 207 203 126 255 88  3
172 82 206 238 148 323 160 207 197 125 255 84  4
173 83 206 237 132 282 161 207 200 121 255 90  5
167 80 206 231 132 282 155 203 190 114 255 80  6
167 80 206 227 132 282 155 203 190 117 255 80  7
177 84 206 237 132 282 164 207 202 123 225 90  8
174 88 206 241 132 282 165 207 200 122 255 86  9
173 80 206 232 132 282 161 207 200 120 221 83  10
175 83 206 240 132 282 163 207 195 123 255 84  11
Chip#2
234 80 145 183 194 29 179 186 0 114 260 213  0
234 89 145 195 210 29 180 90 0 113 260 213  1
234 82 145 184 210 29 172 90 0 110 260 213  2
234 86 145 184 194 29 175 90 0 109 260 213  3
234 86 145 193 194 29 181 90 0 121 260 213  4
234 86 145 193 210 29 175 90 0 116 260 213  5
234 81 145 188 210 29 180 186 0 103 260 213  6
234 82 145 184 210 29 179 90 0 111 260 213  7
234 90 145 193 210 29 185 90 0 119 260 213  8
234 82 145 192 194 149 179 90 0 116 260 213  9
234 86 145 194 210 149 180 186 0 119 260 213  10
234 90 145 202 210 29 179 90 0 113 260 213  11
