
Chip#1
95 102 94 103 99 97 96 100 99 94 96 98  0
101 102 97 100 100 105 96 99 101 94 96 96  1
101 102 102 106 111 103 103 105 102 98 104 100  2
98 105 103 104 104 103 99 100 105 102 105 99  3
98 103 99 106 100 101 93 101 101 102 94 96  4
107 107 105 110 108 111 100 108 106 102 102 102  5
106 111 107 114 110 112 105 105 111 108 108 108  6
102 102 101 106 105 107 98 101 105 102 98 101  7
102 102 95 101 105 103 100 104 105 102 102 98  8
110 113 106 108 109 107 102 104 106 106 109 104  9
97 105 97 277 240 99 99 100 101 392 181 100  10
102 105 106 345 297 108 99 103 104 360 170 98  11
Chip#2
102 105 109 101 107 103 103 106 126 108 108 114  0
106 110 108 104 112 105 105 106 125 109 112 115  1
104 110 107 102 111 105 105 110 125 108 109 112  2
108 104 104 96 104 100 101 105 122 106 103 113  3
108 108 108 104 107 104 108 110 128 110 112 118  4
99 97 100 97 104 95 96 97 119 100 103 113  5
110 109 107 104 110 106 104 107 126 110 112 116  6
102 108 105 102 110 103 103 102 125 105 105 115  7
102 108 104 101 112 101 96 107 121 103 109 122  8
103 106 105 104 647 1145 123 106 123 109 870 1156  9
107 108 111 101 573 1104 129 105 125 112 585 684  10
104 109 107 99 109 109 101 103 125 105 108 126  11
Chip#3
110 111 108 91 109 125 108 109 109 107 110 105  0
113 125 115 101 112 133 110 119 116 108 110 103  1
111 119 118 100 112 136 105 116 120 114 113 109  2
117 121 118 104 117 137 104 126 126 115 110 113  3
115 126 122 101 116 140 114 128 128 123 165 147  4
119 122 121 110 120 139 117 128 125 123 157 135  5
119 125 127 104 119 143 114 128 128 121 127 116  6
119 121 118 109 119 137 113 128 123 115 114 107  7
113 118 116 101 110 131 107 123 119 111 116 115  8
107 115 111 96 106 129 107 112 117 111 112 110  9
107 116 115 100 107 131 108 117 117 108 165 141  10
108 125 118 103 107 129 117 117 120 111 140 125  11
Chip#4
130 125 113 112 113 122 111 118 109 122 115 110  0
130 123 113 113 117 122 108 110 114 114 116 112  1
115 117 110 112 112 117 112 109 110 116 116 110  2
114 111 110 108 112 112 110 111 110 119 117 104  3
119 123 113 114 119 122 112 116 114 119 122 118  4
130 123 115 114 113 122 110 110 112 120 116 112  5
118 123 117 114 117 122 108 111 110 120 120 106  6
130 126 121 118 122 122 116 120 120 124 127 117  7
130 123 117 113 114 122 107 115 112 118 115 109  8
111 123 110 108 111 122 107 107 109 114 114 109  9
114 123 112 107 111 122 102 109 102 116 116 104  10
122 114 113 110 117 118 110 114 117 121 121 111  11
