
Chip#1
116 112 105 103 107 108 106 104 104 108 108 115  0
95 94 150 186 101 138 215 98 103 206 103 93  1
103 101 720 979 119 749 1541 177 507 1518 287 104  2
105 105 252 355 105 304 591 115 254 750 154 104  3
102 97 118 123 101 111 121 107 108 118 107 102  4
98 101 551 576 98 383 636 115 389 936 162 101  5
98 100 268 287 97 246 384 107 276 676 143 96  6
102 102 115 114 107 106 111 104 106 104 109 102  7
95 104 493 504 107 353 442 112 104 99 106 102  8
102 102 344 326 105 349 430 110 107 107 107 102  9
99 97 100 99 94 101 104 102 100 93 100 96  10
109 106 105 104 103 108 102 102 102 104 105 15000  11
