
Chip#1
137 141 103 117 104 102 117 108 99 99 104 102  0
641 815 198 366 347 108 105 107 96 105 107 97  1
709 939 261 347 363 115 115 113 110 115 115 103  2
162 212 107 123 120 107 105 104 102 105 107 101  3
253 300 132 281 279 115 113 121 108 113 111 101  4
252 275 127 269 263 110 109 113 101 104 105 99  5
124 143 108 201 188 115 112 116 110 110 111 110  6
320 397 168 900 917 150 114 125 106 113 116 102  7
302 357 141 588 616 123 112 124 104 106 111 101  8
119 144 104 149 153 108 105 113 106 110 106 102  9
195 233 144 499 596 151 118 129 106 110 109 100  10
166 192 118 415 476 120 108 124 100 103 104 15000  11
Chip#2
499 363 310 550 370 115 106 100 112 110 105 112  0
567 511 431 636 493 129 110 104 113 115 110 114  1
411 315 185 380 243 111 113 105 114 116 111 115  2
415 301 279 468 292 121 109 104 107 112 106 112  3
493 427 407 556 432 131 110 102 105 110 103 109  4
372 295 250 391 258 127 119 108 118 112 111 110  5
531 318 289 529 360 131 110 105 109 110 103 104  6
727 559 444 784 627 158 112 102 108 110 105 108  7
496 305 208 557 361 113 105 102 112 108 107 106  8
262 181 314 604 305 109 108 103 111 110 106 108  9
348 283 665 919 637 118 108 100 109 104 103 101  10
331 208 378 715 344 116 113 111 120 131 110 15000  11
Chip#3
2049 2058 410 2353 2181 247 1988 2545 336 1299 1312 208  0
1950 2278 406 2129 2105 231 1751 2099 263 1266 1144 155  1
494 514 129 372 426 123 430 368 128 377 459 129  2
3211 3017 305 2445 2808 382 3072 2805 283 2537 3287 379  3
2443 2488 239 1703 2021 231 2171 1888 213 2130 2606 237  4
156 155 120 152 150 119 133 144 119 153 148 115  5
110 111 117 123 128 122 115 118 117 117 108 118  6
115 115 119 130 131 125 118 116 116 118 109 118  7
113 111 121 123 130 123 117 121 116 117 107 115  8
115 114 124 131 128 122 118 124 116 122 106 114  9
116 113 119 121 132 121 113 114 116 119 109 121  10
119 116 120 124 122 117 114 120 121 118 106 15000  11
Chip#4
103 121 106 113 116 107 117 102 108 108 118 107  0
162 154 117 183 169 113 197 167 119 150 162 110  1
184 182 130 192 183 126 197 175 120 158 159 114  2
118 182 103 125 128 111 117 102 105 118 128 102  3
179 171 117 184 169 118 171 166 125 196 205 118  4
184 180 122 179 169 121 170 167 127 169 173 118  5
108 118 108 124 121 111 115 106 109 109 119 107  6
103 118 109 112 116 111 110 107 115 106 118 110  7
107 118 106 114 116 111 111 107 112 109 119 112  8
111 180 113 117 119 113 118 108 117 113 122 118  9
113 118 113 116 119 112 115 110 115 113 123 116  10
113 118 110 117 121 111 114 103 111 110 120 15000  11
