
Chip#1
164 71 206 231 124 274 156 206 194 112 214 80  0
172 76 206 237 124 282 159 207 196 117 221 80  1
168 76 206 232 124 274 154 206 192 112 219 79  2
171 83 206 236 124 274 157 207 194 119 219 81  3
175 83 206 241 132 282 161 207 203 120 228 88  4
172 82 206 235 124 282 165 207 198 122 227 86  5
171 77 206 237 132 282 155 205 191 122 255 82  6
178 87 206 241 132 282 163 207 200 122 255 91  7
173 81 206 236 124 274 162 207 194 120 221 85  8
171 81 206 238 132 282 157 207 197 117 255 86  9
165 78 206 231 132 282 156 206 192 112 255 79  10
168 77 206 234 132 282 162 207 195 116 255 80  11
Chip#2
234 86 145 188 210 29 180 90 0 114 260 213  0
234 81 145 183 210 29 175 185 0 106 260 213  1
234 90 145 197 210 29 180 90 0 115 260 213  2
234 86 145 192 210 29 180 199 0 116 260 213  3
234 86 145 198 210 29 180 90 0 115 260 213  4
234 82 145 192 210 29 172 90 0 110 260 213  5
234 90 145 198 210 29 180 90 0 120 260 213  6
234 95 145 202 194 149 188 202 15 133 260 213  7
234 82 145 183 194 149 180 186 0 109 260 213  8
234 77 145 183 194 149 169 180 0 104 260 213  9
234 82 145 188 194 149 175 185 0 109 260 213  10
234 90 145 198 210 29 185 90 0 125 260 213  11
