
Chip#1
111 106 115 108 102 102 116 103 109 110 111 112  0
107 110 109 104 103 111 123 103 108 101 125 115  1
110 105 112 108 103 108 110 102 113 101 104 117  2
105 107 113 107 100 109 107 103 113 107 105 112  3
107 99 109 107 103 108 112 105 102 107 107 110  4
102 107 119 119 118 106 102 111 107 107 92 106  5
104 100 110 107 109 111 108 108 112 102 104 116  6
108 99 113 110 108 111 114 103 112 101 104 112  7
110 109 115 104 106 115 110 103 112 110 111 113  8
116 110 116 107 108 108 110 111 113 113 107 117  9
104 110 106 104 90 106 103 100 113 104 96 120  10
114 112 110 102 102 108 120 109 107 112 103 110  11
Chip#2
92 95 96 99 98 90 96 97 94 87 94 92  0
94 98 94 98 97 96 96 98 98 94 92 97  1
98 101 99 101 101 96 99 101 99 103 103 96  2
101 104 100 106 98 97 100 100 103 100 98 102  3
99 104 101 105 103 103 104 101 101 99 100 99  4
109 111 112 116 111 110 111 111 111 113 111 110  5
104 105 107 109 103 101 104 104 103 103 100 105  6
105 109 103 112 103 102 103 101 99 101 107 102  7
97 98 97 105 94 97 98 99 97 94 94 97  8
105 107 100 105 99 99 102 103 99 104 97 99  9
94 99 95 98 97 94 94 97 96 95 93 93  10
98 101 95 101 97 95 98 100 96 94 99 103  11
