
Chip#1
103 103 102 104 100 99 99 99 99 98 96 96  0
101 99 99 99 103 97 96 104 98 98 97 99  1
109 105 106 108 103 102 104 108 102 103 98 99  2
101 95 99 99 102 97 93 99 98 95 98 93  3
102 102 98 105 103 103 103 104 101 102 101 100  4
101 98 94 104 99 98 100 101 101 98 97 91  5
107 105 99 106 105 102 102 104 104 99 102 102  6
105 101 102 105 103 102 98 103 104 101 101 98  7
103 99 99 112 104 101 100 101 101 95 102 98  8
102 102 98 104 104 98 99 100 98 99 106 102  9
101 99 103 796 689 99 103 103 101 1294 425 96  10
109 111 106 1075 931 101 107 107 106 1165 371 100  11
Chip#2
118 124 121 115 122 120 121 121 135 114 121 120  0
125 130 136 130 135 128 126 125 143 127 123 126  1
122 120 120 121 124 118 117 120 136 119 118 120  2
125 131 128 129 131 129 126 126 141 130 127 126  3
125 128 125 124 131 128 124 126 137 123 128 126  4
113 116 120 123 124 119 118 119 136 119 115 117  5
125 124 124 123 130 127 119 120 140 119 117 121  6
112 118 117 118 122 116 113 115 135 110 118 121  7
125 125 133 132 136 138 123 126 141 127 142 160  8
122 125 125 132 2247 138 200 123 136 128 3140 160  9
117 120 121 121 1988 138 218 120 132 121 2013 2421  10
125 128 121 129 136 138 121 121 136 127 131 160  11
