
Chip#1
115 107 102 107 103 106 105 105 101 104 108 112  0
101 101 141 166 101 130 186 105 106 178 108 100  1
105 114 542 727 119 570 1140 153 388 1111 233 105  2
99 100 208 286 102 246 454 110 212 553 144 102  3
98 102 114 119 100 105 108 98 102 112 103 98  4
101 105 434 452 105 308 492 114 309 708 153 101  5
102 102 226 239 104 207 305 109 251 519 135 101  6
99 102 109 114 103 103 106 101 102 97 103 96  7
103 105 394 397 108 280 345 107 106 99 103 104  8
102 101 269 260 102 275 333 100 101 99 105 100  9
105 109 105 106 103 106 106 104 103 103 105 104  10
102 102 98 101 100 100 101 98 99 97 105 15000  11
