
Chip#1
139 118 105 106 105 111 107 108 109 109 114 129  0
111 105 237 308 111 201 386 115 139 332 122 110  1
102 110 1562 2172 145 1663 3559 273 1044 3495 544 107  2
102 101 452 680 110 570 1290 133 460 1657 227 101  3
98 101 140 154 105 120 137 109 116 140 108 96  4
99 104 1223 1270 112 787 1441 144 816 2165 266 96  5
97 101 516 545 110 456 788 116 547 1534 193 93  6
103 106 121 131 111 107 112 104 118 104 107 99  7
101 106 1122 1113 116 725 956 113 113 100 101 100  8
102 104 710 647 105 723 931 111 103 100 98 100  9
108 107 105 112 105 105 107 109 106 107 105 100  10
118 112 100 107 110 106 107 109 103 108 109 15000  11
