
Chip#1
121 135 106 112 104 102 105 104 99 101 101 108  0
467 571 161 263 251 98 103 104 94 105 106 98  1
516 658 208 253 258 108 113 113 100 113 112 104  2
136 174 106 113 111 98 106 105 97 100 102 101  3
195 220 113 222 205 110 114 113 99 107 101 99  4
171 207 113 207 206 104 106 110 97 101 105 97  5
105 142 103 159 152 108 107 114 104 105 101 101  6
244 284 137 602 616 126 114 124 100 112 107 96  7
244 271 131 404 428 120 115 121 106 113 112 107  8
103 122 97 125 131 98 108 110 96 99 102 99  9
160 194 125 346 417 134 119 130 106 115 110 104  10
150 167 118 308 334 123 121 129 105 109 112 15000  11

Chip#1
119 167 100 103 104 99 121 104 96 95 99 101  0
484 590 162 272 255 103 106 112 101 110 107 98  1
503 668 207 257 258 108 112 114 100 109 112 103  2
140 177 100 112 106 99 102 103 99 99 102 91  3
199 227 118 222 208 108 117 114 101 106 105 98  4
182 218 122 214 207 116 119 119 106 110 109 102  5
108 142 99 158 147 110 106 124 109 105 100 104  6
244 289 147 619 623 134 113 124 106 113 112 101  7
244 267 122 407 430 112 106 108 101 109 104 98  8
114 142 104 131 132 104 111 124 106 104 105 103  9
169 194 131 352 419 138 123 132 108 115 111 104  10
142 161 112 298 327 107 107 125 104 105 105 15000  11

Chip#1
115 161 95 106 104 98 107 103 95 101 100 94  0
475 584 159 265 247 100 107 106 95 106 103 90  1
505 676 211 258 263 112 112 112 108 113 109 101  2
137 180 104 114 105 102 106 124 106 105 106 99  3
198 226 119 222 211 111 113 112 105 111 105 97  4
186 215 128 222 212 115 117 126 115 115 113 103  5
111 142 104 160 153 108 103 110 109 110 105 102  6
228 284 146 616 625 123 103 112 101 106 110 92  7
228 269 123 410 428 114 106 109 101 109 107 99  8
105 142 99 127 124 103 107 108 99 101 102 94  9
166 196 128 345 413 135 121 133 108 113 113 99  10
141 164 113 298 321 110 107 112 104 103 104 15000  11

Chip#1
121 123 98 108 104 99 107 107 102 97 95 97  0
484 597 165 272 251 103 108 109 104 109 107 99  1
512 681 214 250 258 110 114 113 104 115 112 99  2
136 179 106 116 111 102 103 104 104 103 102 99  3
196 220 117 222 207 102 111 110 102 106 101 99  4
180 214 118 222 208 112 111 124 105 105 106 102  5
116 137 108 164 162 116 112 124 126 106 109 105  6
243 289 146 620 629 132 117 127 104 115 116 99  7
243 276 127 415 438 119 117 125 111 110 115 110  8
111 119 103 130 131 104 105 105 101 104 99 104  9
170 194 131 352 413 136 124 132 104 112 112 103  10
139 159 108 288 316 103 102 124 97 101 99 15000  11
