
Chip#1
99 101 92 97 98 97 96 101 101 95 96 96  0
101 97 94 99 96 99 95 101 94 101 97 94  1
97 97 94 99 99 93 95 99 94 96 93 95  2
99 99 94 101 99 97 96 99 95 91 96 93  3
102 105 99 106 103 101 100 105 104 99 104 99  4
98 98 90 99 98 95 98 99 94 88 90 91  5
89 91 88 91 93 91 88 93 90 86 86 89  6
101 103 95 103 102 99 104 105 104 99 100 101  7
98 98 92 106 96 95 99 96 97 102 97 94  8
93 94 95 99 94 94 85 91 91 89 96 89  9
102 97 99 276 238 103 98 100 101 391 183 99  10
98 99 95 339 297 97 95 95 101 354 162 91  11
Chip#2
104 106 107 106 112 106 101 109 103 104 105 108  0
104 105 107 107 105 106 101 106 121 106 103 113  1
110 106 107 104 110 103 103 106 123 108 103 102  2
117 112 113 115 118 113 109 114 123 117 112 113  3
106 105 104 106 108 101 98 102 119 105 101 113  4
108 102 109 107 113 101 104 106 123 108 104 113  5
106 108 100 106 109 105 100 107 121 105 104 113  6
110 106 109 105 114 108 101 107 125 108 106 102  7
102 109 111 108 117 109 99 108 119 106 110 116  8
113 105 113 109 646 1146 124 110 125 109 862 1150  9
104 105 103 106 577 1120 128 106 119 105 578 687  10
108 106 112 106 120 114 104 107 107 108 109 122  11
Chip#3
108 114 108 100 107 122 107 107 110 106 110 113  0
115 119 111 116 109 125 123 117 116 111 113 107  1
110 118 112 100 109 131 108 117 119 110 110 113  2
110 122 119 101 113 132 110 119 126 117 112 121  3
103 115 111 93 100 127 95 119 112 103 156 142  4
103 114 112 106 98 129 101 119 122 110 146 136  5
106 111 108 97 93 124 95 115 115 104 103 102  6
107 116 116 99 110 133 101 117 120 107 106 106  7
106 125 118 97 112 135 110 122 119 108 110 112  8
106 112 111 90 103 125 105 109 109 113 104 110  9
110 119 118 99 100 135 111 116 119 110 169 152  10
101 112 112 90 100 125 102 113 112 104 137 119  11
Chip#4
146 123 113 106 106 122 108 106 104 112 107 107  0
107 123 111 108 110 122 104 109 108 108 107 106  1
130 123 117 118 118 122 118 117 116 124 122 116  2
130 123 113 109 110 122 107 110 105 115 113 106  3
112 109 111 108 114 122 111 115 111 113 114 110  4
108 116 115 110 110 115 113 113 110 115 115 112  5
105 105 111 107 104 108 106 105 101 108 108 105  6
111 105 112 106 110 113 107 111 110 112 112 109  7
111 123 116 108 113 122 107 109 110 112 112 111  8
130 112 113 109 112 122 108 109 108 116 109 111  9
113 111 116 106 112 109 106 109 114 114 116 115  10
115 116 113 109 110 110 108 107 111 115 113 110  11
