
Chip#1
111 106 102 98 97 103 97 100 101 105 110 111  0
115 107 106 110 105 102 102 105 104 110 111 111  1
109 98 101 102 104 104 102 102 102 108 105 101  2
107 105 470 385 106 527 422 113 474 374 108 104  3
103 97 475 424 102 371 289 102 316 244 101 101  4
102 102 101 102 96 101 97 98 97 104 106 103  5
95 97 352 364 100 118 115 98 110 119 98 96  6
103 99 329 334 105 122 115 105 108 117 106 103  7
103 98 102 99 100 102 98 101 98 104 102 100  8
99 102 99 102 98 119 120 101 113 120 100 101  9
106 97 100 102 102 113 110 102 107 115 105 104  10
103 101 103 102 102 101 100 101 97 103 104 15000  11
Chip#2
108 103 111 106 114 111 115 109 109 110 110 109  0
102 94 102 100 107 104 109 97 97 103 103 104  1
107 106 106 101 104 108 112 106 101 106 110 106  2
112 106 105 98 110 212 178 111 132 131 108 106  3
114 102 112 105 111 174 153 115 126 125 111 111  4
107 102 106 104 105 105 107 108 103 103 104 104  5
109 107 332 248 107 137 131 106 135 132 111 106  6
111 107 275 203 108 126 121 106 121 121 110 105  7
107 103 111 106 107 112 112 108 108 107 107 106  8
111 107 429 341 105 436 354 111 340 294 106 106  9
112 113 367 263 114 343 284 113 279 260 110 113  10
118 106 111 104 110 110 113 109 109 107 112 15000  11
