
Chip#1
109 105 100 104 100 101 106 100 104 96 103 108  0
99 102 147 177 105 136 206 105 116 206 111 104  1
106 111 637 860 119 667 1345 169 447 1309 262 107  2
93 99 222 312 101 273 518 110 251 644 153 95  3
103 105 116 124 107 114 120 107 109 121 108 101  4
103 105 491 530 107 351 563 119 354 810 155 101  5
105 107 253 290 107 234 349 116 265 591 153 105  6
90 102 100 103 100 99 99 97 96 97 97 90  7
96 101 441 446 102 317 390 105 99 100 103 95  8
105 105 309 292 107 315 386 109 103 99 105 100  9
95 97 99 104 97 101 101 98 96 99 98 95  10
98 102 100 101 101 103 101 101 97 97 100 15000  11
