
Chip#1
131 112 105 106 102 103 106 107 104 100 111 121  0
106 100 221 287 107 184 350 110 132 295 116 104  1
102 109 1395 1925 140 1477 3134 251 928 3079 487 106  2
103 104 409 616 112 512 1156 133 416 1480 211 105  3
104 107 142 153 110 121 137 113 113 138 113 105  4
105 112 1104 1135 120 713 1285 146 747 1935 253 110  5
110 115 478 510 116 425 723 129 507 1389 194 111  6
104 101 130 129 109 111 117 111 113 107 109 106  7
101 107 1000 1003 115 657 852 114 107 108 107 107  8
111 110 648 593 114 666 850 121 108 105 113 110  9
104 104 106 104 107 104 107 107 104 101 111 105  10
112 106 103 106 104 104 102 105 99 103 108 15000  11
