
Chip#1
105 110 99 98 107 100 98 100 101 105 103 101  0
110 114 108 102 115 105 104 106 106 108 110 111  1
106 113 160 148 109 141 170 107 141 170 105 105  2
99 113 724 746 111 685 922 123 704 895 126 101  3
110 117 479 514 115 476 618 121 496 623 122 110  4
107 113 141 140 108 119 119 107 120 126 105 107  5
100 108 624 676 108 109 109 97 102 112 97 99  6
109 119 549 584 123 116 114 107 112 116 108 110  7
109 114 126 121 109 104 106 104 103 109 104 106  8
115 122 118 109 116 124 125 117 116 126 110 111  9
102 104 104 97 105 105 109 102 106 105 102 101  10
99 102 102 98 103 100 99 102 98 101 98 97  11
Chip#2
116 118 123 115 120 117 108 115 121 119 121 122  0
111 118 116 112 114 109 102 107 113 113 109 116  1
102 110 111 103 103 106 95 106 110 109 112 111  2
105 117 117 108 109 115 100 106 116 109 109 116  3
117 127 123 117 123 128 107 119 130 117 119 124  4
111 135 147 115 113 117 103 110 121 118 111 113  5
108 915 1074 125 113 118 102 110 112 110 108 112  6
109 1077 1271 129 116 126 98 118 122 108 109 112  7
115 182 186 117 131 137 108 131 132 117 112 115  8
117 847 971 128 783 916 117 725 776 117 112 113  9
134 1201 1302 145 1383 1562 136 1266 1495 143 121 121  10
113 148 181 114 211 213 105 223 230 117 113 115  11
Chip#3
106 94 104 97 102 98 103 105 99 102 102 109  0
109 97 197 164 111 188 174 113 156 193 107 119  1
106 149 668 615 155 669 640 138 529 668 161 114  2
101 111 500 482 119 503 461 114 423 482 124 111  3
98 92 106 97 99 91 100 102 121 135 100 106  4
103 96 112 107 106 105 109 125 559 685 151 119  5
107 96 109 101 103 104 108 113 516 600 132 114  6
103 95 107 102 106 101 103 108 101 107 105 113  7
106 100 109 106 107 102 111 105 101 103 103 111  8
103 97 111 101 108 102 108 109 94 101 107 117  9
107 100 111 103 106 111 109 109 98 110 108 114  10
106 93 103 94 100 98 100 105 95 103 102 101  11
Chip#4
99 106 99 106 109 107 102 110 107 108 106 107  0
99 103 102 105 112 106 103 104 110 109 102 108  1
99 103 99 152 142 103 158 152 103 139 136 109  2
99 94 115 1107 997 120 1108 1102 117 936 1046 132  3
98 92 102 775 738 106 728 761 113 761 803 119  4
99 102 100 134 129 105 106 111 106 108 110 108  5
99 109 137 1114 869 114 107 116 114 117 110 109  6
95 93 117 941 699 103 95 101 99 104 102 102  7
99 102 102 111 115 106 102 107 101 105 103 111  8
99 102 99 105 109 106 103 105 107 109 104 107  9
99 94 99 93 102 101 96 105 99 97 97 104  10
101 109 103 111 115 115 107 113 110 109 103 108  11
