
Chip#1
98 101 97 96 102 98 95 97 102 99 94 94  0
106 105 98 106 112 105 103 113 105 105 105 104  1
99 106 102 109 105 101 109 109 109 105 102 104  2
98 105 99 97 102 98 98 101 101 99 100 100  3
102 103 97 101 103 95 98 103 104 103 97 98  4
102 105 98 99 103 103 99 100 101 99 101 101  5
102 103 99 103 109 102 99 105 99 103 98 99  6
98 101 95 100 104 98 96 99 102 99 94 93  7
106 105 102 105 113 103 106 104 108 106 105 102  8
99 110 101 103 109 102 100 105 109 102 100 103  9
95 102 102 100 96 97 96 100 99 99 94 93  10
106 106 101 103 105 101 98 105 105 103 100 99  11
Chip#2
103 108 104 101 110 108 96 108 119 106 106 113  0
104 102 99 101 109 105 103 105 119 108 99 113  1
106 109 103 104 109 110 101 110 104 109 103 108  2
94 96 97 95 100 97 94 93 96 95 95 98  3
111 104 108 106 112 105 109 112 123 108 106 113  4
110 110 113 114 114 111 105 114 123 110 105 113  5
106 106 108 102 109 105 100 107 119 100 106 114  6
107 102 101 109 110 104 99 107 119 104 103 113  7
103 106 101 105 108 108 101 108 119 105 106 113  8
115 105 108 108 116 109 106 112 122 108 109 113  9
104 102 101 100 104 103 95 102 98 100 100 108  10
112 109 103 105 107 106 100 106 100 106 105 107  11
