
Chip#1
131 112 103 104 103 105 102 104 111 107 116 124  0
103 100 235 305 108 193 371 107 133 329 117 104  1
114 114 1571 2184 155 1674 3560 279 1046 3511 556 116  2
99 110 457 682 112 572 1302 132 465 1658 233 110  3
97 106 149 159 116 121 143 112 122 145 112 106  4
104 111 1231 1298 120 793 1446 150 821 2179 275 112  5
101 106 525 549 112 457 796 125 553 1543 197 102  6
104 110 128 136 117 112 121 111 117 113 108 105  7
98 109 1119 1113 114 727 955 118 111 107 105 102  8
102 105 717 649 109 720 936 117 106 105 105 104  9
102 104 105 107 100 103 106 108 104 99 100 101  10
110 106 99 101 105 103 106 105 106 103 107 15000  11
