
Chip#1
95 101 98 95 103 98 92 95 90 91 96 94  0
101 105 94 101 104 99 102 103 99 101 101 100  1
110 109 101 108 109 101 109 112 105 110 106 101  2
97 99 97 99 99 103 93 101 98 98 100 98  3
107 106 99 106 104 107 103 108 102 103 104 101  4
109 111 98 105 111 106 106 111 108 109 110 99  5
107 107 101 103 111 103 100 105 98 101 100 99  6
101 105 97 101 100 97 99 101 101 99 96 99  7
102 106 98 103 105 103 106 103 101 105 105 98  8
99 105 94 101 103 101 98 104 99 94 101 99  9
106 107 102 105 107 107 106 109 102 105 106 102  10
106 105 102 105 109 105 103 105 104 103 102 98  11
Chip#2
165 171 174 162 167 172 167 164 179 167 166 164  0
166 174 177 166 165 176 176 166 186 170 167 172  1
172 183 190 172 173 180 179 173 191 177 176 172  2
175 180 185 176 173 183 177 170 190 172 176 172  3
179 183 190 182 178 183 181 178 194 181 178 181  4
189 189 190 182 181 189 181 175 191 178 181 179  5
185 197 190 184 182 189 176 177 195 181 183 186  6
190 196 190 182 183 185 182 171 194 181 185 181  7
190 191 190 178 174 185 174 171 190 178 178 181  8
189 192 190 181 181 188 178 177 195 185 186 188  9
190 189 190 181 177 188 178 180 196 182 187 185  10
190 181 190 176 172 180 172 168 191 174 172 169  11

Chip#1
105 109 101 104 100 103 100 104 102 99 102 99  0
110 113 103 108 107 105 104 107 102 103 106 101  1
109 105 102 112 104 103 110 108 102 110 102 95  2
99 98 102 104 103 101 98 101 101 98 98 96  3
107 107 107 108 109 103 106 109 105 103 105 100  4
102 110 102 109 109 99 106 109 98 105 102 95  5
102 99 99 101 103 101 99 101 100 99 98 94  6
105 101 98 101 105 101 100 103 101 98 101 96  7
102 103 95 103 107 101 103 107 98 103 102 91  8
99 107 98 103 103 99 99 104 98 96 96 94  9
95 102 95 97 103 94 100 100 97 101 101 91  10
103 106 103 105 107 98 106 108 105 103 101 93  11
Chip#2
170 181 177 172 166 171 173 168 190 169 168 173  0
169 181 179 176 172 180 174 173 191 173 172 170  1
190 187 190 179 179 182 187 180 200 176 177 176  2
169 174 183 174 168 179 178 169 193 165 168 169  3
197 189 190 182 179 183 178 175 202 178 182 173  4
182 193 190 191 182 184 185 179 202 185 182 181  5
185 200 190 189 182 190 185 180 202 186 186 183  6
180 193 190 183 178 187 174 171 194 174 181 180  7
186 185 189 184 179 180 176 174 193 177 181 176  8
177 187 185 174 170 177 173 174 194 174 180 175  9
182 193 190 183 177 186 179 177 200 178 182 184  10
184 184 186 181 174 180 177 174 194 176 176 173  11

Chip#1
101 106 101 105 107 102 102 105 106 101 100 103  0
98 109 98 101 105 101 102 107 102 105 100 99  1
114 114 103 112 116 106 113 113 111 113 105 102  2
97 101 98 100 100 105 95 103 101 98 101 98  3
99 106 97 103 104 102 96 104 102 102 101 98  4
103 105 95 101 102 95 102 104 102 101 101 93  5
97 105 95 97 102 99 100 104 105 95 101 101  6
99 102 99 103 105 102 96 101 97 98 100 98  7
109 109 106 109 112 108 109 113 108 112 104 102  8
105 110 107 104 104 107 103 107 104 103 102 101  9
102 103 105 103 105 98 102 104 105 103 101 98  10
107 109 107 113 107 108 107 113 106 113 104 99  11
Chip#2
165 171 174 168 163 169 169 164 186 168 167 164  0
169 174 179 173 174 177 177 174 191 170 176 169  1
174 180 182 173 177 182 179 176 190 177 176 170  2
172 181 186 181 174 180 177 173 194 177 177 170  3
179 189 189 186 179 189 182 179 199 186 180 179  4
179 185 189 184 175 180 177 175 193 181 177 178  5
182 192 190 183 173 186 173 171 191 172 180 178  6
185 196 190 187 180 187 181 179 199 181 183 179  7
181 189 190 189 178 183 181 174 202 179 182 179  8
185 188 189 186 178 185 176 177 198 177 180 180  9
179 187 189 181 178 182 179 176 198 177 183 181  10
180 179 181 177 175 181 176 171 190 173 177 174  11

Chip#1
101 103 95 104 104 105 100 104 104 102 97 99  0
110 105 102 109 107 105 110 109 104 105 104 99  1
109 111 97 113 109 99 110 108 102 115 104 96  2
105 105 107 103 105 108 99 105 105 101 102 100  3
99 94 98 103 103 94 98 100 99 99 98 91  4
105 105 97 110 105 99 102 107 102 108 101 98  5
101 103 101 101 100 101 98 103 106 103 97 98  6
102 107 102 105 108 101 102 103 102 106 101 102  7
103 103 103 106 108 102 105 101 104 105 101 98  8
106 106 106 108 109 107 104 107 104 109 102 99  9
103 106 98 105 105 103 106 109 102 109 100 100  10
103 107 99 101 104 95 102 104 99 106 97 95  11
Chip#2
165 174 169 164 164 169 164 163 185 163 163 164  0
159 166 173 163 161 175 168 164 185 164 160 163  1
175 180 183 178 174 184 181 179 196 183 177 176  2
176 183 189 176 177 186 180 175 195 177 176 173  3
182 189 189 186 181 190 186 183 204 185 181 184  4
177 183 185 179 172 179 176 170 195 174 177 178  5
186 201 190 188 182 192 181 180 204 186 186 189  6
190 193 190 183 178 187 178 177 199 176 181 181  7
190 191 190 182 174 181 176 175 193 179 182 185  8
186 188 190 183 179 189 182 178 196 181 181 189  9
190 188 190 182 183 188 182 175 200 185 181 186  10
190 187 190 179 173 187 178 175 198 179 181 181  11
