
Chip#1
115 109 105 102 101 107 104 103 104 99 107 111  0
106 111 171 210 110 152 261 113 119 238 118 111  1
104 109 808 1098 127 846 1755 188 559 1723 319 111  2
93 99 262 389 105 327 661 114 266 833 154 96  3
98 106 123 130 107 112 123 113 109 118 108 102  4
104 110 627 651 114 438 727 132 438 1044 181 110  5
105 110 309 323 110 273 430 118 311 766 153 111  6
101 106 117 115 107 114 107 107 106 105 105 102  7
98 110 555 559 107 392 487 111 104 99 108 105  8
97 107 376 348 101 381 472 104 100 97 100 96  9
97 104 105 98 102 101 106 100 100 101 102 105  10
105 106 106 102 108 106 107 104 102 101 105 15000  11
Chip#2
121 125 120 115 116 113 118 112 111 114 109 121  0
124 124 120 112 117 111 114 111 110 114 113 116  1
112 109 112 114 112 106 110 110 106 110 109 111  2
113 114 163 671 305 143 728 491 115 467 547 124  3
107 104 256 1260 677 159 1028 749 110 583 622 116  4
111 109 120 273 165 116 172 141 111 126 125 109  5
105 101 119 354 213 113 726 687 110 627 1029 140  6
107 109 199 996 629 159 1828 1774 129 1246 1899 213  7
113 112 121 311 193 116 323 295 115 183 266 111  8
112 114 117 117 122 117 434 561 116 434 853 158  9
113 118 117 117 118 121 1373 1846 178 1096 2097 353  10
110 109 114 112 112 108 342 474 113 218 441 15000  11
