
Chip#1
41 190 177 22 52 108 54 101 108 149 190 185  0
57 188 203 49 52 124 86 117 114 178 190 185  1
41 192 325 260 52 300 462 117 222 475 218 185  2
41 192 219 92 52 196 206 101 152 312 200 185  3
41 189 182 29 52 108 54 101 111 154 185 185  4
41 186 185 29 52 108 70 101 179 323 202 185  5
41 185 184 29 36 108 54 101 155 235 196 185  6
41 184 172 23 36 108 54 101 105 145 180 183  7
41 178 180 22 36 108 54 101 100 141 180 181  8
41 186 187 24 52 108 54 101 110 146 188 185  9
41 187 176 23 52 108 54 101 105 148 180 185  10
57 190 180 22 52 108 54 101 110 152 187 15000  11
Chip#2
239 101 201 81 36 259 128 134 169 157 151 102  0
239 100 202 82 36 259 128 134 167 158 146 102  1
239 98 200 140 37 259 129 137 169 157 151 102  2
239 89 218 369 130 259 475 419 163 369 414 94  3
239 92 274 619 314 259 705 470 167 400 426 104  4
239 94 197 126 49 259 146 142 164 156 150 97  5
239 94 205 212 85 259 133 141 169 162 160 99  6
239 93 223 458 263 259 141 148 162 162 162 94  7
239 96 200 188 62 259 131 138 166 153 147 97  8
239 99 202 83 41 259 133 142 161 159 157 94  9
239 93 199 76 36 259 138 150 167 165 167 99  10
239 98 201 82 41 259 133 142 167 156 152 15000  11
