
Chip#1
94 88 98 89 94 93 90 91 87 92 89 94  0
114 107 117 115 117 117 115 117 114 116 118 115  1
110 101 106 106 100 104 106 103 99 106 106 103  2
101 98 106 98 103 105 101 96 98 96 103 104  3
104 101 104 103 100 101 102 103 101 102 103 106  4
104 102 106 104 106 105 107 103 99 102 102 99  5
102 102 101 101 102 100 102 101 98 98 103 102  6
116 108 111 109 112 108 110 111 113 111 111 109  7
102 101 101 102 100 100 102 98 99 100 101 102  8
108 107 111 107 103 103 105 107 102 107 109 103  9
95 99 98 96 94 94 96 93 92 95 94 97  10
98 93 95 97 94 95 96 92 91 96 93 15000  11
Chip#2
115 107 114 111 88 109 116 99 115 108 111 109  0
111 108 113 109 88 114 115 103 113 108 112 108  1
104 97 107 106 100 100 106 99 107 102 106 107  2
111 97 110 101 100 103 111 99 108 100 104 104  3
111 103 110 110 100 103 108 99 107 106 106 102  4
110 106 111 108 100 108 110 100 110 108 107 108  5
109 102 108 108 101 100 110 99 110 101 107 100  6
119 108 116 114 101 111 119 103 118 115 117 112  7
109 105 114 113 101 106 110 100 112 107 109 103  8
111 106 115 111 101 116 117 101 112 109 112 107  9
116 106 115 110 101 114 114 99 113 108 111 108  10
121 111 122 117 101 112 117 99 119 117 115 15000  11
