
Chip#1
109 110 106 102 105 104 104 103 105 101 107 107  0
107 116 110 102 109 102 106 107 112 111 106 110  1
104 110 160 149 108 146 169 106 144 165 109 105  2
106 122 731 756 120 687 933 132 704 905 134 101  3
110 122 480 516 120 476 620 127 500 619 126 110  4
106 115 149 142 115 125 128 110 120 127 105 110  5
102 115 628 680 118 112 115 102 114 111 102 107  6
105 114 545 590 114 108 111 102 104 112 102 103  7
100 109 121 117 108 97 104 103 101 101 98 101  8
113 115 117 112 109 115 122 108 109 118 109 113  9
105 112 109 101 104 112 113 103 108 109 105 105  10
97 106 104 95 101 102 96 99 99 97 98 99  11
Chip#2
116 124 121 120 117 113 104 112 119 118 122 118  0
109 118 115 114 109 109 108 108 113 118 119 113  1
111 122 118 120 118 119 105 116 121 119 116 123  2
109 124 122 115 119 123 108 111 122 117 116 113  3
105 117 115 116 118 125 105 118 122 122 112 112  4
115 140 148 120 117 117 112 112 119 119 113 116  5
119 917 1079 129 115 117 107 115 119 113 108 112  6
120 1093 1271 139 125 127 107 121 128 118 114 115  7
115 182 194 123 153 144 117 136 139 123 118 116  8
115 848 979 133 784 917 117 728 778 118 111 111  9
121 1202 1303 142 1376 1561 131 1265 1493 134 114 112  10
120 182 187 117 220 222 117 225 246 123 119 113  11
Chip#3
108 94 109 99 106 107 109 117 103 107 105 118  0
103 96 197 162 107 196 174 114 156 196 112 115  1
109 147 666 610 162 669 642 146 533 669 163 114  2
105 121 508 482 125 512 472 124 421 489 125 114  3
105 94 108 97 102 105 111 110 120 146 96 109  4
98 94 111 98 100 107 108 118 560 684 148 106  5
103 93 111 97 100 102 111 112 519 606 129 110  6
102 92 106 98 104 104 109 110 101 114 100 107  7
112 101 118 110 113 112 113 116 103 118 109 117  8
102 94 111 98 99 107 109 110 94 106 100 111  9
102 96 111 99 103 103 111 114 95 106 102 110  10
113 93 113 102 113 110 116 112 102 109 109 113  11
Chip#4
99 110 104 108 112 111 104 108 106 105 106 114  0
99 107 103 102 107 107 98 105 107 102 106 107  1
99 105 99 150 140 102 158 148 101 139 133 104  2
99 109 126 1128 1005 131 1124 1116 132 946 1062 140  3
99 105 110 782 748 118 742 765 114 763 815 132  4
98 105 99 130 129 109 104 111 106 108 116 108  5
106 102 133 1110 865 106 106 107 105 110 110 114  6
106 103 119 943 707 109 103 99 106 102 104 111  7
95 97 98 112 109 105 100 101 101 102 100 105  8
99 103 100 108 112 107 103 108 109 108 106 110  9
99 102 99 99 110 103 102 105 101 106 104 105  10
99 107 100 106 112 109 106 110 109 104 106 112  11
