
Chip#1
121 102 98 98 98 98 102 101 100 95 105 113  0
99 96 184 236 100 160 293 105 116 254 108 96  1
96 96 1125 1554 128 1190 2487 218 763 2444 409 105  2
102 102 347 530 102 437 930 124 353 1190 191 105  3
106 112 136 146 109 121 136 115 116 137 114 110  4
96 104 875 928 108 580 1045 131 608 1543 213 100  5
99 101 403 427 104 356 592 118 410 1122 165 102  6
101 106 116 120 107 104 112 110 107 104 103 102  7
95 105 812 829 109 546 714 111 104 97 106 101  8
98 101 541 496 107 551 701 109 107 99 107 102  9
109 106 108 108 108 109 111 108 106 99 108 104  10
110 106 102 104 105 95 105 103 97 97 106 15000  11
