
Chip#1
120 102 99 97 98 101 102 102 102 99 106 115  0
103 105 181 230 108 156 272 108 118 238 114 106  1
103 106 990 1356 131 1045 2171 207 666 2117 372 104  2
102 102 307 453 102 384 795 117 312 1022 175 102  3
102 102 125 132 109 115 130 108 107 124 107 99  4
99 102 743 786 108 498 876 130 513 1278 195 100  5
95 96 341 355 102 302 495 107 346 907 144 93  6
110 110 118 125 112 115 115 111 113 109 112 111  7
99 110 667 665 108 457 583 113 104 93 103 99  8
98 102 442 412 103 457 569 105 102 97 100 98  9
104 105 106 109 103 109 105 104 103 100 107 100  10
103 99 97 96 101 97 97 100 96 96 98 15000  11
