
Chip#1
114 107 106 101 95 103 102 96 99 96 107 107  0
111 107 112 104 103 108 105 108 110 107 107 112  1
111 107 112 112 109 106 112 108 111 106 110 109  2
112 108 154 1455 345 111 111 585 637 109 111 106  3
104 101 116 765 112 104 107 396 485 101 103 102  4
106 101 109 103 103 103 105 102 103 100 101 99  5
107 105 112 107 105 103 106 105 103 101 109 103  6
106 101 111 469 206 104 100 350 499 101 103 98  7
106 103 136 977 511 106 107 1126 786 104 107 110  8
103 99 108 120 105 104 102 140 129 102 103 101  9
107 101 103 101 100 100 105 100 98 97 99 103  10
120 102 106 102 101 103 105 102 99 101 107 15000  11
Chip#2
123 118 120 113 101 118 119 108 119 113 121 118  0
125 111 113 113 101 114 113 101 118 112 118 111  1
119 115 113 110 101 109 114 91 117 110 120 118  2
117 116 116 131 729 184 115 100 295 323 119 115  3
117 115 115 158 671 178 113 101 374 489 111 112  4
111 105 111 111 88 112 113 102 121 108 111 105  5
119 112 116 116 88 113 116 102 119 113 114 112  6
117 105 114 108 250 114 114 91 251 163 112 107  7
114 113 116 128 527 247 112 103 770 605 114 117  8
119 111 117 118 218 113 115 104 176 184 111 106  9
117 105 114 110 88 109 113 101 109 109 109 106  10
128 118 115 112 88 116 115 102 118 112 116 15000  11
