
Chip#1
102 898 452 99 1173 472 93 771 298 112 1009 282  0
99 787 390 97 940 350 96 485 187 106 517 188  1
98 100 104 96 99 103 93 101 94 105 96 100  2
98 876 573 96 1153 847 93 885 456 102 977 347  3
97 710 449 93 615 427 92 458 221 102 389 175  4
97 100 99 95 100 97 92 97 91 102 90 103  5
97 885 589 95 1162 672 92 694 557 105 650 412  6
99 672 482 93 652 421 89 429 326 99 251 170  7
105 103 102 100 105 100 98 100 100 106 98 104  8
97 762 775 96 947 804 97 640 484 100 640 389  9
100 424 426 93 585 441 89 282 192 98 185 127  10
94 97 94 92 94 97 89 95 91 100 86 100  11
Chip#2
127 111 105 106 117 114 115 117 113 110 109 115  0
111 982 1067 110 848 833 111 590 516 110 577 392  1
111 1068 1113 113 947 789 116 520 466 111 574 415  2
111 112 112 116 120 120 116 120 118 115 114 117  3
95 845 905 112 1059 1063 112 351 349 109 657 517  4
127 752 928 107 818 852 113 290 288 106 542 415  5
111 106 101 106 110 111 111 111 112 109 105 112  6
111 732 665 110 922 820 112 316 324 104 602 457  7
111 555 601 106 775 644 104 319 319 98 527 375  8
111 104 103 107 113 112 111 112 112 105 109 111  9
111 593 703 107 1042 962 112 365 349 109 688 440  10
111 316 439 116 593 617 119 330 267 118 440 285  11
Chip#3
110 113 104 118 108 111 109 117 121 110 112 114  0
139 991 391 132 1178 491 126 866 434 114 1604 667  1
163 1721 681 134 1516 604 119 647 384 119 899 386  2
115 110 111 114 113 114 113 115 121 109 112 109  3
118 1021 576 122 1123 567 114 1447 937 121 1535 1301  4
130 1590 944 125 1734 819 127 944 676 121 820 593  5
114 125 119 127 122 126 126 121 127 122 119 118  6
115 342 296 123 374 314 123 278 336 118 302 316  7
112 530 436 118 413 371 118 298 343 114 208 195  8
107 109 119 111 109 114 122 115 121 111 109 113  9
114 440 509 121 537 636 117 375 496 117 441 667  10
107 600 785 118 547 614 117 360 444 111 249 270  11
Chip#4
105 102 100 102 94 97 110 104 104 95 105 101  0
105 416 478 102 352 390 113 431 521 107 346 276  1
105 645 644 102 476 607 110 449 619 102 493 500  2
105 114 105 102 102 104 114 127 112 100 113 107  3
105 343 412 102 409 407 112 383 427 100 370 333  4
105 481 495 102 552 557 107 424 468 96 428 479  5
105 110 110 102 104 100 115 127 112 104 107 105  6
105 261 268 111 254 254 115 259 312 101 269 323  7
105 334 341 102 342 340 114 323 421 107 316 370  8
105 105 101 102 100 94 105 100 103 91 106 101  9
105 274 307 102 270 275 112 217 267 99 213 260  10
105 279 356 111 322 311 113 249 278 101 206 261  11
