
Chip#1
113 105 115 111 104 106 108 105 105 114 111 113  0
116 113 113 111 607 584 116 100 111 110 123 120  1
111 113 112 114 777 698 110 111 116 107 108 120  2
113 120 120 116 116 119 110 117 115 121 104 115  3
110 107 115 108 480 404 116 111 108 113 109 116  4
113 110 115 110 441 350 108 111 111 113 109 113  5
120 112 120 125 119 122 118 114 116 121 111 117  6
119 562 847 116 112 119 116 108 111 110 111 117  7
117 474 725 114 105 106 112 100 112 108 109 115  8
117 113 119 101 101 106 118 102 107 111 111 113  9
120 373 593 117 106 115 121 109 119 114 115 123  10
122 215 388 113 103 111 116 106 119 112 107 124  11
Chip#2
92 96 95 102 101 98 92 97 96 92 100 97  0
98 104 101 115 469 741 103 107 106 106 103 102  1
101 102 101 111 363 605 103 105 103 101 106 103  2
91 93 95 98 95 100 100 99 96 90 103 98  3
97 102 96 106 312 332 98 103 101 101 101 99  4
101 107 101 111 240 250 100 108 106 100 104 101  5
105 110 109 116 107 107 111 107 106 108 110 108  6
101 502 639 115 107 107 103 107 110 99 103 97  7
106 230 251 108 108 109 109 111 109 108 110 102  8
101 104 99 98 99 103 97 106 100 99 100 102  9
96 518 349 106 98 99 94 101 101 98 99 97  10
94 214 195 104 97 97 94 101 100 98 98 93  11
