
Chip#1
105 102 111 100 109 92 106 101 100 114 100 99  0
94 100 110 91 113 96 94 96 102 114 96 101  1
100 96 110 97 111 98 87 95 100 114 99 102  2
104 93 110 99 109 96 96 93 103 114 97 101  3
102 98 113 102 115 101 99 104 108 114 105 103  4
98 100 111 97 112 98 95 98 106 114 103 107  5
105 101 109 101 111 96 94 101 104 114 98 101  6
97 101 109 101 114 96 94 96 105 114 98 104  7
92 92 106 94 107 91 90 99 98 114 97 96  8
99 92 105 92 108 90 92 90 94 114 92 95  9
101 103 116 99 117 95 99 104 105 114 103 104  10
100 98 108 100 115 96 96 99 103 114 99 104  11
Chip#2
93 95 91 89 87 92 94 91 98 91 89 88  0
98 103 102 99 103 95 103 103 98 111 102 103  1
107 114 110 103 106 108 108 106 101 111 106 102  2
104 106 107 105 106 102 103 106 106 111 99 106  3
107 101 101 100 100 98 107 102 103 111 98 101  4
108 112 107 104 106 97 110 112 106 111 110 104  5
99 103 103 103 103 101 103 102 100 111 97 102  6
97 106 102 99 105 95 103 102 99 101 102 101  7
101 108 102 105 104 98 107 102 102 111 105 100  8
98 99 105 100 102 102 103 98 104 111 99 96  9
109 113 105 105 104 101 106 110 106 127 107 103  10
107 110 108 108 110 103 115 108 106 111 101 102  11
Chip#3
105 109 105 109 106 104 103 106 114 99 100 104  0
106 291 354 111 283 356 102 297 434 105 232 322  1
94 216 231 108 178 235 102 194 269 92 152 227  2
95 107 103 99 103 100 103 98 105 96 97 97  3
100 324 313 110 311 372 102 213 363 98 348 522  4
103 236 220 109 210 235 102 178 253 97 238 392  5
104 108 106 104 108 100 102 102 109 98 97 102  6
111 308 320 114 299 371 102 252 378 105 250 362  7
124 224 231 112 240 318 103 225 277 103 208 294  8
106 114 113 114 108 104 102 105 118 105 106 108  9
103 288 286 108 266 318 102 223 284 97 309 439  10
112 202 232 114 210 243 102 203 218 103 256 294  11
Chip#4
107 110 109 111 107 102 103 106 104 105 96 106  0
113 260 221 121 277 256 116 232 251 113 219 233  1
112 218 198 115 205 175 111 168 177 114 177 201  2
105 106 108 110 103 105 103 102 102 104 98 104  3
113 244 203 115 224 219 115 232 307 116 284 366  4
113 218 197 117 174 163 110 177 215 113 173 209  5
116 115 120 119 117 112 111 111 110 112 108 114  6
104 238 230 111 226 255 104 226 316 104 201 270  7
109 198 198 111 210 201 106 187 230 107 146 188  8
109 113 109 110 105 105 100 100 106 104 101 104  9
115 228 224 121 214 225 112 206 255 114 287 300  10
116 187 195 118 181 191 112 170 212 114 169 187  11
