
Chip#1
130 109 111 98 111 112 111 108 111 112 117 110  0
128 108 114 107 117 114 120 116 122 117 119 109  1
120 108 111 108 114 114 115 140 115 109 117 103  2
130 112 164 1399 348 115 119 583 627 116 121 108  3
129 113 128 729 131 121 122 405 480 123 126 113  4
124 113 122 113 119 117 127 123 125 117 125 109  5
117 109 113 104 113 110 113 112 117 114 114 108  6
128 113 121 470 221 119 124 361 518 120 125 110  7
119 108 140 933 500 109 117 1072 746 118 117 102  8
121 108 118 118 119 114 117 149 141 119 119 103  9
134 111 118 108 113 119 117 117 119 117 119 110  10
147 114 117 110 120 116 124 121 122 122 129 15000  11
Chip#2
153 130 139 132 88 144 147 119 147 137 131 125  0
153 126 142 127 88 138 147 114 147 136 127 126  1
153 135 145 134 104 154 147 122 157 146 132 135  2
153 123 139 149 731 210 147 116 314 346 126 126  3
153 127 135 179 656 194 147 119 394 485 130 127  4
153 128 146 137 104 154 147 123 158 143 136 132  5
153 126 139 132 104 154 147 117 149 140 131 123  6
137 131 142 129 271 144 147 115 293 190 126 125  7
153 123 143 150 523 264 147 121 776 597 135 135  8
153 130 143 128 223 154 138 119 210 198 130 127  9
153 131 142 132 88 149 147 119 152 142 132 129  10
159 140 153 136 120 154 147 127 162 152 140 15000  11
