
Chip#1
116 113 120 110 106 114 115 114 112 118 105 119  0
122 114 113 110 106 115 118 108 110 110 112 113  1
111 110 112 107 109 114 116 117 119 110 109 117  2
117 117 120 116 115 114 118 119 118 121 112 119  3
110 107 113 108 110 115 126 109 108 111 118 117  4
110 113 112 110 111 112 112 114 115 115 109 116  5
122 110 116 119 115 114 122 115 121 115 113 120  6
116 114 126 119 111 121 126 115 122 115 116 124  7
110 110 112 104 106 111 110 109 112 110 103 112  8
116 112 123 108 112 108 118 109 116 113 111 122  9
108 113 112 111 106 106 114 103 110 108 108 119  10
110 109 109 102 97 108 114 105 115 108 97 112  11
Chip#2
141 143 142 139 153 145 152 151 161 151 146 150  0
148 166 154 155 164 189 161 166 171 158 160 164  1
153 166 165 155 171 189 167 170 171 167 168 164  2
148 182 158 155 167 189 164 170 169 167 157 163  3
158 182 160 171 173 189 170 173 177 173 172 166  4
155 182 163 155 170 189 170 173 177 175 167 167  5
156 182 166 171 173 205 177 186 181 177 169 172  6
151 166 163 171 170 189 168 178 175 175 169 163  7
162 182 167 171 183 205 175 185 182 177 178 169  8
153 182 161 171 169 189 167 173 176 174 167 163  9
150 166 158 155 170 165 161 173 178 167 165 160  10
158 198 160 187 171 205 168 178 176 170 168 164  11
