
Chip#1
7 104 243 10 249 73 23 151 66 139 77 136  0
7 104 195 10 258 73 23 151 66 139 80 218  1
7 88 244 0 254 73 7 135 50 131 78 202  2
7 104 246 0 259 73 7 151 50 139 77 141  3
0 88 179 0 249 57 7 135 50 131 71 202  4
7 104 244 0 255 73 7 151 50 139 77 218  5
7 88 245 0 255 57 7 135 50 131 78 136  6
7 104 243 10 253 73 23 151 50 139 77 202  7
7 104 243 0 257 73 7 151 50 139 77 137  8
7 88 179 0 253 57 7 135 50 131 75 202  9
7 88 244 0 253 57 7 135 50 139 73 136  10
7 104 245 0 251 73 7 151 50 139 78 15000  11
Chip#2
30 0 0 0 4 15 0 50 93 116 0 0  0
30 0 0 0 4 18 0 50 95 118 50 0  1
30 0 0 0 4 18 0 130 96 118 49 0  2
30 0 0 0 4 25 0 135 101 124 0 0  3
30 0 0 0 4 20 0 134 97 117 51 0  4
30 0 0 0 4 22 0 136 99 121 55 0  5
46 0 0 0 20 26 0 135 103 128 55 0  6
46 0 0 0 117 30 0 138 105 131 61 0  7
30 0 0 0 4 21 0 132 94 119 49 0  8
30 0 0 0 4 17 0 128 95 116 51 0  9
30 0 0 0 4 23 0 130 99 119 52 0  10
46 0 0 0 20 28 0 133 102 125 55 15000  11
Chip#3
187 49 213 168 214 36 150 68 320 86 157 96  0
187 42 213 161 214 88 150 64 320 80 149 90  1
187 54 213 170 214 40 166 75 320 88 158 95  2
187 54 213 167 214 41 166 73 320 88 158 100  3
187 49 213 166 214 88 150 68 320 84 154 95  4
187 47 213 164 214 88 166 69 336 77 153 90  5
187 43 213 161 214 88 166 66 336 80 150 93  6
203 47 229 165 214 88 166 68 336 81 152 89  7
187 52 213 166 214 40 166 73 329 85 159 97  8
187 52 213 166 214 39 166 70 329 87 154 93  9
187 48 197 162 214 32 150 68 320 82 152 90  10
187 53 213 161 214 88 166 68 336 83 156 15000  11
Chip#4
0 16 126 94 39 72 65 15 112 6 57 72  0
0 0 126 92 36 71 65 0 107 0 51 71  1
0 16 124 95 38 71 65 0 113 0 53 72  2
0 0 124 95 40 68 65 0 112 6 57 74  3
0 16 124 90 37 67 65 15 110 6 54 71  4
0 0 121 90 34 66 49 0 108 0 52 70  5
0 16 126 90 38 69 65 0 113 6 52 70  6
0 16 130 95 42 77 65 15 117 6 55 72  7
0 0 122 87 37 68 49 0 111 0 48 70  8
0 16 127 93 38 75 65 0 115 0 54 75  9
0 16 122 93 38 72 65 0 108 6 53 71  10
0 0 122 87 39 67 49 0 111 0 49 15000  11
