
Chip#1
139 120 106 112 108 110 112 113 109 112 117 134  0
104 102 239 315 108 201 387 113 133 331 116 106  1
103 109 1577 2187 145 1673 3596 276 1047 3519 545 110  2
108 111 462 693 117 577 1305 138 465 1664 235 112  3
102 102 147 161 110 122 149 114 117 145 111 101  4
93 105 1231 1277 117 791 1446 146 816 2174 267 102  5
103 111 522 551 112 457 806 125 554 1547 200 106  6
103 110 130 137 114 116 124 114 114 112 108 102  7
103 117 1132 1122 119 736 968 128 109 108 109 108  8
105 105 727 649 107 730 950 114 107 105 98 100  9
103 110 109 112 102 109 113 109 107 101 98 105  10
111 106 100 102 102 99 107 108 102 103 101 15000  11
Chip#2
121 122 116 107 111 108 105 107 104 104 110 114  0
112 113 110 100 106 99 104 102 98 101 102 106  1
117 109 110 107 110 104 111 107 105 109 107 109  2
115 111 159 668 301 143 725 492 111 461 547 116  3
103 105 252 1254 672 159 1024 745 110 579 617 117  4
105 108 107 264 152 104 162 133 100 115 118 103  5
107 110 119 348 216 118 729 686 110 623 1033 145  6
105 108 202 984 621 159 1828 1765 128 1225 1887 208  7
103 112 116 302 187 112 320 288 101 170 262 106  8
118 120 121 118 122 143 436 564 119 432 856 162  9
107 109 109 105 107 114 1361 1827 170 1082 2088 345  10
111 108 109 104 108 103 338 462 107 211 436 15000  11
