
Chip#1
105 107 105 105 107 105 103 105 106 108 105 104  0
103 105 101 108 104 101 98 104 102 102 101 95  1
109 106 101 106 100 101 103 104 104 109 100 100  2
97 105 105 106 104 102 99 104 108 102 98 98  3
103 109 106 106 104 106 106 111 105 106 101 99  4
109 109 105 108 109 103 103 108 104 108 106 101  5
102 107 102 104 103 105 103 105 108 103 101 102  6
99 101 102 106 105 98 102 104 102 103 98 101  7
102 106 101 105 109 99 104 105 104 102 102 99  8
101 107 105 106 108 106 104 108 105 102 105 103  9
99 106 103 105 102 99 102 109 105 105 102 99  10
106 114 109 112 111 107 109 109 104 109 110 101  11
Chip#2
165 171 170 163 160 169 163 165 181 163 163 167  0
170 175 177 174 165 177 168 170 193 170 171 173  1
180 184 189 182 175 185 187 175 195 178 180 180  2
175 179 190 178 175 182 177 174 188 172 173 173  3
179 185 189 179 179 181 182 179 191 182 180 176  4
190 187 190 186 182 182 182 180 196 179 180 181  5
180 193 190 184 175 187 174 175 193 174 182 179  6
182 198 190 187 178 186 181 178 196 179 182 183  7
190 192 190 179 174 183 181 174 191 181 177 183  8
190 191 190 183 178 186 183 178 199 178 186 183  9
184 189 190 182 177 185 179 170 200 181 183 181  10
181 183 183 177 173 181 174 173 191 178 178 178  11
