

DEF 213   {

	Kb {
-0.164102564	,	-36.17948718	,	5	,	12
0.004081633	,	-10.02040816	,	4	,	11
-0.148717949	,	-39.25641026	,	4.5	,	-12
0.18974359	,	-32.94871795	,	4	,	9
0.343589744	,	-2.717948718	,	3.5	,	12
-0.102564103	,	16.51282051	,	3.5	,	-20
-0.179487179	,	32.8974359	,	3.8	,	0
0.061538462	,	-4.307692308	,	3.4	,	-28
0.041025641	,	17.79487179	,	4.2	,	12
0.020512821	,	-21.1025641	,	4	,	12
0.128205128	,	-42.64102564	,	4.7	,	-17
-0.179487179	,	72.8974359	,	4.2	,	12
	}

	Fpn_lg {
		124.84375,	129.46875,	124.96875,	175.3229167,	248.1770833,	151.8125,	187.2708333,	74.26041667,	114.25,	174.9375,	85.94791667,	204.9583333


	}

	Fpn_hg {
		156.3541667,	160.9583333,	155.1666667,	207.2604167,	262.8020833,	182.1458333,	216.1458333,	103.96875,	145.4166667,	206.3020833,	117.9479167,	235.4166667

	}

	AutoV20_lg { 
		0x08
	}

	AutoV20_hg {
		0x0a
	}

	AutoV15 {
		0x07
	}

	Rampgen {
		0xb1
	}
	
	Temp_calib {
		1, 0,  0,0,0,0,0,0,0,0,0,0
	}
}






DEF 725 {

Kb {
-0.287179487	,	73.43589744	,	3.5	,	-5	,
0.253061224	,	-11.26530612	,	3	,	-12	,
-0.097435897	,	-6.512820513	,	3.6	,	6	,
0.143589744	,	4.282051282	,	4	,	8	,
0.21025641	,	5.948717949	,	3.6	,	5	,
-0.205128205	,	31.02564103	,	4	,	-5	,
-0.420512821	,	8.102564103	,	3.8	,	26	,
0.164102564	,	-7.820512821	,	3.2	,	8	,
0.184615385	,	28.07692308	,	3.7	,	-42	,
0.061538462	,	16.69230769	,	3.5	,	5	,
-0.117948718	,	83.58974359	,	3.8	,	10	,
0.184615385	,	-59.92307692	,	3.4	,	-35	


	}

	Fpn_lg {
		172.5,	197.6979167,	97.875,	169.0208333,	190.7291667,	228.5520833,	98.42708333,	149.0416667,	104.6770833,	95.3125,	170.7395833,	70.64583333



	}

	Fpn_hg {
		197.21875,	222.7291667,	122.5520833,	195.5729167,	213.71875,	266.5625,	122.90625,	170.8125,	128.8854167,	120.9270833,	197.9583333,	95.36458333





	}

	AutoV20_lg { 
		0x09
	}

	AutoV20_hg {
		0x0b
	}

	AutoV15 {
		0x08
	}

	Rampgen {
		0xA4
	}
	
	Temp_calib {
		1, 0,  0,0,0,0,0,0,0,0,0,0
	}
}


DEF 507 {

Kb {

-0.487179487	,	75.43589744	,	5.5	,	27	,
-0.212244898	,	21.06122449	,	5.5	,	-8	,
-0.046153846	,	26.23076923	,	5	,	1	,
-0.123076923	,	36.61538462	,	6.5	,	-2	,
-0.2		,	28		,	6	,	17	,
0.153846154	,	-44.76923077	,	3.8	,	-11	,
-0.153846154	,	77.76923077	,	5	,	-3	,
-0.441025641	,	59.20512821	,	6	,	3	,
-0.225641026	,	55.12820513	,	5.3	,	14	,
-0.425641026	,	-14.87179487	,	6.5	,	18	,
-0.153846154	,	22.76923077	,	5.5	,	-6	,
-0.461538462	,	50.30769231	,	6	,	15	

}

	Fpn_lg {
		286.6666667,	268.9814815,	291.5833333,	292.7407407,	280.9814815,	279.8611111,	278.1481481,	188.6111111,	234.9537037,	94.55555556,	296.6944444,	274.1203704

	}

	Fpn_hg {
		310.7708333,	302.2152778,	323.5,	325.4722222,	310.5486111,	312.9375,	312.4444444,	220.4722222,	285.3333333,	127.2569444,	325.1666667,	295.5902778

	}

	AutoV20_lg { 
		0x08
	}

	AutoV20_hg {
		0x0a
	}

	AutoV15 {
		0x08
	}

	Rampgen {
		0xB0
	}
	
	Temp_calib {
		20.588, 0.0, 0,0,0,0,0,0,0,0,0,0
	}
}




DEF 611   {

	Kb {
-0.153846154	,	49.76923077	,	6.5	,	15	,
-0.024489796	,	2.12244898	,	6.5	,	0	,
-0.082051282	,	-3.58974359	,	6	,	21	,
-0.194871795	,	47.97435897	,	6.5	,	0	,
-0.01025641	,	8.051282051	,	6.6	,	0	,
-0.276923077	,	2.384615385	,	6.6	,	6	,
-0.128205128	,	7.641025641	,	6	,	-20	,
-0.158974359	,	35.79487179	,	6.6	,	0	,
-0.174358974	,	36.87179487	,	6.5	,	6	,
-0.035897436	,	14.17948718	,	5.5	,	-14	,
-0.046153846	,	-13.76923077	,	6.2	,	22	,
-0.071794872	,	31.35897436	,	6	,	12		

	}

	Fpn_lg {
		222.03125,	128.0520833,	167.0833333,	205.7708333,	323.6666667,	83.60416667,	82.07291667,	258.90625,	173.0104167,	262.90625,	127.84375,	200.7291667

	}

	Fpn_hg {
		218.34375,	124.21875,	163.4479167,	201.5208333,	318.21875,	81.90625,	78.27083333,	247.625,	170.5104167,	252.59375,	122.7604167,	198.34375


	}

	AutoV20_lg { 
		0x09
	}

	AutoV20_hg {
		0x0b
	}

	AutoV15 {
		0x06
	}

	Rampgen {
		0xAC
	}
	
	Temp_calib {
		23.529, -1.47, 0,0,0,0,0,0,0,0,0,0
	}
}
