DEF A014 {
Kb {

              0.066666667   ,             -42.333333333   ,           4.5   ,       -6   ,
              0.073469388   ,             -41.367346939   ,           4.0   ,       5   ,
              0.005128205   ,             1.974358974   ,             4.0   ,       -12   ,
              0.358974359   ,             -2.794871795   ,            4.5   ,       -32   ,
              -0.041025641   ,            -29.794871795   ,           4.5   ,       26   ,
              0.384615385   ,             -12.923076923   ,           4.0   ,       -3   ,
              0.010256410   ,             -25.051282051   ,           4.0   ,       -5   ,
              -0.030769231   ,            -42.846153846   ,           3.5   ,       11   ,
              0.087179487   ,             -41.435897436   ,           4.2   ,       45   ,
              0.138461538   ,             1.307692308   ,             4.5   ,       14   ,
              0.194871795   ,             -12.974358974   ,           4.0   ,       32   ,
              0.107692308   ,             3.461538462   ,             4.0   ,       15

}
   Fpn_lg {
        209.2291667,	160.65625,	323.1458333,	255.7291667,	228.46875,	253.7708333,	130.9375,	173.1770833,	199.875,	227.21875,	273.8020833,	187.09375

   }
   Fpn_hg {
        316.3229167,	269.2083333,	439.2604167,	358.6354167,	330.6666667,	362.5520833,	249.7395833,	283.59375,	293.3020833,	330.8333333,	392.53125,	297

   }
   AutoV20_lg { 
       0x08
    }
   AutoV20_hg {
        0x09
    }
   AutoV15 {
       0x08
    }
   Rampgen {
        0x83
   }
   
    Temp_calib {
        0, 0.0, 0,0,0,0,0,0,0,0,0,0
 }
}

DEF A005 {
Kb {

              -0.179487179   ,            11.897435897   ,            5.0   ,       45   ,
              -0.073469388   ,            -32.632653061   ,           6.5   ,       12   ,
              -0.041025641   ,            -42.794871795   ,           5.5   ,       5   ,
              -0.051282051   ,            7.256410256   ,             5.5   ,       2   ,
              0.015384615   ,             8.923076923   ,             5.0   ,       -11   ,
              -0.112820513   ,            19.564102564   ,            5.5   ,       28   ,
              -0.102564103   ,            72.512820513   ,            5.0   ,       -19   ,
              -0.138461538   ,            -34.307692308   ,           4.5   ,       10   ,
              0.020512821   ,             -19.102564103   ,           5.3   ,       6   ,
              -0.035897436   ,            1.179487179   ,             5.0   ,       4   ,
              -0.143589744   ,            -12.282051282   ,           5.0   ,       38   ,
              -0.164102564   ,            19.820512821   ,            5.4   ,       17

}
   Fpn_lg {
        269.3854167,	254.7604167,	268.2708333,	290.9270833,	294.15625,	230.2083333,	228.2395833,	231.9583333,	153.875,	280.4791667,	255.84375,	291.6770833

   }
   Fpn_hg {
        371.125,	351.9583333,	371.8854167,	391.4895833,	394.375,	329.15625,	328.25,	332,	255.5625,	378.7916667,	351.8645833,	395.0104167

   }
   AutoV20_lg { 
       0x08
    }
   AutoV20_hg {
        0x09
    }
   AutoV15 {
       0x08
    }
   Rampgen {
        0x88
   }
   
    Temp_calib {
        0, 0.0, 0,0,0,0,0,0,0,0,0,0
 }
}


DEF A004 {
Kb {

              0.241025641   ,             -61.205128205   ,           3.8   ,       -6   ,
              -0.122448980   ,            19.612244898   ,            3.5   ,       -8   ,
              0.051282051   ,             7.743589744   ,             3.5   ,       -19   ,
              -0.076923077   ,            -64.615384615   ,           3.6   ,       5   ,
              0.435897436   ,             -43.179487179   ,           3.4   ,       -1   ,
              0.251282051   ,             -44.256410256   ,           3.2   ,       -8   ,
              0.128205128   ,             -54.641025641   ,           3.7   ,       -14   ,
              0.400000000   ,             -66.000000000   ,           3.2   ,       -18   ,
              0.138461538   ,             -19.692307692   ,           3.5   ,       -28   ,
              0.435897436   ,             -46.179487179   ,           3.5   ,       -38   ,
              0.215384615   ,             24.923076923   ,            3.5   ,       14   ,
              0.117948718   ,             -7.589743590   ,            3.4   ,       47

}
   Fpn_lg {
        319.6041667,	365.9166667,	325.6666667,	329.46875,	328.9270833,	314.9583333,	289.4583333,	263.5833333,	352.9791667,	361.0729167,	387.5208333,	389.4166667

   }
   Fpn_hg {
        355.7083333,	399.4270833,	358.96875,	363.1458333,	363.4791667,	350.0833333,	326.0833333,	297.2291667,	388.9270833,	394.8645833,	419.96875,	421.0729167

   }
   AutoV20_lg { 
       0x06
    }
   AutoV20_hg {
        0x08
    }
   AutoV15 {
       0x08
    }
   Rampgen {
        0x8B
   }
   
    Temp_calib {
        0, 0.0, 0,0,0,0,0,0,0,0,0,0
 }
}
DEF A018 {
Kb {

              -0.266666667   ,            3.333333333   ,             5.0   ,       -15   ,
              -0.195918367   ,            -13.020408163   ,           5.0   ,       5   ,
              -0.102564103   ,            31.512820513   ,            5.5   ,       4   ,
              -0.015384615   ,            -19.923076923   ,           5.0   ,       -3   ,
              -0.164102564   ,            -2.179487179   ,            5.0   ,       46   ,
              -0.056410256   ,            -28.717948718   ,           5.0   ,       -18   ,
              -0.323076923   ,            33.615384615   ,            4.8   ,       26   ,
              -0.276923077   ,            11.384615385   ,            5.0   ,       16   ,
              -0.076923077   ,            -5.615384615   ,            5.0   ,       39   ,
              -0.056410256   ,            47.282051282   ,            5.0   ,       -8   ,
              0.205128205   ,             -26.025641026   ,           5.0   ,       -21   ,
              -0.210256410   ,            -31.948717949   ,           5.0   ,       18

}
   Fpn_lg {
        406.6145833,	321.6041667,	452.0416667,	342.34375,	458.4479167,	303.0625,	341.125,	320.4166667,	382.0833333,	460.28125,	403.3645833,	317.8125

   }
   Fpn_hg {
        282.0625,	194.28125,	320.625,	220.1458333,	329.3020833,	176.9375,	207.1770833,	181.6979167,	256.15625,	327.75,	267.9791667,	188

   }
   AutoV20_lg { 
       0x06
    }
   AutoV20_hg {
        0x0a
    }
   AutoV15 {
       0x08
    }
   Rampgen {
        0x80
   }
   
    Temp_calib {
        0, 0.0, 0,0,0,0,0,0,0,0,0,0
 }
}