DEF 412 {

Kb {

-0.328205128	,	-13.35897436	,	4	,	5	,
-0.118367347	,	73.59183673	,	3.3	,	6	,
0.107692308	,	-34.53846154	,	3.8	,	8	,
-0.2		,	51		,	4	,	26	,
0.133333333	,	10.33333333	,	3.5	,	-25	,
-0.097435897	,	9.487179487	,	3.7	,	-7	,
-0.405128205	,	60.02564103	,	4.6	,	6	,
0.261538462	,	-47.30769231	,	3.3	,	-12	,
-0.066666667	,	-41.66666667	,	4	,	-9	,
-0.276923077	,	48.38461538	,	4	,	32	,
-0.030769231	,	52.15384615	,	4.1	,	18	,
0.082051282	,	-14.41025641	,	3.1	,	2
		
}

	Fpn_lg {
		57.63333333,	145.4583333,	33.3,	144.4166667,	159.8916667,	86.44166667,	100.3666667,	38.55833333,	106.5833333,	112.8166667,	129.4416667,	86.29166667

	}

	Fpn_hg {
		80.725,	169.3583333,	56.88333333,	168.5833333,	184.2916667,	109.8,	125.275,	64.30833333,	129.7916667,	136.3083333,	152.5583333,	108.5166667

	}

	AutoV20_lg { 
		0x09
	}

	AutoV20_hg {
		0x0b
	}

	AutoV15 {
		0x08
	}

	Rampgen {
		0xB2
	}
	
	Temp_calib {
		20.588, 0.0, 0,0,0,0,0,0,0,0,0,0
	}
}



DEF 210 {

	Kb {
-0.082051282	,	8.41025641	,	2.6	,	-15	,
-0.334693878	,	-16.32653061	,	3.1	,	27	,
-0.097435897	,	-16.51282051	,	2.3	,	6	,
0.138461538	,	-47.69230769	,	1.7	,	22	,
-0.046153846	,	-47.76923077	,	2.4	,	24	,
0.476923077	,	-87.38461538	,	1.1	,	-9	,
-0.005128205	,	-44.97435897	,	3	,	-2	,
0.405128205	,	-51.02564103	,	2.2	,	-22	,
-0.071794872	,	48.35897436	,	3.4	,	15	,
0.430769231	,	-44.15384615	,	3	,	-16	,
-0.082051282	,	-13.58974359	,	2.5	,	-23	,
0.148717949	,	11.25641026	,	2.1	,	-16	

	}

	Fpn_lg {
		193.1574074,	67.46296296,	110.3333333,	87.75,	80.44444444,	123.6388889,	99.86111111,	82.19444444,	183.7037037,	146.4537037,	111.9166667,	192.8148148

	}

	Fpn_hg {
		236.5,	101.2166667,	144.2083333,	122.9833333,	115.15,	179.8416667,	135.1083333,	116.2583333,	218.6416667,	179.75,	144.3666667,	229.575

	}

	AutoV20_lg { 
		0x08
	}

	AutoV20_hg {
		0x0a
	}

	AutoV15 {
		0x08
	}

	Rampgen {
		0xb2
	}
	
	Temp_calib {
		23.217, -20.893, 0, 0,0,0,0,0,0,0,0,0
	}
}






DEF 616 {

Kb {

-0.461538462	,	58.30769231	,	3.7	,	2	,
-0.171428571	,	29.85714286	,	3	,	7	,
-0.164102564	,	-1.179487179	,	3.1	,	-8	,
0.117948718	,	-17.58974359	,	3	,	-1	,
0.225641026	,	19.87179487	,	3	,	4	,
-0.158974359	,	13.79487179	,	3	,	-12	,
-0.117948718	,	78.58974359	,	4	,	0	,
-0.292307692	,	5.461538462	,	3.2	,	15	,
0.117948718	,	12.41025641	,	3	,	-11	,
-0.184615385	,	66.92307692	,	3.6	,	-12	,
0.035897436	,	-61.17948718	,	3.2	,	-1	,
-0.215384615	,	2.076923077	,	3	,	22

}

	Fpn_lg {
		111.9,	167.3083333,	171.3583333,	240.05,	213.2,	188.05,	290.8666667,	196.575,	229.6583333,	213.7416667,	117.275,	226.1833333

	}

	Fpn_hg {
		57.28787879,	112.280303,	116.6590909,	185.5757576,	156.5378788,	134.2651515,	226.6136364,	140.2878788,	171.7121212,	159.0984848,	59.58333333,	167.8560606

	}

	AutoV20_lg { 
		0x08
	}

	AutoV20_hg {
		0x0b
	}

	AutoV15 {
		0x08
	}

	Rampgen {
		0xAB
	}
	
	Temp_calib {
		20.588, 0.0, 0,0,0,0,0,0,0,0,0,0
	}
}

