DEF 420 {

Kb {

-0.287179487	,	78.43589744	,	4.5	,	0	,
-0.432653061	,	44.16326531	,	4.7	,	30	,
-0.051282051	,	-21.74358974	,	4	,	-15	,
-0.087179487	,	72.43589744	,	4.4	,	-16	,
-0.220512821	,	-32.8974359	,	4.7	,	5	,
-0.102564103	,	-7.487179487	,	4.7	,	8	,
0.215384615	,	-2.076923077	,	3.4	,	-35	,
-0.123076923	,	33.61538462	,	4.3	,	5	,
-0.112820513	,	-12.43589744	,	4	,	24	,
-0.015384615	,	32.07692308	,	4.4	,	8	,
-0.282051282	,	21.41025641	,	4.9	,	38	,
0.071794872	,	12.64102564	,	3.9	,	-5
		
}

	Fpn_lg {
		175.65,	122.5083333,	135.0083333,	172.5333333,	141.7166667,	100.5666667,	132.9666667,	142.825,	92.325,	169.4666667,	260.1166667,	79.54166667

	}

	Fpn_hg {
		194.4666667,	142.1666667,	152.9,	191.8833333,	162.4083333,	119.8,	153.875,	163.1583333,	113.0166667,	190.5583333,	277.4166667,	96.43333333

	}

	AutoV20_lg { 
		0x09
	}

	AutoV20_hg {
		0x0b
	}

	AutoV15 {
		0x08
	}

	Rampgen {
		0xBA
	}
	
	Temp_calib {
		20.588, 0.0, 0,0,0,0,0,0,0,0,0,0
	}
}


DEF 604 {

Kb {

-0.123076923	,	18.61538462	,	4.8	,	-8	,
0.191836735	,	3.040816327	,	4.2	,	23	,
-0.117948718	,	-37.41025641	,	4.9	,	-1	,
0.082051282	,	5.58974359	,	4.3	,	-2	,
-0.123076923	,	-4.384615385	,	4.6	,	18	,
0.138461538	,	-15.69230769	,	4	,	-18	,
0.358974359	,	-13.79487179	,	4	,	-32	,
0.030769231	,	-38.15384615	,	4.8	,	10	,
0.18974359	,	-13.94871795	,	4.4	,	12	,
0.092307692	,	-4.461538462	,	4.4	,	-6	,
0.282051282	,	-34.41025641	,	4	,	-19	,
0.2		,	-42		,	3.8	,	12
		
}

	Fpn_lg {
		53.775,	145.8333333,	110.175,	68.39166667,	81.73333333,	45.08333333,	163.8166667,	70.98333333,	63.025,	92.675,	139.9583333,	84.925

	}

	Fpn_hg {
		75.58333333,	170.4333333,	131.2166667,	89.475,	104.3416667,	65.85833333,	185.6416667,	93.3,	86.31666667,	113.775,	162.15,	106.45

	}

	AutoV20_lg { 
		0x09
	}

	AutoV20_hg {
		0x0b
	}

	AutoV15 {
		0x08
	}

	Rampgen {
		0xA0
	}
	
	Temp_calib {
		20.588, 0.0, 0,0,0,0,0,0,0,0,0,0
	}
}


DEF 620 {

Kb {

-0.256410256	,	29.28205128	,	4.5	,	10	,
-0.420408163	,	38.10204082	,	4	,	2	,
-0.38974359	,	50.94871795	,	4	,	21	,
0.179487179	,	-6.897435897	,	3.5	,	-38	,
0.076923077	,	-41.38461538	,	4	,	-14	,
-0.035897436	,	1.179487179	,	3.7	,	-1	,
0.035897436	,	9.820512821	,	3.4	,	3	,
-0.051282051	,	4.256410256	,	3.8	,	-11	,
-0.128205128	,	31.64102564	,	4	,	-2	,
-0.215384615	,	12.07692308	,	4.5	,	3	,
0.148717949	,	-45.74358974	,	3.7	,	-6	,
-0.174358974	,	8.871794872	,	3.8	,	8
		
}

	Fpn_lg {
		147.275,	106.4083333,	137.125,	96.23333333,	195.2583333,	170.8166667,	191.6833333,	120.8,	144.4833333,	246.7833333,	116.9166667,	212.6166667

	}

	Fpn_hg {
		174.2166667,	133.0416667,	165.9166667,	123.6333333,	225.7583333,	199.8833333,	220.15,	149.9833333,	173.925,	257.2583333,	144.8,	242.775

	}

	AutoV20_lg { 
		0x09
	}

	AutoV20_hg {
		0x0b
	}

	AutoV15 {
		0x08
	}

	Rampgen {
		0xA7
	}
	
	Temp_calib {
		20.588, 0.0, 0,0,0,0,0,0,0,0,0,0
	}
}

