
Chip#1
112 113 105 143 102 116 105 106 107 112 112 114  0
108 113 102 143 102 112 103 105 105 105 110 109  1
112 116 114 143 109 116 109 114 112 118 114 117  2
113 118 115 143 109 124 110 113 114 115 115 116  3
105 107 103 143 100 108 100 101 105 105 106 107  4
109 116 109 143 104 115 103 109 104 112 111 112  5
113 117 116 143 110 120 109 113 114 117 114 116  6
111 113 111 143 103 116 103 109 108 110 114 112  7
108 113 110 143 105 113 105 106 105 108 110 112  8
108 113 111 143 109 115 106 108 105 109 111 117  9
105 110 106 143 97 112 103 97 102 103 109 108  10
109 116 105 143 106 112 108 106 106 105 110 15000  11
Chip#2
111 107 98 101 108 104 113 95 94 101 103 106  0
107 102 92 101 105 101 115 91 96 102 102 105  1
108 109 100 101 108 105 115 98 102 103 102 109  2
111 106 98 100 108 108 111 97 101 102 102 108  3
104 105 95 97 108 101 109 94 93 97 99 105  4
105 105 102 98 104 101 105 91 90 101 100 105  5
109 105 98 102 108 110 113 95 101 103 106 113  6
109 107 95 96 105 104 111 97 97 99 103 104  7
108 105 96 96 105 101 109 97 98 98 102 108  8
111 102 93 96 103 105 111 94 94 99 102 104  9
104 98 93 94 107 103 111 92 92 98 100 105  10
109 101 96 97 105 104 112 95 98 105 100 15000  11
