
Chip#1
73 184 156 10 36 92 54 85 98 127 182 193  0
25 165 389 362 36 284 614 117 168 581 193 176  1
25 171 2705 3456 84 3660 3940 473 2279 3907 954 174  2
25 164 731 991 36 1110 2662 211 974 3396 434 174  3
25 165 164 15 36 108 54 101 116 193 182 174  4
9 161 219 106 20 140 134 85 1568 3899 450 166  5
25 160 188 44 36 124 102 101 1076 3000 346 168  6
25 164 154 6 36 92 54 85 101 123 169 161  7
25 161 219 96 36 196 118 101 98 118 169 160  8
9 158 214 52 20 124 86 85 90 113 156 161  9
25 160 149 6 36 92 38 85 88 112 164 163  10
25 166 155 3 20 92 22 69 90 119 164 15000  11
Chip#2
239 191 209 140 40 259 129 135 168 155 150 102  0
239 191 206 90 42 259 128 138 173 160 153 104  1
239 191 201 140 40 259 126 135 168 159 153 98  2
239 93 259 578 244 259 491 436 167 378 430 100  3
239 95 306 900 444 259 603 470 174 402 427 104  4
239 93 197 197 60 259 145 138 163 156 152 95  5
239 91 205 280 130 259 132 134 166 157 157 93  6
239 95 272 672 395 259 143 148 170 216 163 98  7
239 94 199 197 78 259 131 130 167 152 148 94  8
239 95 200 82 36 259 126 135 163 157 156 95  9
239 191 209 91 43 259 146 153 172 168 176 108  10
239 92 205 140 42 259 127 137 168 156 151 15000  11
