
Chip#1
112 113 106 109 106 110 104 101 105 108 112 116  0
113 110 103 129 106 113 100 100 101 104 108 109  1
111 116 111 129 110 117 108 113 110 115 114 114  2
112 117 318 277 113 369 296 114 334 273 110 116  3
105 109 326 291 105 281 221 108 238 189 110 109  4
105 110 103 109 105 113 100 106 102 107 106 107  5
115 116 265 268 113 131 120 112 114 120 112 121  6
102 107 241 237 100 118 109 98 106 110 104 103  7
111 113 105 129 104 112 102 104 102 105 109 109  8
107 111 111 129 109 130 115 104 114 122 110 113  9
109 113 109 129 104 121 110 105 110 118 109 112  10
104 112 103 129 105 108 104 105 100 107 109 15000  11
Chip#2
102 103 103 102 107 110 115 98 100 105 108 108  0
102 98 100 102 105 108 112 91 98 102 104 105  1
104 106 100 105 113 112 117 101 104 109 104 113  2
109 106 102 105 110 123 129 105 109 109 107 111  3
105 101 100 101 110 118 117 98 105 106 103 105  4
104 109 108 105 108 112 120 102 101 109 110 110  5
105 106 132 119 111 115 121 101 110 112 108 111  6
101 103 127 113 110 112 113 98 102 107 103 109  7
107 105 99 102 110 112 116 101 102 105 108 108  8
101 103 141 126 108 148 143 102 127 126 107 108  9
99 99 128 114 104 133 132 95 118 120 100 104  10
102 98 99 97 104 101 112 97 98 101 102 15000  11
