
Chip#1
25 155 140 0 4 92 22 69 81 104 155 164  0
9 145 195 68 20 124 150 69 91 211 157 148  1
9 150 691 771 36 844 1606 208 554 1616 331 152  2
9 145 254 192 4 316 598 69 277 844 212 149  3
9 151 150 0 4 92 38 69 87 121 159 157  4
25 153 166 24 20 108 70 85 412 986 219 156  5
9 145 146 0 20 92 54 69 304 731 192 150  6
9 154 149 0 20 92 38 69 88 110 155 158  7
9 150 171 15 4 92 54 69 80 104 152 157  8
9 150 156 4 20 92 54 69 80 105 150 150  9
9 150 139 0 20 76 38 69 82 104 150 153  10
9 155 146 0 20 92 38 69 82 108 158 15000  11
Chip#2
239 92 197 77 34 259 120 129 163 146 137 94  0
239 95 197 140 36 259 124 130 163 151 147 95  1
239 87 197 79 34 259 126 128 159 152 147 93  2
239 96 220 327 123 259 367 238 168 286 251 97  3
239 87 255 517 259 259 414 254 159 291 235 93  4
239 90 195 116 45 259 135 131 163 151 143 91  5
239 92 203 197 78 259 127 130 157 151 149 93  6
239 93 224 379 244 259 137 138 166 154 153 95  7
239 89 194 172 56 259 118 127 155 146 142 85  8
239 89 197 140 34 259 126 133 161 154 153 91  9
239 90 193 77 35 259 128 135 161 154 153 94  10
239 95 200 140 35 259 124 130 163 150 145 15000  11
