
Chip#1
99 100 98 101 96 104 101 98 97 101 100 99  0
102 97 104 109 100 106 109 102 107 100 101 96  1
105 105 117 124 105 118 134 107 119 137 111 102  2
98 94 104 103 101 108 114 100 109 116 102 99  3
108 102 121 130 108 115 130 107 111 104 106 107  4
98 99 538 545 101 550 937 118 111 121 100 98  5
103 100 282 295 105 349 564 112 113 117 102 105  6
102 102 118 121 107 109 112 103 103 99 102 105  7
103 102 693 661 103 365 435 103 106 100 102 98  8
97 99 464 412 103 369 433 102 102 101 98 96  9
104 102 103 108 104 106 109 97 111 99 96 101  10
106 99 97 102 102 100 105 96 101 93 96 15000  11
Chip#2
106 109 107 105 113 107 107 100 104 98 107 105  0
110 110 110 108 112 112 111 106 106 104 111 111  1
109 110 109 112 116 114 111 106 102 108 107 110  2
118 118 116 120 123 117 128 117 113 115 124 115  3
106 110 111 124 119 112 123 117 102 111 115 108  4
111 117 112 115 118 111 113 111 105 105 109 112  5
106 111 104 113 113 113 253 254 106 172 245 112  6
111 112 112 124 118 122 511 508 111 261 348 123  7
110 114 112 113 115 114 151 145 106 113 129 111  8
118 120 117 119 121 117 159 182 112 173 283 127  9
111 109 109 109 113 109 283 352 118 290 508 162  10
105 105 104 104 107 103 131 148 100 115 162 15000  11
