
Chip#1
112 116 114 129 110 115 113 110 112 113 115 117  0
115 110 106 129 113 115 108 110 106 115 111 113  1
109 102 109 111 107 110 107 105 105 109 104 111  2
115 113 106 129 110 115 111 110 105 113 112 111  3
113 109 110 129 109 113 108 110 110 112 109 116  4
108 112 107 109 104 108 102 108 108 105 105 107  5
108 102 102 110 101 107 103 105 98 105 102 108  6
109 102 102 107 98 106 100 105 101 105 106 105  7
108 103 102 106 100 104 102 102 102 104 104 107  8
108 107 103 129 104 106 103 101 102 103 108 109  9
109 109 103 113 106 110 105 105 106 110 106 111  10
115 114 109 111 104 113 109 104 109 108 114 15000  11
Chip#2
112 109 109 110 118 119 125 112 110 113 114 118  0
112 106 108 106 108 114 120 105 104 107 113 117  1
112 110 109 105 115 112 116 106 103 113 112 111  2
111 111 112 108 114 111 119 105 104 118 116 115  3
114 111 114 105 115 119 120 112 105 114 113 117  4
109 111 109 112 113 115 119 105 104 113 112 110  5
115 111 106 104 111 112 121 105 106 110 113 113  6
109 106 112 104 114 115 115 109 106 112 112 113  7
111 106 109 105 114 118 121 108 106 110 112 114  8
109 102 108 101 111 112 115 101 101 105 106 108  9
112 109 111 108 108 118 121 105 105 114 112 114  10
111 105 108 102 113 115 117 104 106 112 112 15000  11
