
Chip#1
0 117 232 28 93 22 162 142 160 121 60 133  0
0 186 232 28 100 22 183 158 162 166 85 133  1
0 186 248 4 108 22 186 164 169 168 87 135  2
0 66 164 4 98 22 163 148 158 127 63 133  3
0 139 232 16 122 22 199 176 167 158 81 128  4
0 141 176 16 126 22 195 170 68 155 78 135  5
0 116 232 1 102 22 169 162 165 130 61 133  6
0 66 216 19 118 22 193 175 162 174 100 126  7
0 132 232 17 116 22 188 169 166 164 91 132  8
0 66 232 17 105 22 173 159 160 134 63 134  9
0 66 170 11 114 22 218 210 68 162 93 135  10
0 66 166 2 109 22 198 184 160 142 72 132  11
Chip#2
235 90 165 173 105 102 0 259 132 287 94 17  0
251 98 165 173 103 101 0 259 132 287 100 14  1
251 98 168 189 119 113 0 269 148 288 111 31  2
230 90 165 173 104 107 0 262 132 289 98 21  3
231 90 166 189 115 107 0 268 148 288 108 21  4
224 90 165 189 110 102 0 263 148 289 98 19  5
226 90 165 173 108 103 0 263 148 289 97 18  6
235 90 165 189 114 107 0 268 148 288 118 26  7
230 90 165 189 114 103 0 264 148 288 111 23  8
223 90 165 189 103 100 0 259 148 289 94 12  9
237 90 166 189 114 109 0 269 83 289 100 19  10
249 90 173 205 125 112 4 275 148 288 106 27  11
