
Chip#1
115 122 110 119 120 109 138 159 106 108 106 101  0
188 189 136 214 229 152 536 557 164 131 131 101  1
172 185 134 207 223 168 520 532 164 136 147 107  2
135 130 108 112 119 112 162 175 110 105 106 98  3
239 240 128 139 137 131 555 584 164 119 131 96  4
197 202 121 128 137 133 541 574 164 123 131 98  5
140 139 117 117 124 117 175 172 110 113 110 101  6
230 231 131 139 139 168 622 585 164 138 147 105  7
196 187 119 132 131 140 573 551 138 140 147 100  8
140 139 116 116 117 115 196 178 106 113 131 99  9
236 236 145 135 136 184 631 542 134 160 163 107  10
193 191 120 124 125 168 577 509 128 148 163 15000  11
Chip#2
112 105 101 99 99 98 96 98 98 101 100 103  0
112 122 114 110 125 108 366 390 98 113 108 115  1
112 124 102 110 138 103 707 706 98 106 98 95  2
112 112 112 100 109 103 144 135 98 108 102 108  3
112 129 109 103 115 110 425 496 98 115 112 109  4
128 150 122 114 126 121 481 535 98 119 112 116  5
112 110 114 107 111 111 114 114 98 111 102 110  6
112 131 107 104 114 111 395 450 98 109 109 107  7
112 130 110 105 113 109 296 316 98 113 106 107  8
85 106 106 98 103 108 146 153 98 108 106 113  9
112 136 112 97 108 99 683 834 98 113 104 100  10
112 132 112 100 114 109 312 390 98 115 112 15000  11
