
Chip#1
116 120 114 129 110 112 107 109 108 113 120 125  0
115 114 110 129 105 112 103 110 107 112 115 125  1
108 110 109 129 105 112 104 108 108 108 110 111  2
111 114 613 508 115 720 578 113 676 504 115 111  3
104 111 648 562 106 513 384 113 450 336 112 112  4
108 120 116 145 115 120 111 112 114 117 115 113  5
115 117 513 517 115 149 138 113 141 135 116 122  6
113 113 456 457 113 140 135 112 125 125 114 114  7
112 116 115 129 115 115 108 110 109 114 115 114  8
108 117 109 129 106 143 133 102 137 137 111 112  9
105 109 110 129 107 132 126 106 124 125 109 112  10
109 110 111 129 107 107 104 104 106 107 110 15000  11
Chip#2
114 106 108 105 120 115 121 104 104 109 112 115  0
118 103 112 112 117 117 120 104 104 113 113 113  1
117 109 114 108 115 120 120 106 108 114 114 117  2
105 105 103 100 111 195 164 104 126 128 106 110  3
112 102 105 102 114 165 144 102 119 121 110 110  4
111 109 114 110 111 120 124 105 103 110 116 113  5
114 113 292 223 117 144 139 108 131 132 118 118  6
108 110 243 179 115 133 132 106 117 120 111 117  7
112 110 111 114 118 121 121 109 112 114 117 118  8
112 115 359 283 123 390 312 108 309 272 116 115  9
117 114 310 231 118 318 249 112 253 242 118 126  10
122 110 109 108 117 123 127 106 113 113 118 15000  11
