
Chip#1
395 379 304 422 394 382 363 340 323 301 323 363  0
379 379 301 418 390 382 363 338 319 297 311 363  1
378 363 300 417 390 382 363 337 326 301 305 347  2
377 379 1419 1264 398 1659 1364 347 1567 1123 306 347  3
378 379 1487 1341 394 1202 973 341 1060 774 306 347  4
377 379 310 424 395 382 363 341 323 299 310 297  5
378 379 1163 1254 397 387 449 341 423 338 309 296  6
377 363 1071 1093 398 386 441 337 349 320 306 296  7
378 379 305 422 396 383 363 340 323 294 306 296  8
378 363 303 422 395 390 450 338 431 350 307 297  9
377 363 301 417 391 388 425 336 343 325 305 347  10
378 379 302 420 397 387 399 337 319 295 309 15000  11
Chip#2
411 454 304 397 395 301 347 457 363 413 335 296  0
459 453 303 396 394 297 289 452 347 413 334 295  1
411 455 304 397 396 304 347 457 363 413 334 296  2
411 457 308 400 400 424 391 459 379 428 338 300  3
460 454 305 398 395 403 307 457 363 418 333 294  4
395 454 303 397 396 298 289 452 363 410 329 291  5
462 459 485 462 398 314 301 458 379 426 337 298  6
463 457 457 436 398 308 297 461 363 420 333 294  7
395 452 306 396 397 304 291 456 347 413 333 292  8
411 464 529 503 404 538 469 463 570 503 338 299  9
463 460 500 468 401 484 432 462 529 479 337 295  10
411 459 307 399 396 299 295 461 363 415 340 15000  11
