
Chip#1
372 373 294 414 385 347 363 329 314 292 307 295  0
372 372 288 407 385 347 390 327 308 289 296 347  1
373 373 293 414 390 363 396 330 317 293 301 347  2
372 373 674 677 394 714 717 337 718 562 302 347  3
372 372 688 702 394 619 554 335 551 465 301 347  4
295 372 298 415 391 347 363 334 319 293 302 291  5
363 373 539 657 389 379 407 331 328 300 297 347  6
363 372 522 655 392 379 413 337 327 301 303 347  7
347 372 288 407 384 347 391 327 310 287 296 284  8
363 372 292 410 386 363 409 328 328 302 301 289  9
363 372 287 410 384 363 400 329 321 293 296 288  10
363 372 290 411 387 347 387 331 311 286 296 15000  11
Chip#2
458 452 304 391 397 295 295 456 363 412 334 296  0
462 458 307 397 398 301 295 461 363 416 337 303  1
462 453 307 395 400 304 347 458 363 412 334 301  2
460 456 305 393 401 443 406 459 395 434 336 302  3
461 453 307 393 398 414 383 458 379 423 336 300  4
463 457 310 398 400 304 295 458 363 415 336 299  5
411 458 540 497 400 397 363 460 395 436 336 301  6
466 458 502 464 403 388 363 460 379 431 338 303  7
462 451 306 395 396 305 292 457 363 413 336 295  8
458 455 619 556 395 688 537 457 611 548 331 297  9
462 456 555 503 399 554 477 458 579 520 363 304  10
411 456 307 395 399 304 347 458 363 417 337 15000  11

Chip#1
363 296 288 406 380 347 363 326 306 288 300 290  0
379 363 285 406 384 347 363 328 306 289 302 347  1
363 363 292 410 388 363 398 333 316 295 301 347  2
347 347 668 668 380 705 706 329 705 555 295 282  3
347 363 682 702 384 603 550 330 549 463 296 285  4
347 297 287 407 384 347 363 326 309 286 295 286  5
363 363 531 660 383 379 409 330 322 303 295 347  6
347 363 513 657 379 363 404 328 314 294 296 279  7
363 363 292 414 387 363 395 334 312 291 305 347  8
347 363 283 404 379 363 404 326 320 298 295 282  9
363 363 282 405 378 363 398 326 315 292 290 279  10
347 347 284 404 383 331 342 326 305 283 293 15000  11
Chip#2
457 451 304 396 391 298 347 455 363 412 333 295  0
459 450 305 396 394 298 347 455 363 412 335 295  1
458 450 304 392 390 301 347 454 363 408 333 298  2
454 448 304 393 393 440 396 453 395 425 331 295  3
460 449 305 394 394 420 383 459 379 423 333 296  4
454 448 304 394 389 299 286 453 363 410 331 292  5
459 447 533 492 392 391 297 455 395 430 332 295  6
456 452 494 458 394 387 298 453 379 422 334 298  7
462 448 303 395 394 301 291 457 363 409 332 296  8
456 450 619 562 394 690 538 455 611 550 331 294  9
395 453 560 502 391 552 474 456 575 518 333 299  10
462 449 304 394 393 302 289 457 363 413 337 15000  11

Chip#1
379 379 293 408 385 363 397 331 313 286 307 363  0
379 363 285 404 383 363 389 325 306 284 297 347  1
363 363 289 406 385 347 363 327 310 286 298 283  2
363 363 670 676 385 709 714 329 715 559 295 286  3
363 363 686 699 383 619 547 325 542 460 296 281  4
363 363 292 409 384 347 363 326 311 287 295 285  5
347 347 535 656 378 363 402 322 316 292 291 279  6
363 363 519 654 382 379 402 324 316 290 291 347  7
363 363 292 408 383 347 391 328 310 284 295 285  8
363 363 295 409 387 379 411 329 324 303 296 347  9
363 363 288 405 382 363 397 324 310 292 292 283  10
363 347 287 404 382 347 391 326 305 281 294 15000  11
Chip#2
395 442 298 390 388 297 284 453 347 411 331 295  0
395 444 296 390 388 296 282 447 347 407 329 293  1
460 448 306 395 393 303 347 454 363 413 336 299  2
457 447 303 394 393 441 396 453 379 425 335 295  3
457 450 306 397 394 413 363 457 379 423 332 295  4
462 455 308 397 393 301 347 455 363 413 335 298  5
395 451 536 494 393 389 301 456 379 432 333 296  6
395 447 495 460 393 309 295 454 379 420 333 294  7
457 443 303 391 391 297 285 451 363 412 331 293  8
455 447 619 556 394 686 539 452 611 552 331 293  9
455 447 554 500 391 548 470 452 573 518 333 297  10
463 450 303 395 395 298 290 456 363 413 340 15000  11
