
Chip#1
944 854 913 726 883 949 818 1161 1022 884 877 797  0
969 864 1053 820 919 955 824 1161 1030 900 881 829  1
969 882 1074 742 934 962 825 1161 1031 900 885 813  2
961 821 1065 742 928 971 829 1161 1032 900 884 813  3
961 873 1065 742 935 976 826 1161 1037 1004 882 813  4
961 871 1068 742 932 974 823 1161 1038 1004 881 813  5
961 898 1075 742 939 993 825 1161 1092 1004 884 813  6
969 902 1080 742 1036 1010 828 1170 1092 1004 887 829  7
961 915 1086 742 971 996 832 1145 1033 900 887 813  8
961 909 1086 742 971 1010 826 1161 1031 900 884 829  9
969 911 1086 742 971 1010 826 1145 1035 1004 887 829  10
969 916 1081 826 987 1042 838 1161 1108 1004 889 15000  11
Chip#2
3793 3630 3708 3740 3604 3644 3524 3434 3513 3486 3544 3573  0
3793 3609 3628 3692 3580 3542 3341 3367 3356 3306 3288 3333  1
3621 3514 3608 3573 3448 3436 3224 3184 3225 3137 3151 3102  2
3553 3392 3608 3532 3361 3363 3200 3107 3081 2988 3047 3013  3
3505 3290 3435 3484 3330 3319 3081 3067 3049 2933 2975 2997  4
3473 3326 3450 3516 3376 3353 3200 3113 3081 2995 3007 3029  5
3322 3388 3544 3573 3556 3489 3237 3184 3209 3080 3039 3061  6
3328 3530 3641 3804 3692 3671 3497 3387 3305 3120 3032 3187  7
3578 3701 3768 3829 3796 3804 3636 3564 3389 3230 3167 3221  8
3837 3746 3816 3829 3812 3816 3684 3696 3644 3387 3288 3364  9
3869 3746 3800 3829 3812 3806 3686 3704 3753 3485 3288 3493  10
3871 3746 3816 3829 3812 3813 3728 3745 3785 3526 3288 15000  11
