
Chip#1
120 124 119 129 118 120 119 121 121 125 127 130  0
104 111 105 129 107 108 104 104 102 104 108 111  1
115 118 122 129 119 116 114 115 112 119 125 125  2
116 116 117 129 118 115 117 114 112 114 123 121  3
116 114 114 129 115 115 111 112 110 115 116 118  4
108 118 110 129 107 115 110 108 107 110 115 114  5
116 116 115 129 116 116 114 112 108 118 119 117  6
107 114 111 129 109 113 111 109 107 108 112 116  7
116 117 118 129 115 122 110 116 114 117 123 124  8
116 118 118 129 115 116 109 113 110 115 119 120  9
117 120 118 129 118 122 110 116 113 113 122 121  10
122 124 122 129 122 124 116 118 114 119 122 15000  11
Chip#2
118 114 112 115 125 123 129 115 114 114 120 122  0
112 113 114 115 120 123 128 109 113 117 118 122  1
117 114 117 113 123 124 127 113 109 116 114 122  2
114 114 112 108 120 118 120 106 110 113 112 121  3
111 107 111 104 114 114 121 104 105 110 111 114  4
119 115 117 115 121 121 127 115 109 114 118 121  5
115 110 109 112 118 115 120 109 105 113 114 119  6
119 114 115 110 118 123 127 113 110 117 116 122  7
115 107 112 102 115 118 120 109 106 112 112 114  8
118 117 117 114 121 121 125 113 114 116 120 122  9
117 111 112 112 120 114 125 111 110 114 114 118  10
118 110 114 109 118 120 120 109 108 114 116 15000  11
