
Chip#1
111 110 114 129 110 113 106 112 109 117 112 118  0
109 116 111 129 110 112 110 109 108 114 109 112  1
104 111 107 129 106 113 105 108 105 105 110 107  2
107 110 114 129 104 112 104 106 106 110 109 111  3
105 113 111 129 113 112 105 113 105 109 114 116  4
105 114 107 129 110 112 103 106 104 107 112 112  5
115 114 111 129 111 112 105 110 109 114 120 116  6
107 110 113 129 105 113 106 110 108 108 112 112  7
112 114 118 129 114 118 110 113 110 118 118 120  8
109 109 113 113 109 113 103 106 107 112 112 113  9
109 114 113 129 110 115 108 109 108 113 110 117  10
121 124 124 145 119 124 116 118 113 118 122 15000  11
Chip#2
111 109 108 102 115 115 120 109 108 110 114 113  0
114 107 111 106 117 117 121 106 106 114 116 117  1
109 105 106 100 113 117 116 105 101 110 113 108  2
111 113 111 110 117 117 123 113 109 118 116 113  3
111 111 109 104 113 118 121 112 104 113 114 114  4
108 109 112 106 113 112 119 105 103 113 113 111  5
111 103 109 104 113 115 119 106 109 116 116 111  6
108 103 106 105 113 114 117 105 103 109 110 110  7
106 103 105 101 108 112 117 106 103 107 111 111  8
114 110 112 106 115 118 123 111 105 117 114 113  9
105 101 106 100 110 111 116 99 104 106 107 108  10
114 109 111 106 114 118 120 108 110 114 117 15000  11
