
Chip#1
107 109 103 114 102 110 105 101 109 110 106 114  0
112 110 103 129 104 115 107 105 107 109 104 113  1
111 105 102 113 102 110 105 104 106 109 106 111  2
108 107 105 129 105 113 107 104 106 109 109 113  3
104 103 97 105 97 103 100 95 97 99 104 101  4
104 101 97 101 98 106 96 97 97 100 98 100  5
109 105 97 129 101 113 104 100 100 104 102 103  6
104 103 97 109 102 102 99 100 100 98 101 100  7
103 99 93 103 98 99 97 97 98 102 100 103  8
102 103 98 109 102 107 102 100 101 100 100 105  9
108 105 100 110 102 110 108 102 104 105 106 112  10
111 109 103 129 104 110 105 101 107 105 105 15000  11
Chip#2
105 103 108 104 107 107 123 97 102 103 107 108  0
101 101 99 98 105 104 112 102 100 102 106 104  1
111 105 106 106 110 107 121 105 105 106 112 105  2
105 99 106 100 104 107 115 99 101 102 106 109  3
104 102 105 98 103 105 117 102 100 107 108 108  4
102 95 100 97 101 107 112 98 94 101 106 101  5
104 101 102 100 108 107 115 102 98 103 108 108  6
102 98 100 98 101 101 109 98 93 99 102 100  7
105 101 100 96 103 108 113 102 101 98 106 106  8
102 99 102 94 98 103 109 97 93 99 104 100  9
104 99 99 97 101 107 112 99 94 105 104 106  10
105 102 103 98 107 105 115 99 96 102 107 15000  11
