
Chip#1
122 122 113 129 109 116 104 109 110 117 126 125  0
121 120 113 129 110 115 106 113 109 114 120 120  1
108 117 113 129 110 118 105 116 118 113 114 114  2
108 116 637 513 115 752 581 114 686 507 114 111  3
104 116 667 563 109 523 381 114 466 341 114 112  4
111 116 117 129 110 115 105 108 110 113 114 112  5
105 110 527 512 106 134 122 106 125 124 109 107  6
105 117 487 457 109 136 122 105 120 120 110 109  7
103 106 107 109 106 110 97 102 106 109 110 108  8
111 114 114 129 110 144 133 106 138 140 115 116  9
113 117 113 129 111 132 125 108 122 125 115 117  10
113 116 111 129 110 116 107 106 110 113 120 15000  11
Chip#2
115 110 103 109 124 119 124 104 108 110 116 118  0
115 111 106 110 120 119 119 108 110 113 114 115  1
118 118 114 117 125 126 131 111 116 114 118 118  2
112 110 102 105 118 193 167 105 126 126 110 111  3
118 115 106 113 118 166 148 108 122 122 116 109  4
115 115 109 115 124 120 124 108 109 116 117 114  5
115 117 316 238 115 135 135 105 134 132 114 114  6
115 114 257 237 120 133 133 106 118 121 114 113  7
119 115 108 117 120 126 124 108 116 117 114 118  8
118 121 387 307 120 430 343 113 337 292 117 114  9
118 122 334 249 124 342 276 113 274 259 117 119  10
115 113 105 108 120 117 120 108 108 112 121 15000  11
