
Chip#1
132 109 110 113 114 111 121 117 108 109 131 106  0
146 137 124 153 164 125 231 239 121 118 131 109  1
137 125 116 144 164 122 231 230 119 115 131 102  2
132 113 109 116 115 114 127 122 109 107 131 103  3
162 143 115 117 116 116 232 239 121 112 111 105  4
146 135 114 116 114 114 231 239 116 109 109 98  5
111 105 106 115 111 109 122 118 103 104 102 102  6
158 143 121 121 120 125 245 230 118 118 131 107  7
146 134 116 119 116 119 232 226 115 121 117 103  8
113 114 114 111 107 107 130 122 107 113 105 105  9
146 137 117 115 114 122 241 215 112 117 131 98  10
150 136 120 119 120 127 242 220 120 127 131 15000  11
Chip#2
81 98 96 93 98 92 95 91 72 95 94 98  0
128 107 109 99 108 105 167 194 102 105 108 112  1
112 117 109 105 119 103 259 247 102 109 103 108  2
128 107 106 103 106 105 109 104 102 107 98 105  3
112 112 102 99 106 103 185 194 102 106 102 107  4
112 117 106 103 110 105 193 207 102 105 104 107  5
128 107 106 93 103 100 102 97 102 99 99 104  6
112 112 104 99 106 102 176 178 102 105 102 107  7
112 112 104 97 106 99 141 146 102 100 99 104  8
112 100 107 103 101 102 112 112 102 106 105 109  9
128 118 114 99 115 106 257 285 102 107 109 115  10
112 107 103 93 98 94 144 162 102 96 97 15000  11
