
Chip#1
108 111 97 104 104 99 115 116 100 110 105 104  0
139 164 104 123 109 107 134 130 108 135 124 109  1
144 168 106 112 108 106 129 133 105 133 124 107  2
113 116 100 112 106 104 121 124 105 133 113 107  3
114 119 97 111 107 103 131 134 102 133 112 102  4
114 122 99 112 108 106 127 133 105 122 119 107  5
109 113 103 113 107 107 120 126 108 117 111 107  6
116 137 104 126 123 112 138 140 110 138 129 110  7
109 115 102 113 112 106 125 133 105 138 118 101  8
110 111 97 106 105 106 118 127 104 112 110 103  9
114 116 97 109 107 104 131 140 106 138 116 103  10
108 117 100 113 104 103 127 133 108 116 116 15000  11
Chip#2
145 153 131 130 125 125 129 126 131 136 132 130  0
152 153 130 123 119 126 124 120 127 136 133 126  1
142 153 128 124 115 123 124 118 127 136 127 127  2
135 137 131 127 125 129 129 131 130 136 133 133  3
130 127 127 120 118 119 125 120 126 136 124 126  4
131 130 127 123 121 121 125 117 127 136 126 126  5
131 129 124 126 119 121 125 118 126 136 131 127  6
135 132 127 129 122 123 127 123 126 136 134 130  7
135 132 129 131 125 125 128 122 130 136 132 127  8
131 130 127 126 122 123 118 121 129 136 122 124  9
146 145 140 133 131 137 140 136 136 136 139 132  10
145 137 129 127 121 123 127 126 134 136 127 15000  11

Chip#1
105 109 100 108 104 104 113 105 102 106 102 104  0
139 157 98 114 106 102 125 115 99 121 118 101  1
139 162 103 111 106 99 121 127 104 138 118 104  2
110 113 98 109 104 100 113 109 101 109 105 104  3
121 123 107 114 113 112 134 132 110 123 119 109  4
105 111 90 104 104 99 121 124 94 111 107 98  5
110 113 103 114 104 111 117 126 109 112 107 108  6
115 119 102 122 111 108 127 132 105 126 121 104  7
114 113 97 113 106 107 123 132 104 117 113 103  8
101 109 94 103 104 102 113 108 101 104 101 98  9
109 113 95 107 106 100 131 134 101 116 113 97  10
113 117 99 108 108 107 124 115 104 111 113 15000  11
Chip#2
133 132 114 116 118 119 116 112 120 136 116 117  0
141 145 118 112 112 116 114 114 118 136 118 117  1
133 144 120 119 117 117 123 117 131 136 119 122  2
123 122 110 112 113 115 108 108 118 136 112 113  3
127 131 122 123 121 123 125 117 127 136 123 123  4
123 126 119 118 115 118 114 114 114 136 120 112  5
126 130 120 122 119 118 121 122 129 136 123 118  6
130 131 122 126 126 126 127 121 127 137 136 127  7
131 134 123 129 130 125 125 126 130 136 132 126  8
130 136 124 131 126 129 132 122 150 137 123 127  9
127 122 118 115 118 121 121 114 121 121 120 115  10
141 137 128 127 133 125 125 126 133 131 128 15000  11

Chip#1
106 112 95 103 104 102 107 105 97 105 99 99  0
141 157 106 111 104 103 124 125 100 138 115 102  1
142 168 108 111 104 106 125 132 109 124 118 107  2
109 113 95 107 104 102 112 110 101 106 101 103  3
103 112 95 104 104 98 119 114 98 116 106 93  4
105 142 93 104 104 96 115 124 96 111 102 97  5
101 110 97 107 104 106 111 114 106 110 101 104  6
111 116 100 121 109 103 123 129 105 123 121 98  7
111 119 99 117 107 110 118 127 104 117 111 104  8
108 109 102 106 104 106 112 115 109 110 106 104  9
106 115 97 104 104 100 129 138 103 117 109 93  10
115 119 104 112 104 103 125 130 105 119 113 15000  11
Chip#2
124 123 110 115 107 112 105 111 116 116 112 109  0
141 144 118 112 116 117 114 113 117 131 123 114  1
131 140 114 116 111 116 114 113 122 131 116 121  2
124 126 116 116 115 118 113 117 122 131 119 119  3
119 123 115 115 115 116 119 117 121 131 118 114  4
123 130 116 124 120 119 120 120 121 131 120 122  5
126 127 119 119 117 118 121 117 125 131 118 121  6
128 130 118 120 119 119 119 116 126 131 127 121  7
118 122 114 120 115 115 116 112 122 131 123 119  8
126 125 120 120 117 119 120 118 125 131 122 122  9
124 127 110 115 115 115 121 118 121 131 119 121  10
138 135 123 124 122 125 128 121 131 131 131 15000  11

Chip#1
104 109 95 104 104 100 111 110 105 106 104 98  0
136 154 100 112 104 103 120 126 102 138 115 103  1
142 161 105 107 104 98 118 124 99 121 117 98  2
108 112 95 104 104 98 112 109 106 110 102 101  3
118 124 100 116 111 106 130 133 114 122 115 103  4
110 112 97 109 104 104 118 127 102 112 110 101  5
108 111 102 109 104 103 114 124 108 110 106 103  6
111 117 95 122 114 104 127 130 105 126 118 102  7
111 117 100 116 107 104 119 118 105 118 115 98  8
103 104 98 106 104 102 112 108 101 107 100 101  9
108 112 95 104 104 99 125 135 102 115 112 99  10
109 111 98 109 104 103 120 119 98 109 107 15000  11
Chip#2
128 132 116 119 114 112 112 114 126 131 119 119  0
142 153 120 118 115 121 119 117 126 131 122 121  1
127 136 108 110 108 111 112 107 116 131 112 110  2
116 118 106 114 112 107 112 108 114 131 114 113  3
127 134 116 120 122 121 124 122 126 131 128 121  4
124 129 118 123 119 121 120 117 122 131 119 119  5
120 125 116 122 116 116 113 117 120 122 115 115  6
125 131 116 122 121 118 121 112 122 131 123 115  7
122 131 119 120 121 122 119 118 121 131 126 117  8
120 126 115 118 115 117 112 116 118 131 118 119  9
126 130 116 116 121 121 123 117 122 131 119 113  10
130 131 115 118 115 117 117 114 117 123 118 15000  11
