
Chip#1
98 96 94 99 95 101 101 98 101 92 97 104  0
103 101 106 107 101 106 107 105 106 100 102 100  1
103 101 116 119 103 118 128 110 114 124 103 99  2
102 101 105 109 105 114 116 107 112 113 100 100  3
103 101 120 125 105 116 127 108 111 101 102 99  4
111 104 485 501 114 500 836 132 121 126 112 108  5
104 100 262 274 104 315 497 111 109 112 103 101  6
105 101 115 120 102 101 112 105 111 100 98 98  7
98 100 611 594 103 326 387 107 101 93 98 99  8
110 106 421 381 105 331 394 109 108 101 102 101  9
103 97 104 101 98 99 105 100 102 95 96 96  10
110 101 102 106 98 105 104 107 106 97 100 15000  11
Chip#2
105 103 104 100 110 102 105 102 102 101 104 109  0
103 101 101 102 107 102 104 100 96 96 99 103  1
110 113 109 110 110 109 113 109 106 104 111 112  2
105 104 103 109 106 103 110 102 98 98 105 104  3
112 118 115 116 121 113 120 116 111 110 116 116  4
102 104 106 105 105 103 102 98 96 99 101 103  5
103 104 104 104 108 106 149 144 102 119 139 105  6
103 101 101 104 107 104 213 210 98 138 171 104  7
111 108 112 112 113 109 119 119 106 105 115 109  8
103 105 103 108 106 106 118 120 101 117 152 109  9
111 109 110 114 114 113 155 179 107 154 235 132  10
107 106 106 104 108 108 116 114 100 108 125 15000  11
