
Chip#1
115 110 106 106 101 112 100 101 105 105 111 120  0
117 112 102 129 104 107 97 101 104 102 110 114  1
113 117 113 129 114 115 110 110 113 115 112 116  2
108 110 533 442 107 627 512 108 567 431 114 114  3
107 111 570 495 110 464 344 109 390 298 112 114  4
104 113 106 129 104 108 105 102 104 107 108 109  5
111 114 419 434 113 143 136 110 130 129 111 114  6
105 107 378 401 109 132 120 105 120 119 108 108  7
108 113 113 129 111 115 108 110 109 110 119 120  8
115 112 111 129 110 140 133 104 137 135 112 116  9
115 117 106 129 106 131 126 110 124 125 115 117  10
108 109 106 129 106 112 104 102 107 109 110 15000  11
Chip#2
109 106 106 102 115 112 113 109 108 110 111 115  0
112 107 105 101 110 115 113 104 104 109 112 111  1
115 110 105 104 107 114 117 108 105 110 110 115  2
115 111 106 106 115 188 167 111 130 131 113 114  3
112 110 109 105 113 163 145 109 122 122 116 111  4
117 115 115 108 117 112 120 111 110 114 113 114  5
111 110 260 205 114 135 132 109 129 131 112 111  6
109 107 217 161 110 120 120 106 121 118 107 110  7
112 109 114 108 114 117 119 109 106 113 113 111  8
114 111 318 259 115 352 291 113 276 246 113 113  9
115 114 278 210 115 276 226 108 222 222 111 113  10
119 111 112 102 115 114 119 111 109 117 117 15000  11
