
Chip#1
116 105 97 106 98 101 105 104 104 101 100 104  0
108 102 147 177 105 134 185 110 119 174 102 99  1
92 96 614 827 111 576 1125 145 380 990 192 90  2
98 101 228 318 103 256 470 112 235 522 134 95  3
97 100 100 104 98 100 102 102 107 108 100 95  4
98 100 117 129 102 109 121 103 286 601 140 93  5
97 93 103 108 96 95 109 97 222 462 117 93  6
99 102 103 104 103 100 105 105 109 96 97 96  7
98 95 109 116 102 108 117 96 103 96 91 94  8
96 97 104 112 98 108 114 97 104 93 96 95  9
97 97 99 103 101 97 102 95 102 99 94 95  10
99 97 94 96 101 97 100 97 96 93 97 15000  11
Chip#2
112 111 109 107 108 108 101 105 104 104 106 109  0
107 104 101 102 101 104 101 97 101 102 102 101  1
104 101 104 104 104 104 104 100 100 101 100 101  2
103 104 124 380 201 111 444 335 104 316 373 109  3
107 106 161 613 366 129 600 445 108 370 404 115  4
104 101 104 157 121 104 126 114 102 111 107 100  5
107 105 114 220 168 108 112 110 102 111 116 109  6
101 101 136 499 340 102 113 113 96 109 120 99  7
104 104 106 174 141 102 104 103 102 103 106 100  8
107 104 109 110 107 103 110 111 105 109 115 104  9
107 108 105 107 108 102 113 117 107 111 121 108  10
110 106 107 108 111 106 112 100 102 105 109 15000  11
