
Chip#1
363 372 293 407 386 363 341 329 309 291 303 347  0
363 372 292 411 385 347 340 326 313 288 302 347  1
363 372 292 408 383 347 337 325 315 290 298 284  2
363 347 569 635 385 667 588 323 610 511 297 283  3
363 363 581 679 389 494 507 331 514 437 300 283  4
363 363 292 412 386 363 342 327 311 287 301 282  5
363 295 516 635 383 363 363 327 320 296 299 284  6
363 363 496 603 389 363 363 328 320 296 301 282  7
379 363 290 415 386 363 344 327 312 290 302 347  8
363 363 288 405 383 363 363 322 319 298 297 283  9
363 363 295 414 387 363 363 327 320 299 303 285  10
363 363 288 408 382 347 340 324 307 285 299 15000  11
Chip#2
395 446 298 386 392 292 286 448 347 405 330 288  0
395 446 296 387 386 291 285 449 331 407 329 286  1
395 442 294 384 387 291 282 449 331 401 324 281  2
457 447 293 385 388 304 347 450 347 409 327 285  3
395 445 300 387 390 301 290 450 347 410 327 287  4
395 445 296 389 390 292 283 445 331 405 326 286  5
395 446 324 407 394 298 291 451 347 413 328 289  6
452 449 314 398 392 294 347 450 347 407 326 289  7
395 443 295 384 389 292 285 450 331 405 325 285  8
395 445 363 411 389 401 363 452 363 422 327 285  9
395 448 324 404 390 320 303 395 363 420 328 289  10
395 439 293 382 383 287 280 446 331 363 323 15000  11
