
Chip#1
144 137 126 140 137 122 130 127 121 131 147 119  0
212 214 150 262 283 168 231 233 138 243 244 128  1
189 206 145 252 277 168 231 231 139 254 250 131  2
145 137 116 145 164 116 132 135 113 141 163 111  3
247 237 152 298 296 148 231 226 138 283 279 132  4
212 206 139 256 262 133 231 224 164 286 280 125  5
171 207 126 140 141 125 137 126 122 153 147 115  6
356 351 171 257 242 137 231 209 133 299 291 122  7
303 292 152 246 231 140 231 224 138 320 314 134  8
177 179 129 149 140 122 135 131 119 159 147 120  9
325 329 175 237 214 168 197 182 164 247 219 121  10
284 276 154 205 199 129 197 186 164 243 222 15000  11
Chip#2
112 113 114 113 113 113 112 104 106 111 111 119  0
160 253 147 242 338 123 257 261 98 271 240 114  1
236 461 179 375 572 144 421 392 120 418 313 123  2
128 162 121 120 148 113 130 127 120 142 121 114  3
201 376 163 271 407 126 319 338 104 348 331 120  4
234 523 179 336 516 128 350 358 98 346 289 114  5
128 141 120 113 128 111 120 114 98 134 129 118  6
309 824 225 275 440 129 357 378 112 619 517 123  7
295 779 209 276 372 126 279 293 104 383 329 120  8
128 161 118 108 126 109 123 121 104 158 134 110  9
300 864 271 242 382 126 311 338 114 584 431 112  10
228 552 195 168 265 121 190 212 101 275 236 15000  11
