
Chip#1
57 175 144 2 20 76 22 69 93 122 169 185  0
25 167 390 366 36 284 598 101 164 577 192 178  1
25 168 2723 3472 185 3676 3944 464 2278 3904 1019 172  2
25 168 731 999 52 1212 2766 210 975 3393 431 176  3
25 153 154 9 36 108 54 85 105 182 175 161  4
25 156 219 102 36 140 134 85 1570 3915 447 163  5
25 156 182 36 36 124 102 85 1072 3012 340 159  6
25 163 157 15 52 108 54 101 105 131 169 162  7
9 163 219 98 36 196 102 85 96 117 163 161  8
25 156 219 51 36 196 102 85 91 118 163 161  9
9 159 153 0 20 76 38 69 87 110 159 159  10
25 159 149 0 20 92 38 85 90 118 159 15000  11
Chip#2
239 191 205 140 45 259 128 137 167 157 150 100  0
239 99 199 81 36 259 128 134 163 155 147 94  1
239 191 203 89 43 259 129 138 170 159 157 104  2
239 88 254 577 240 259 507 432 164 385 432 98  3
239 191 312 903 450 259 707 470 174 414 435 113  4
239 98 204 197 60 259 149 144 164 163 155 98  5
239 96 208 287 130 259 137 142 166 165 161 97  6
239 88 263 666 387 259 134 144 162 159 157 92  7
239 91 195 197 73 259 121 131 161 151 142 90  8
239 191 200 140 43 259 132 143 169 163 158 102  9
239 94 199 81 39 259 138 152 166 165 168 102  10
239 101 204 140 46 259 135 137 169 161 155 15000  11
