
Chip#1
110 106 97 106 102 106 109 103 106 108 105 105  0
110 106 116 121 104 116 121 110 112 116 109 110  1
110 111 163 199 105 169 230 112 158 238 125 107  2
111 106 123 145 110 132 158 110 131 184 118 106  3
110 109 111 123 108 114 117 107 106 104 109 107  4
110 109 237 274 108 181 240 114 148 206 118 111  5
116 111 149 161 111 153 183 112 144 191 114 110  6
110 105 104 116 105 108 114 107 111 100 102 102  7
112 111 208 211 115 174 192 116 116 113 113 113  8
109 105 160 158 108 164 183 105 107 103 102 101  9
117 114 109 116 115 111 116 110 113 109 107 112  10
122 120 114 118 112 118 122 114 116 116 118 15000  11
Chip#2
118 119 121 116 118 117 118 118 116 110 119 119  0
113 115 116 115 116 114 117 111 113 109 115 115  1
111 111 111 110 112 111 112 110 106 104 110 112  2
107 111 116 123 119 109 123 118 112 113 121 111  3
116 118 122 140 132 117 135 126 113 121 129 116  4
109 113 111 112 110 109 110 109 107 103 110 106  5
111 111 116 117 117 113 120 118 112 113 126 111  6
113 111 116 133 128 111 132 128 111 121 138 116  7
113 115 119 122 118 116 118 113 112 107 116 109  8
112 111 110 112 118 109 114 114 111 111 118 112  9
106 106 104 104 106 103 120 124 102 110 126 108  10
121 122 122 119 119 118 122 121 116 112 123 15000  11
