
Chip#1
102 109 106 104 104 105 106 107 105 95 106 104  0
109 108 108 105 111 109 107 114 112 104 110 113  1
98 100 108 97 105 104 104 108 101 90 102 100  2
106 104 107 101 109 103 103 111 105 101 101 110  3
107 109 115 101 115 110 108 107 105 100 103 107  4
105 102 107 99 113 111 104 108 106 97 112 107  5
95 91 93 94 96 101 96 98 91 90 92 95  6
106 112 111 105 112 112 110 113 106 102 111 109  7
99 107 104 101 103 102 103 104 103 95 107 103  8
109 110 107 105 109 112 109 111 108 104 111 109  9
108 117 117 116 116 112 112 115 112 108 113 114  10
107 104 107 104 106 110 106 113 105 94 103 107  11
Chip#2
185 203 227 250 250 227 244 231 221 233 225 289  0
185 203 267 250 250 266 244 231 261 2853 1828 267  1
185 203 277 250 250 286 244 231 286 2853 1828 279  2
278 275 265 301 304 263 304 294 261 473 419 252  3
278 275 277 301 304 278 304 294 278 473 4043 250  4
278 275 284 301 304 296 304 294 313 473 4043 272  5
278 278 274 308 300 266 310 306 264 338 309 252  6
278 278 285 308 300 283 310 306 289 338 309 263  7
278 278 280 308 300 285 310 306 313 338 309 255  8
310 285 264 309 291 258 316 289 256 328 292 249  9
310 285 294 309 291 286 316 289 297 328 2294 273  10
310 285 294 309 291 294 316 289 377 328 2294 304  11
