
Chip#1
124 124 122 143 109 122 108 110 113 120 126 124  0
128 130 128 143 119 124 113 112 124 124 129 126  1
117 117 118 143 113 115 104 105 116 119 116 116  2
115 118 170 169 110 166 138 102 158 146 120 117  3
121 124 179 174 115 154 126 109 149 135 120 120  4
124 126 123 129 113 121 109 113 114 123 120 122  5
117 120 166 170 111 124 109 112 114 113 118 117  6
115 118 156 166 105 120 104 104 108 110 112 112  7
117 124 120 129 116 124 105 106 112 114 118 121  8
111 114 109 129 105 117 104 98 110 112 109 111  9
121 124 120 166 111 127 108 113 114 119 120 124  10
113 121 118 129 110 115 102 105 106 113 116 15000  11
Chip#2
127 127 118 117 134 124 142 116 117 120 122 121  0
132 127 118 122 131 128 141 116 118 125 122 123  1
132 131 118 122 137 130 141 115 123 125 124 122  2
127 129 118 118 128 140 148 116 122 124 120 121  3
135 134 126 127 138 142 153 123 130 132 129 130  4
129 127 121 125 137 127 140 113 121 125 124 121  5
135 133 164 151 134 134 144 123 123 129 128 126  6
128 126 150 135 133 130 142 113 117 122 120 122  7
128 123 118 119 134 127 140 115 119 124 124 122  8
134 130 176 160 135 170 176 116 156 148 121 122  9
135 134 166 150 141 161 161 118 148 147 126 131  10
136 131 123 122 134 130 141 119 119 127 124 15000  11
