
Chip#1
115 121 109 115 120 106 131 159 103 108 104 102  0
171 170 131 191 201 137 445 462 141 121 131 101  1
159 166 130 184 202 144 434 440 139 131 131 108  2
122 123 106 112 115 109 143 159 103 104 100 93  3
224 215 136 141 143 136 473 488 147 126 131 108  4
192 187 125 133 135 131 458 484 136 123 131 106  5
139 131 112 122 122 119 165 175 110 109 131 106  6
217 209 136 135 138 168 524 489 164 137 147 109  7
183 175 122 130 128 139 487 456 131 128 131 107  8
133 134 108 117 108 113 175 159 107 110 110 98  9
213 211 135 132 128 168 530 448 122 150 147 100  10
187 179 122 122 124 146 489 430 122 147 147 15000  11
Chip#2
112 105 97 93 94 96 98 96 89 100 98 103  0
112 111 101 97 110 100 289 302 89 107 103 105  1
128 124 108 120 130 109 574 549 89 112 104 112  2
112 108 100 100 108 106 132 132 89 108 100 110  3
112 125 106 103 111 103 344 390 89 112 105 107  4
112 138 108 108 115 110 383 418 89 111 108 109  5
112 100 98 95 99 104 102 106 89 94 95 103  6
112 131 108 107 110 109 358 361 89 113 105 107  7
112 124 107 100 113 110 249 263 89 107 109 112  8
112 113 110 100 106 105 138 144 89 107 105 112  9
128 136 114 98 109 104 568 674 89 111 105 104  10
128 126 115 103 109 104 262 320 89 108 106 15000  11
