
Chip#1
111 113 105 129 106 112 100 109 108 109 111 113  0
119 121 119 129 114 120 107 116 114 119 118 121  1
119 116 119 129 109 118 107 114 108 113 115 117  2
113 120 159 159 106 162 138 112 150 140 114 112  3
112 114 163 165 109 144 122 110 134 129 112 114  4
117 124 119 129 113 120 107 114 113 119 118 116  5
119 120 157 165 114 125 115 116 113 122 122 120  6
111 113 145 159 104 115 103 106 106 112 111 111  7
115 114 111 129 104 113 98 105 104 109 114 111  8
117 116 115 159 110 121 114 114 113 115 112 117  9
119 120 118 129 109 122 110 113 110 114 116 118  10
119 118 118 129 113 116 110 113 110 114 118 15000  11
Chip#2
119 121 111 112 123 117 132 109 110 113 117 124  0
121 119 106 112 123 117 132 108 108 112 112 118  1
124 126 112 113 125 118 129 109 113 116 117 122  2
119 119 106 106 118 126 133 106 110 114 116 113  3
125 122 114 113 120 127 132 113 114 118 117 118  4
124 121 112 112 123 118 129 111 106 116 117 117  5
118 118 139 134 121 119 129 109 113 117 117 118  6
119 117 133 125 121 118 131 109 109 116 116 117  7
127 123 115 114 123 121 133 112 112 116 120 122  8
121 119 145 134 118 151 152 108 138 132 110 117  9
121 119 139 129 118 138 143 109 126 128 113 119  10
129 129 118 118 125 121 137 113 116 117 121 15000  11

Chip#1
111 112 109 109 104 110 102 102 106 108 111 113  0
109 113 111 129 106 107 98 104 105 114 112 112  1
111 109 109 110 107 110 100 108 105 112 109 112  2
112 114 154 159 104 155 132 105 145 137 115 114  3
109 114 159 163 106 143 122 110 134 128 116 112  4
111 114 114 129 109 113 103 112 108 112 118 112  5
115 116 154 164 109 118 105 110 109 112 116 112  6
120 121 160 163 118 122 111 116 120 122 118 121  7
109 113 110 110 106 110 102 108 105 112 112 112  8
119 114 119 129 114 122 117 112 117 117 116 122  9
112 110 109 110 106 116 100 104 106 109 108 111  10
108 114 114 129 105 110 99 102 108 108 110 15000  11
Chip#2
121 113 106 113 120 117 124 108 108 113 116 114  0
111 109 105 106 114 108 120 102 102 106 111 115  1
124 121 112 118 127 118 135 112 117 112 116 119  2
119 122 112 115 123 131 133 106 116 116 114 118  3
115 109 102 108 115 115 120 102 108 109 107 110  4
115 110 106 105 113 110 117 102 103 106 108 107  5
117 113 136 129 120 114 121 106 112 110 116 110  6
119 114 132 125 123 117 127 108 109 114 114 117  7
118 111 109 112 118 119 121 105 106 110 110 118  8
122 119 147 142 123 149 149 108 140 132 114 114  9
121 117 138 132 121 135 142 109 129 128 113 117  10
125 119 112 113 121 117 127 112 110 113 114 15000  11

Chip#1
115 117 119 129 111 116 108 108 114 120 119 121  0
113 116 117 129 111 117 108 113 110 112 112 111  1
108 109 109 109 104 110 99 98 104 108 108 107  2
115 118 159 159 110 162 134 109 149 139 115 114  3
112 117 162 169 111 145 126 108 132 127 115 114  4
107 105 107 129 98 107 97 97 102 104 105 101  5
108 110 150 156 104 113 100 102 108 104 108 108  6
109 112 147 152 106 118 104 102 107 108 111 108  7
111 112 106 152 104 110 99 98 105 107 108 108  8
113 110 111 152 113 120 110 106 110 112 111 114  9
109 113 118 152 107 118 109 109 114 112 110 112  10
115 118 115 152 110 116 102 112 108 112 115 15000  11
Chip#2
115 111 106 110 121 117 124 106 104 113 114 110  0
118 114 105 110 118 115 125 105 105 116 118 113  1
118 114 111 112 118 120 127 108 110 113 113 115  2
119 118 111 112 123 131 136 112 112 116 116 115  3
116 114 112 112 120 124 131 108 110 117 117 117  4
115 111 103 110 115 114 121 105 105 109 113 109  5
111 110 139 123 115 114 123 104 110 109 110 109  6
118 114 133 125 118 118 128 109 112 112 113 113  7
109 113 103 110 117 112 119 101 108 110 112 110  8
109 111 144 134 115 147 142 104 134 126 113 109  9
118 118 135 134 120 141 140 111 130 132 117 118  10
124 114 109 115 120 115 120 109 112 112 116 15000  11

Chip#1
116 120 118 152 110 115 104 110 108 114 114 120  0
111 117 111 152 107 112 104 108 106 113 116 116  1
113 117 111 152 106 115 109 109 108 114 112 117  2
117 121 163 159 116 157 137 112 150 140 119 117  3
117 117 159 167 109 141 125 108 131 129 115 114  4
112 117 113 129 110 116 103 106 108 114 112 117  5
108 116 144 157 107 115 100 106 108 109 110 112  6
112 114 143 155 107 116 104 106 108 112 111 112  7
111 113 113 155 105 115 99 104 106 110 112 111  8
111 112 110 155 107 115 107 101 109 107 110 109  9
113 118 118 155 110 121 111 108 109 113 116 114  10
112 116 119 155 110 115 102 109 107 108 115 15000  11
Chip#2
111 109 105 109 115 110 124 104 105 107 110 105  0
118 114 108 114 118 114 124 105 109 110 112 115  1
117 113 108 113 118 114 119 108 108 110 111 117  2
112 107 103 106 111 120 128 102 109 114 108 113  3
114 107 102 105 111 115 125 104 106 110 110 108  4
117 114 106 114 115 115 124 106 106 112 112 110  5
117 113 139 135 117 115 128 104 114 113 117 117  6
109 109 127 118 117 107 116 101 105 112 111 109  7
114 111 103 112 118 115 120 109 104 112 111 110  8
117 111 142 136 117 148 145 102 135 131 112 110  9
117 113 136 125 117 134 136 104 126 127 111 111  10
121 111 109 109 117 114 121 108 109 116 116 15000  11
