
Chip#1
120 125 109 129 109 116 108 112 107 115 125 129  0
112 117 103 129 101 112 100 106 101 107 108 112  1
115 114 113 113 106 117 105 110 114 115 112 112  2
108 113 633 512 110 720 579 113 661 493 110 111  3
113 122 665 563 113 526 387 112 451 335 114 114  4
111 121 115 129 109 120 105 109 106 112 116 112  5
113 124 520 511 115 150 138 114 135 135 118 120  6
107 112 457 447 102 138 127 108 118 120 108 109  7
113 112 113 129 109 115 106 109 108 110 111 116  8
105 107 109 129 106 145 137 100 135 134 108 107  9
111 113 113 114 106 138 125 108 122 129 112 117  10
112 114 110 129 109 115 106 109 105 108 109 15000  11
Chip#2
109 107 109 105 114 117 119 105 108 107 106 111  0
111 110 109 112 118 118 120 108 106 113 111 113  1
111 107 108 108 114 119 120 106 108 107 108 113  2
108 103 109 108 111 181 163 104 126 126 110 111  3
112 110 114 110 115 162 148 108 123 121 111 115  4
114 114 118 113 120 124 125 105 110 114 112 118  5
109 109 264 205 111 135 131 105 129 128 107 111  6
114 115 231 181 120 134 132 113 125 126 116 118  7
114 111 114 115 123 123 125 111 116 114 113 119  8
111 114 328 264 120 355 290 109 279 249 111 115  9
112 109 289 214 117 290 233 105 222 221 108 118  10
117 113 115 110 118 120 121 108 110 114 118 15000  11
