
Chip#1
355 363 406 459 499 363 363 386 455 312 347 352  0
355 363 413 476 2331 2459 379 395 460 314 496 425  1
388 380 425 495 2331 2459 395 419 477 363 907 557  2
386 380 412 476 603 555 379 391 462 363 406 355  3
386 380 417 484 2587 2027 379 398 461 363 754 519  4
391 388 429 498 2587 3819 379 405 470 363 1211 635  5
363 394 433 477 529 395 363 392 460 363 363 355  6
423 3427 433 492 506 431 379 664 664 363 395 355  7
422 3427 433 489 505 430 363 813 797 363 399 355  8
404 428 466 473 496 423 379 393 465 363 385 355  9
409 4027 466 482 427 363 363 668 575 315 390 353  10
410 3435 466 482 501 363 363 723 648 313 363 15000  11
Chip#2
448 619 523 664 651 619 611 619 635 587 578 685  0
448 619 594 664 651 778 611 619 681 587 578 693  1
448 619 611 664 651 813 611 619 747 587 578 727  2
491 738 611 767 731 699 705 685 701 1147 907 683  3
491 738 700 767 731 837 705 685 745 1147 907 708  4
491 738 651 767 731 841 705 685 813 1147 907 734  5
651 837 611 742 711 778 754 727 726 891 788 679  6
651 837 719 742 711 809 754 727 740 891 788 664  7
651 837 700 742 711 831 754 727 763 891 788 665  8
719 875 599 664 705 699 830 757 680 667 619 664  9
719 875 635 664 705 837 830 757 719 667 3963 692  10
719 875 611 664 705 856 830 757 750 667 3963 15000  11
