
Chip#1
105 113 110 143 106 115 103 109 106 114 115 112  0
108 107 106 105 101 111 97 105 101 105 109 105  1
102 102 105 105 101 108 97 101 101 103 105 100  2
104 106 127 145 101 132 113 102 126 117 110 104  3
108 112 137 145 109 130 114 110 124 118 118 107  4
115 116 111 129 109 121 104 112 109 115 115 112  5
102 107 120 145 98 110 98 101 102 104 110 104  6
109 112 123 129 102 113 98 106 105 109 110 105  7
103 106 105 129 105 107 97 106 105 109 111 103  8
109 110 111 129 104 113 105 104 107 112 116 111  9
108 109 105 129 100 111 99 102 100 104 110 104  10
100 103 97 129 96 110 98 98 101 99 109 15000  11
Chip#2
102 102 93 98 105 108 111 92 96 101 103 105  0
105 106 96 100 103 104 109 97 94 106 102 105  1
112 105 100 101 110 110 113 98 97 105 104 106  2
108 105 95 98 103 103 112 95 90 98 99 104  3
104 105 90 94 101 105 107 92 93 98 99 98  4
107 102 96 101 105 105 109 92 93 101 102 104  5
104 101 93 98 103 103 105 95 96 97 96 106  6
108 103 99 104 108 104 111 95 97 103 100 105  7
101 102 93 100 104 104 109 98 92 99 103 104  8
107 101 103 101 108 108 112 92 100 101 102 105  9
105 103 99 102 105 110 112 94 97 102 102 106  10
108 101 96 98 104 105 111 97 96 97 103 15000  11
