
Chip#1
59 205 118 141 302 168 168 233 160 0 144 319  0
55 201 113 142 303 163 169 231 56 0 142 319  1
53 200 116 147 309 172 173 237 159 0 140 319  2
55 201 127 410 368 167 169 349 424 0 140 319  3
48 201 115 312 320 164 171 253 264 0 140 319  4
53 203 109 138 302 166 171 230 159 0 134 319  5
54 201 117 145 305 165 172 236 162 0 146 319  6
52 201 116 313 357 165 171 236 208 0 140 319  7
50 203 129 472 448 171 167 501 280 0 140 319  8
52 200 114 152 305 168 166 141 167 0 140 319  9
52 194 109 138 298 162 165 231 56 0 138 319  10
60 207 114 144 307 165 166 234 158 0 142 15000  11
Chip#2
124 52 37 0 170 171 196 226 175 179 236 104  0
123 48 37 0 170 170 196 231 177 184 239 112  1
123 47 37 0 170 160 191 225 170 175 229 101  2
126 51 21 0 170 168 193 231 189 195 231 106  3
115 42 21 0 170 161 191 223 193 200 224 94  4
119 49 37 0 170 165 198 227 175 181 233 106  5
116 46 37 0 170 160 190 221 170 174 230 103  6
118 51 37 0 170 166 193 228 182 185 230 104  7
122 51 21 0 170 177 198 227 204 203 237 104  8
124 46 37 0 170 164 195 222 177 184 232 106  9
118 49 37 0 170 164 192 222 172 177 233 105  10
128 53 37 0 170 166 200 232 176 185 238 15000  11
