
Chip#1
95 92 92 89 98 89 41 96 92 89 93 96  0
103 101 101 98 104 99 102 108 99 97 103 97  1
100 105 98 99 104 98 106 104 98 102 105 97  2
93 102 94 90 97 91 102 101 96 95 100 100  3
100 95 91 94 97 93 97 100 89 96 97 95  4
96 101 92 93 105 95 104 106 92 96 96 91  5
101 101 93 96 100 95 98 105 96 98 95 99  6
105 106 99 99 104 95 104 111 97 103 101 99  7
103 106 96 96 103 93 104 107 94 98 102 101  8
103 104 97 96 102 95 101 106 96 100 102 99  9
99 96 91 89 96 93 98 98 89 93 95 92  10
105 106 107 98 108 99 103 105 103 103 101 99  11
Chip#2
104 90 102 114 114 112 105 109 112 107 99 110  0
106 95 101 114 114 114 115 116 110 111 103 114  1
103 90 97 114 113 110 108 109 108 107 102 110  2
110 96 102 118 115 116 111 113 112 110 106 113  3
110 93 100 115 111 112 107 113 108 102 106 116  4
106 90 93 110 109 112 102 104 103 102 97 105  5
107 97 103 117 117 116 109 116 113 113 107 122  6
112 96 104 122 117 120 112 119 118 113 109 120  7
110 95 101 117 115 113 108 113 108 107 106 114  8
107 92 98 110 110 107 104 112 109 105 102 114  9
112 95 100 118 115 110 111 116 113 110 103 116  10
113 100 107 118 115 109 111 116 112 111 109 117  11
