
Chip#1
112 118 113 129 109 115 104 114 109 112 119 121  0
111 117 109 115 110 111 105 108 109 113 109 112  1
111 114 118 129 111 120 106 109 112 110 112 116  2
112 114 243 226 114 256 207 109 235 183 114 111  3
116 121 262 249 116 224 180 118 187 158 120 120  4
116 120 116 129 113 116 104 113 113 113 119 113  5
113 113 215 228 113 122 110 112 114 117 116 112  6
115 118 228 224 115 127 115 113 117 117 115 118  7
113 117 114 129 113 122 108 109 112 117 114 120  8
111 110 109 129 107 135 124 109 121 122 109 114  9
112 116 106 129 106 131 116 106 110 118 110 113  10
117 124 123 129 115 117 111 114 113 113 116 15000  11
Chip#2
112 109 97 105 114 110 115 105 102 106 110 108  0
112 106 98 106 111 107 117 99 98 106 103 108  1
115 111 103 108 117 111 120 104 104 112 110 108  2
114 109 100 106 118 118 119 105 103 109 111 108  3
108 107 99 101 108 112 119 102 102 107 107 108  4
105 105 99 97 108 104 112 91 97 102 107 102  5
108 105 118 115 108 111 113 105 100 107 104 108  6
115 111 120 117 118 114 119 109 110 113 111 110  7
108 106 99 98 108 107 115 101 102 108 107 109  8
111 102 127 119 114 128 131 99 119 120 107 106  9
115 107 121 118 113 124 124 101 114 121 110 109  10
114 106 97 100 107 107 113 99 101 106 106 15000  11
