
Chip#1
99 99 95 102 97 104 104 100 100 96 97 94  0
105 93 102 107 101 106 111 102 103 103 100 96  1
96 97 107 119 93 110 128 101 113 121 102 89  2
102 96 102 112 100 104 114 101 107 115 98 96  3
110 105 123 135 108 118 134 111 112 104 105 104  4
101 100 542 549 103 551 935 124 118 121 100 99  5
101 101 279 293 103 349 561 108 113 121 105 95  6
105 100 117 118 109 108 112 107 106 100 100 96  7
109 110 703 673 110 372 440 109 109 99 107 105  8
99 102 464 417 97 368 436 101 103 97 100 95  9
114 104 108 110 107 112 113 105 111 104 101 104  10
116 109 104 110 111 106 114 107 111 103 107 15000  11
Chip#2
105 108 105 105 107 106 102 102 102 99 105 105  0
110 109 110 107 112 109 112 104 104 104 111 110  1
107 108 105 105 110 106 107 105 104 101 109 110  2
109 110 109 113 108 107 110 109 104 102 111 110  3
113 113 112 119 123 109 117 114 106 108 114 112  4
107 113 106 109 112 107 110 106 100 101 106 108  5
107 108 110 113 116 114 209 211 101 147 196 115  6
107 109 106 115 116 113 392 387 106 204 279 117  7
105 104 106 105 108 107 128 127 100 104 116 105  8
107 111 109 109 108 108 136 150 105 146 227 116  9
109 108 105 107 108 107 215 284 114 239 383 143  10
110 113 106 105 116 109 128 135 104 112 149 15000  11
