
Chip#1
116 113 111 109 109 113 100 105 108 109 122 122  0
121 114 106 129 109 108 100 104 108 107 114 116  1
113 112 114 129 105 117 108 108 110 112 106 118  2
109 112 614 506 105 720 577 109 670 499 114 111  3
111 113 659 567 107 520 387 108 454 338 112 113  4
109 110 109 129 109 113 108 108 109 108 110 108  5
105 107 498 497 109 136 127 102 128 124 109 107  6
111 116 467 464 114 143 132 112 133 129 118 116  7
112 120 114 129 111 120 110 113 112 113 116 116  8
107 110 109 107 109 145 138 106 143 140 111 109  9
108 110 106 111 106 134 126 108 122 127 112 114  10
108 106 107 129 106 110 103 100 105 105 108 15000  11
Chip#2
109 106 108 108 115 119 123 106 112 109 112 114  0
114 105 109 108 113 120 120 105 112 112 110 115  1
105 107 108 102 114 117 116 105 103 107 107 113  2
109 107 112 104 115 195 170 108 134 126 111 115  3
108 106 112 105 113 165 152 106 123 120 108 114  4
109 111 115 110 117 118 127 108 112 112 110 113  5
111 115 291 222 120 141 140 112 138 132 114 115  6
112 114 250 185 117 133 132 112 125 122 114 117  7
109 107 111 109 115 124 120 106 106 114 112 114  8
109 111 360 289 115 388 316 109 313 269 112 114  9
112 119 317 232 118 316 316 108 258 243 114 123  10
115 109 118 109 118 121 123 111 114 116 120 15000  11
