
Chip#1
119 110 114 129 110 113 105 106 112 112 119 118  0
121 113 114 129 107 113 104 106 108 113 112 122  1
111 105 109 129 106 116 108 104 110 110 105 113  2
107 107 597 494 110 695 565 112 649 487 106 108  3
107 112 633 549 107 496 382 109 441 326 110 111  4
108 114 113 129 109 116 105 108 105 112 106 112  5
111 110 492 494 109 141 133 110 132 134 111 117  6
109 110 454 451 109 141 132 105 124 119 110 112  7
111 107 113 129 109 115 105 108 107 112 110 111  8
111 113 115 145 111 149 139 108 142 139 115 116  9
111 113 113 129 106 135 130 112 125 132 114 118  10
115 114 116 129 106 115 103 105 107 108 114 15000  11
Chip#2
105 106 105 106 113 112 120 104 103 107 113 114  0
108 106 108 105 113 112 123 102 106 109 116 113  1
104 105 106 102 113 110 120 101 104 105 108 110  2
105 107 106 106 117 180 163 106 129 124 110 110  3
111 110 109 110 118 158 148 108 121 118 112 113  4
101 101 103 100 107 105 112 94 98 97 103 101  5
104 106 250 191 110 131 129 105 125 125 107 110  6
108 111 215 164 114 126 133 109 125 116 111 111  7
105 109 108 106 118 115 123 106 108 107 110 111  8
108 113 312 250 115 334 284 105 273 241 111 110  9
105 107 271 202 111 277 223 105 222 216 111 114  10
109 106 105 101 111 114 117 104 106 106 112 15000  11
