
Chip#1
402 398 363 436 412 403 419 354 333 315 399 386  0
402 379 303 429 400 363 407 343 327 301 321 385  1
381 380 363 435 406 403 423 353 411 324 320 385  2
381 383 2383 2034 413 2811 2187 363 2571 1891 317 384  3
380 380 2459 2171 410 1931 1435 355 1675 1147 315 384  4
380 378 363 439 405 402 410 351 333 310 312 384  5
381 381 1882 1979 414 441 502 350 471 438 318 384  6
380 380 1707 1707 407 426 485 350 436 350 315 384  7
378 382 379 441 416 421 425 355 341 316 324 384  8
377 381 309 436 410 446 510 348 482 458 313 304  9
378 381 313 435 403 408 473 349 436 363 319 363  10
377 380 309 432 405 403 408 344 330 304 316 15000  11
Chip#2
473 469 318 410 413 390 363 469 379 427 363 313  0
467 461 311 406 407 388 363 464 363 421 363 307  1
463 458 310 401 403 309 296 459 363 419 340 303  2
411 460 314 401 407 466 420 462 395 441 344 304  3
468 463 312 406 406 435 399 464 379 431 341 305  4
411 463 314 408 409 311 302 465 363 422 345 305  5
474 471 584 528 411 414 386 467 411 447 363 313  6
411 461 526 480 406 363 385 462 379 433 340 305  7
411 461 315 406 410 313 304 463 363 421 346 309  8
470 469 667 650 411 737 571 470 619 619 363 306  9
469 469 619 534 410 619 502 465 611 548 363 314  10
478 467 317 409 414 389 363 467 379 428 363 15000  11
