
Chip#1
112 120 119 129 116 118 111 112 112 118 126 125  0
113 118 117 129 109 116 107 109 109 114 116 116  1
108 109 109 129 107 110 104 102 106 110 110 108  2
116 116 114 129 111 120 108 109 109 115 118 116  3
109 111 114 129 110 112 105 110 107 110 114 116  4
109 111 110 129 107 115 100 100 106 113 110 113  5
113 110 119 129 114 120 109 114 110 113 116 117  6
116 113 114 129 111 115 108 112 109 115 116 117  7
116 110 110 129 114 113 108 112 112 113 115 114  8
111 110 107 129 107 111 107 106 105 108 110 111  9
107 105 105 129 104 107 100 105 101 107 108 111  10
109 113 111 129 110 116 106 106 108 113 112 15000  11
Chip#2
107 101 106 101 111 111 119 99 100 109 107 110  0
102 99 103 100 105 103 115 94 98 102 103 105  1
104 109 108 102 117 115 121 101 106 106 111 110  2
112 109 109 106 114 115 121 108 108 112 111 113  3
109 106 105 106 111 114 120 102 104 110 110 109  4
114 110 106 109 118 117 121 105 104 110 114 114  5
105 101 103 101 108 108 115 101 102 103 110 106  6
109 106 103 102 110 111 119 101 100 107 110 109  7
108 106 106 108 113 115 117 101 104 107 111 109  8
108 102 105 102 108 115 120 101 104 107 111 109  9
99 98 99 97 104 105 107 95 100 103 103 109  10
111 107 106 105 117 119 121 105 108 114 107 15000  11
