
Chip#1
103 107 100 143 104 112 102 100 101 110 109 109  0
104 107 99 143 106 108 100 100 100 105 106 105  1
107 114 109 143 106 116 108 108 105 117 112 116  2
112 118 126 143 110 132 122 108 124 129 111 114  3
104 114 127 143 105 129 113 101 112 113 106 111  4
105 113 106 143 107 116 105 105 101 113 110 112  5
105 116 119 143 109 116 103 105 104 112 109 112  6
109 116 119 143 110 116 109 112 106 112 111 113  7
108 110 102 143 109 113 103 108 102 110 111 112  8
107 113 105 143 110 113 105 105 106 112 112 114  9
107 112 109 113 107 115 103 105 104 109 109 112  10
107 110 102 129 104 113 102 104 100 109 104 15000  11
Chip#2
104 103 103 102 111 110 121 98 100 106 107 110  0
109 103 103 101 111 110 120 97 100 105 108 110  1
102 101 105 102 105 105 116 95 98 105 106 106  2
104 105 105 100 108 110 116 97 101 105 104 109  3
102 102 102 98 110 104 113 97 97 101 102 105  4
102 103 103 104 111 108 117 95 100 106 106 106  5
104 105 106 105 113 110 117 102 101 106 108 108  6
102 103 106 101 110 108 117 98 101 102 103 106  7
109 106 105 108 114 112 123 104 105 110 108 110  8
96 94 100 96 104 101 109 90 97 101 99 102  9
104 101 99 101 104 108 115 92 102 101 100 105  10
98 95 99 97 104 107 108 94 98 102 103 15000  11
