Chip#3
116 122 117 118 129 129 121 132 132 124 125 126  0
208 3917 1482 187 3861 1234 151 3870 1504 145 3884 1209  1
208 3925 2574 177 3898 1562 159 3889 1963 156 3893 1807  2
126 147 145 145 156 153 144 157 159 141 156 147  3
240 3921 1722 176 3890 1522 152 3888 2093 152 3889 2828  4
224 3933 2746 180 3908 1944 163 3892 2003 163 3859 2688  5
139 161 170 153 162 167 155 165 160 151 157 150  6
192 3442 860 166 3653 1305 163 3615 1857 163 3386 2121  7
176 3918 1297 166 3888 2015 159 3884 2219 153 3804 2460  8
139 149 148 152 165 170 155 160 175 152 162 154  9
143 2802 1344 165 3849 1714 162 3423 2082 164 3584 1838  10
139 2874 1833 158 3909 2274 159 3887 2863 157 3747 15000  11
Chip#4
115 119 117 117 120 132 114 120 123 113 113 115  0
408 2407 128 570 1988 132 638 2192 136 713 2935 124  1
460 1781 126 540 1860 132 397 2241 134 511 2143 124  2
124 124 123 128 127 132 127 130 127 128 125 124  3
554 2206 124 485 2260 139 508 2729 153 442 2207 135  4
699 2629 131 452 2068 139 361 2202 141 337 1760 127  5
115 118 119 114 118 139 119 121 116 118 119 115  6
357 1765 122 304 1827 139 310 2121 164 398 2176 131  7
389 1766 131 374 2131 149 279 1924 154 292 1788 126  8
124 123 122 120 127 148 119 125 123 122 122 117  9
260 2111 137 384 2332 142 353 2562 158 530 3111 127  10
232 2086 140 309 2010 142 252 1951 138 248 1498 15000  11
