
Chip#1
153 126 112 103 98 103 104 102 104 102 124 139  0
141 106 116 112 102 104 113 109 109 110 108 117  1
115 108 122 132 117 117 118 123 126 119 110 106  2
109 109 300 132 1409 122 120 2868 3204 117 116 105  3
106 108 165 3834 166 121 123 1907 2357 118 109 95  4
113 109 121 127 124 119 125 123 124 115 109 104  5
113 108 114 119 117 113 121 123 125 111 109 103  6
110 109 127 2165 723 123 126 1444 2372 123 114 102  7
115 109 245 2165 2298 128 131 1444 3952 132 118 107  8
110 109 114 212 120 112 116 283 251 113 108 99  9
132 109 114 111 104 116 118 113 116 112 109 114  10
199 117 119 112 114 112 116 113 114 116 129 15000  11
Chip#2
117 112 111 109 105 110 115 100 114 106 104 110  0
115 107 109 107 89 110 118 100 109 109 108 110  1
119 109 113 109 105 112 117 100 116 114 112 114  2
110 104 106 124 777 171 108 100 308 342 106 110  3
106 102 104 153 717 166 107 100 394 515 106 101  4
109 105 109 110 105 109 110 100 112 114 107 111  5
114 113 116 110 105 109 120 102 119 114 114 111  6
107 106 105 104 251 110 113 100 250 165 105 96  7
110 113 119 132 538 241 116 104 773 603 109 111  8
110 108 112 109 221 113 114 104 181 178 108 107  9
115 110 113 106 105 108 110 100 111 112 106 107  10
120 114 111 106 114 113 119 100 112 114 108 15000  11
