Chip#2
114 105 110 102 89 105 110 100 110 105 108 105  0
104 105 104 98 104 104 105 100 109 103 104 101  1
112 107 116 104 105 113 112 100 119 114 114 110  2
104 99 111 119 779 176 104 100 303 340 107 104  3
102 96 101 148 717 167 107 99 391 510 103 98  4
105 100 109 101 89 105 109 100 109 107 104 102  5
108 105 112 99 105 112 111 100 115 110 110 111  6
110 104 109 104 255 112 110 100 253 163 109 108  7
104 96 108 116 532 235 109 99 765 590 103 104  8
111 105 113 105 219 113 114 100 178 177 112 112  9
114 110 112 106 89 115 116 99 113 115 110 107  10
128 122 125 113 105 120 124 102 122 120 120 15000  11
