
Chip#1
113 118 113 104 108 106 104 110 108 116 108 109  0
111 117 109 102 108 102 98 106 105 107 109 107  1
110 114 161 155 109 144 167 110 144 178 111 109  2
109 126 781 794 116 732 967 131 731 948 130 103  3
109 122 498 534 114 476 635 124 515 644 118 110  4
110 117 147 136 112 117 119 104 118 131 107 107  5
101 118 667 716 115 113 111 99 105 115 101 102  6
97 112 563 605 108 101 100 95 101 111 95 98  7
109 113 121 121 107 108 95 103 104 111 100 101  8
109 109 109 98 105 112 109 107 109 118 104 105  9
104 110 97 95 100 102 104 102 102 111 99 101  10
107 110 102 99 105 100 103 102 101 111 106 103  11
Chip#2
106 114 117 110 117 113 100 111 115 117 111 115  0
109 113 113 111 114 108 97 111 107 114 106 115  1
108 120 120 114 120 114 105 114 117 117 113 116  2
104 113 118 116 124 118 100 118 119 114 109 117  3
103 113 113 107 121 125 102 115 115 115 108 111  4
99 133 141 105 115 106 99 108 111 106 105 105  5
106 924 1113 128 119 118 104 112 115 117 111 107  6
119 1136 1299 137 134 135 110 127 128 122 112 116  7
101 182 181 110 153 134 103 124 127 114 107 104  8
119 882 1031 133 805 924 120 736 787 125 113 115  9
123 1237 1338 139 1433 1576 126 1304 1535 125 108 111  10
119 182 192 117 221 222 109 224 246 123 114 116  11
Chip#3
102 90 106 94 102 90 100 108 95 93 99 114  0
96 89 189 157 100 172 158 102 154 187 103 109  1
101 152 694 632 159 683 646 136 549 694 161 110  2
98 114 515 487 122 527 463 124 437 504 124 111  3
103 93 116 105 108 105 115 110 128 143 105 113  4
91 85 106 93 92 90 99 112 571 700 144 102  5
97 89 102 94 96 85 103 109 525 617 125 109  6
112 104 122 107 114 104 113 120 114 118 113 119  7
101 96 109 105 103 95 107 110 92 101 103 114  8
105 96 118 105 107 100 111 116 102 101 107 119  9
97 92 108 94 103 91 101 106 91 101 95 110  10
106 96 111 101 103 94 107 112 92 105 102 117  11
Chip#4
99 103 99 102 110 107 100 102 103 106 97 107  0
99 102 99 99 103 101 102 101 105 105 92 108  1
99 96 99 146 136 105 142 137 102 139 122 107  2
99 102 121 1016 933 128 992 992 130 862 975 138  3
99 96 107 722 699 112 669 692 114 702 755 122  4
99 96 99 125 122 101 96 104 102 102 100 107  5
99 96 126 1009 795 101 99 105 105 108 97 105  6
99 99 125 886 687 111 104 111 110 105 106 112  7
98 92 98 106 110 99 99 99 102 101 92 104  8
106 96 99 109 110 105 100 107 105 105 99 110  9
106 97 99 105 103 102 95 104 105 100 96 109  10
106 96 99 99 102 102 92 99 99 101 92 102  11
