
Chip#1
104 107 103 110 111 104 105 104 99 104 102 100  0
132 120 111 129 133 114 189 191 112 103 104 96  1
132 122 115 129 135 116 191 191 113 112 112 102  2
113 107 105 112 111 104 112 116 103 102 105 101  3
124 123 110 112 107 106 184 192 108 99 101 92  4
133 128 119 113 115 109 189 197 113 110 109 101  5
132 114 116 117 113 113 120 115 108 107 104 103  6
138 125 111 116 115 116 204 194 110 110 109 102  7
132 121 110 116 113 113 192 184 107 110 109 99  8
103 99 100 97 97 99 107 101 95 94 95 87  9
134 124 108 112 109 115 199 177 103 112 110 100  10
115 114 106 107 107 114 183 177 107 105 109 15000  11
Chip#2
82 101 106 100 98 98 94 97 99 104 98 109  0
86 104 108 99 103 97 147 141 99 104 99 104  1
88 101 101 102 103 99 207 194 99 102 98 107  2
128 106 107 95 98 103 106 102 99 101 98 104  3
112 108 107 100 105 102 155 162 99 107 100 113  4
87 104 102 97 99 96 153 162 99 101 95 99  5
79 98 100 92 94 97 92 93 99 95 94 103  6
112 105 108 97 98 100 144 153 99 102 103 107  7
90 110 103 99 100 102 130 131 99 105 103 107  8
82 101 106 94 96 103 107 101 99 98 98 100  9
112 113 106 97 100 102 196 214 99 105 97 109  10
112 106 104 97 103 103 125 138 99 104 99 15000  11
