
Chip#1
108 106 106 112 112 108 105 101 106 102 102 100  0
115 108 112 115 117 111 117 115 109 107 105 105  1
132 106 109 117 112 109 116 114 103 103 102 100  2
110 104 110 108 111 108 104 102 103 104 106 103  3
116 107 110 110 109 103 110 116 109 103 105 100  4
132 114 111 119 116 112 121 118 109 112 131 106  5
118 115 116 116 114 114 109 109 114 113 111 112  6
108 109 107 111 112 109 116 112 104 98 104 102  7
111 106 106 109 112 106 120 112 103 102 100 103  8
106 106 111 110 114 108 110 103 106 109 105 103  9
109 102 103 106 100 97 111 102 97 100 96 92  10
109 107 107 110 106 104 112 108 104 105 104 15000  11
Chip#2
131 99 101 97 100 103 98 92 89 96 99 109  0
131 108 107 98 104 99 103 104 89 106 102 110  1
131 104 108 98 104 105 112 110 89 101 102 109  2
77 92 100 92 96 99 89 92 89 93 98 100  3
112 102 96 91 98 96 106 103 89 100 98 107  4
79 99 97 94 99 96 105 103 89 98 97 107  5
112 99 101 91 100 104 100 95 89 100 99 109  6
112 107 106 98 103 103 104 103 89 101 104 109  7
112 103 104 94 104 98 100 99 89 100 102 107  8
112 102 101 94 99 100 96 95 89 99 102 107  9
112 107 102 95 98 94 114 112 89 98 102 107  10
112 102 106 97 99 98 102 102 89 98 100 15000  11
