
Chip#1
105 99 97 97 96 94 100 101 100 96 95 98  0
103 102 125 140 103 116 145 103 109 133 101 102  1
99 95 367 472 105 345 609 123 251 540 146 92  2
95 94 161 210 97 175 289 101 157 319 112 89  3
101 100 104 104 100 106 107 102 104 109 97 98  4
93 91 100 106 90 97 107 94 190 350 112 85  5
104 104 105 113 103 109 115 105 173 285 112 99  6
102 96 100 102 100 99 106 97 103 95 95 90  7
96 94 107 108 96 100 107 98 97 93 90 92  8
99 98 110 106 94 103 105 97 101 100 95 89  9
97 104 99 101 101 98 105 98 97 95 92 94  10
102 99 98 101 102 99 101 104 103 101 101 15000  11
Chip#2
102 100 103 98 105 101 101 100 96 99 100 104  0
101 100 99 97 102 96 100 98 96 98 95 96  1
101 98 99 105 102 102 102 99 96 103 97 104  2
107 104 107 131 118 107 141 127 104 127 134 106  3
103 99 107 156 134 104 150 137 102 129 137 103  4
100 97 96 98 99 94 98 90 92 98 96 98  5
102 98 100 114 110 101 102 100 98 102 101 103  6
106 105 109 146 134 106 107 104 101 104 104 106  7
96 98 95 102 100 93 92 92 88 92 93 95  8
105 105 105 107 104 101 106 102 101 103 101 101  9
95 96 94 93 97 91 89 96 90 97 97 96  10
101 104 101 102 100 99 104 98 98 99 101 15000  11
