
Chip#1
109 109 103 129 101 107 100 105 105 108 109 114  0
113 113 105 129 107 112 100 106 101 113 109 113  1
112 112 102 129 104 110 104 102 104 109 108 111  2
119 112 313 278 113 367 295 110 328 252 114 113  3
111 113 318 294 107 277 222 104 241 187 105 118  4
111 116 110 109 104 115 103 104 101 112 108 113  5
111 110 258 264 109 124 120 109 114 120 109 117  6
109 116 246 245 109 125 115 112 112 117 111 114  7
108 107 102 129 104 107 100 100 100 105 106 108  8
108 109 106 129 106 124 114 98 110 114 104 111  9
112 114 110 129 105 124 116 110 113 118 114 120  10
113 112 107 129 104 116 106 105 104 109 111 15000  11
Chip#2
105 106 109 102 108 110 116 99 98 105 107 104  0
102 101 96 98 100 108 112 94 92 98 102 100  1
105 105 103 102 108 110 116 101 102 105 106 102  2
101 102 99 98 104 115 121 99 98 101 102 100  3
109 106 108 102 108 123 117 102 104 107 108 101  4
101 105 105 105 104 108 113 97 98 102 103 101  5
105 103 129 121 110 117 117 101 104 110 108 106  6
105 103 121 112 104 111 113 101 100 105 106 102  7
101 103 99 104 108 107 116 99 96 103 104 104  8
101 99 135 125 104 147 141 98 125 118 103 98  9
102 99 130 119 104 134 136 98 117 121 104 106  10
107 101 99 100 104 107 112 104 100 103 102 15000  11
