
Chip#1
25 149 134 0 20 92 38 69 82 110 150 163  0
9 147 204 77 4 124 150 69 100 221 160 157  1
25 157 710 806 36 964 1742 221 583 1690 343 159  2
9 152 264 192 4 332 614 69 288 879 214 150  3
9 155 146 0 20 92 38 69 93 130 161 160  4
9 145 163 14 4 92 38 69 423 955 214 148  5
9 147 150 0 4 92 54 69 313 747 190 151  6
9 149 143 0 4 92 38 69 86 108 151 150  7
9 146 169 15 20 108 54 69 84 105 150 150  8
9 151 167 6 20 108 54 69 83 113 161 154  9
25 149 145 0 20 92 38 85 80 105 154 155  10
9 146 136 0 4 76 22 69 81 100 151 15000  11
Chip#2
239 95 201 79 37 259 121 125 162 151 145 95  0
239 95 198 78 37 259 120 126 163 148 143 89  1
239 89 200 140 39 259 126 128 163 151 143 95  2
239 98 254 500 221 259 451 318 168 344 386 103  3
239 96 289 755 375 259 507 443 168 360 381 99  4
239 99 206 188 62 259 145 142 169 162 152 99  5
239 92 211 252 117 259 135 136 172 157 156 94  6
239 88 259 569 334 259 135 143 163 157 158 93  7
239 94 202 197 73 259 130 134 168 154 147 96  8
239 93 197 78 31 259 131 134 162 151 148 93  9
239 89 197 140 39 259 134 141 165 155 162 95  10
239 94 205 140 44 259 134 134 169 154 149 15000  11
