
Chip#1
109 104 100 108 101 101 108 103 108 105 105 104  0
105 105 103 115 107 106 121 107 104 111 106 106  1
106 105 150 176 104 153 209 111 148 206 116 105  2
106 105 117 126 105 126 146 105 128 166 111 107  3
109 109 108 119 108 111 120 110 111 105 109 107  4
105 105 208 221 104 156 208 108 134 187 109 102  5
110 104 140 149 107 138 169 114 136 171 109 107  6
114 106 108 116 111 109 121 115 117 109 112 110  7
104 109 174 181 103 152 165 100 104 99 100 101  8
109 105 150 151 105 154 175 103 107 103 105 102  9
105 102 106 110 109 106 114 103 112 105 103 106  10
112 109 114 113 115 111 115 111 113 111 112 15000  11
Chip#2
110 109 109 110 110 113 107 107 108 101 106 108  0
110 114 107 113 111 111 108 105 106 102 111 108  1
109 105 103 102 105 102 104 103 100 97 105 106  2
116 115 110 122 117 111 124 118 110 114 120 112  3
109 114 111 127 122 112 123 116 106 113 119 108  4
111 113 112 114 111 112 114 109 113 108 109 114  5
107 108 105 110 110 106 114 109 102 108 114 108  6
111 113 114 133 123 112 128 123 106 119 128 116  7
112 113 112 117 112 113 112 111 112 109 114 111  8
104 110 105 105 107 106 107 110 101 103 111 108  9
107 110 105 107 106 109 119 126 108 115 128 115  10
113 111 115 112 112 114 114 112 111 105 116 15000  11
