
Chip#1
129 129 120 129 114 122 111 114 116 119 129 126  0
124 116 115 129 111 117 105 108 109 113 120 116  1
112 106 109 106 104 112 102 104 107 107 110 107  2
112 114 628 516 106 736 585 110 684 507 116 105  3
113 117 668 574 111 524 389 113 464 341 119 114  4
112 117 113 115 107 116 108 108 109 112 115 107  5
115 112 521 521 107 140 131 108 128 132 112 112  6
112 113 462 459 109 130 121 108 118 119 111 104  7
113 118 114 129 107 116 105 108 109 110 111 111  8
116 117 119 129 113 143 136 112 138 133 116 116  9
112 111 110 129 107 132 120 106 120 123 111 113  10
112 113 118 129 109 115 103 108 108 109 115 15000  11
Chip#2
122 113 108 110 120 115 121 112 108 110 116 111  0
111 109 102 108 114 115 117 101 102 109 112 110  1
115 113 106 110 120 119 120 105 104 106 112 111  2
114 107 106 105 117 188 163 105 129 122 108 111  3
122 115 111 117 124 166 152 109 123 125 113 117  4
119 113 109 113 120 117 123 106 104 106 113 114  5
121 121 307 236 121 138 141 109 136 131 120 114  6
117 117 255 191 123 126 133 112 123 124 114 115  7
114 110 108 110 118 117 123 105 104 106 111 111  8
115 118 382 303 124 420 336 108 331 287 113 117  9
117 111 327 242 123 326 277 105 264 248 116 117  10
124 113 109 112 121 115 124 109 109 114 120 15000  11
