
Chip#1
75 225 96 126 111 70 0 39 15 21 114 276  0
50 209 235 247 121 236 366 0 66 385 89 251  1
49 209 1435 2006 152 2772 3792 218 1633 3923 739 251  2
52 209 403 568 122 908 1891 9 657 2624 272 251  3
44 209 94 21 115 73 0 0 23 70 114 251  4
44 209 147 190 117 121 0 0 1113 2927 274 251  5
52 209 125 142 118 106 0 0 689 2148 199 251  6
49 209 93 22 118 73 0 0 18 22 61 235  7
44 209 147 190 116 123 0 0 15 18 61 251  8
47 209 143 142 28 114 0 0 5 9 64 235  9
47 209 93 110 111 70 0 0 8 14 60 251  10
58 209 91 17 113 67 0 0 8 20 63 15000  11
Chip#2
57 200 50 209 18 159 15 7 195 63 79 47  0
41 184 48 208 20 143 0 7 196 62 78 43  1
57 200 54 222 26 159 15 19 209 75 91 57  2
41 184 84 561 166 159 335 238 205 157 263 51  3
41 184 98 801 332 159 423 297 204 157 254 52  4
57 184 47 270 42 159 31 17 201 63 77 46  5
41 184 62 353 103 159 15 22 200 70 96 46  6
57 184 94 643 288 159 31 33 203 82 106 49  7
41 184 54 284 58 159 15 14 205 65 85 46  8
41 184 52 211 24 143 0 12 195 68 90 43  9
57 184 59 222 29 159 31 37 209 85 111 56  10
57 184 54 219 28 143 15 14 207 74 88 15000  11
