
Chip#1
103 107 106 129 101 104 102 101 100 107 108 111  0
109 112 111 129 110 113 107 108 107 112 111 114  1
108 112 105 110 106 113 107 105 101 110 109 107  2
111 110 110 114 107 116 108 106 105 109 110 114  3
109 113 114 129 109 115 109 104 105 115 114 113  4
107 112 107 129 104 107 104 102 104 108 109 111  5
108 107 106 129 101 108 102 106 106 104 104 111  6
108 107 109 129 104 107 97 104 101 103 108 111  7
108 107 107 107 102 104 103 100 101 108 106 109  8
107 107 111 129 107 110 105 104 104 110 108 112  9
109 116 113 129 107 112 104 108 107 108 110 114  10
115 120 119 145 116 116 113 113 110 110 114 15000  11
Chip#2
111 106 105 104 114 111 117 108 104 107 110 110  0
107 101 98 101 105 107 116 95 101 102 106 109  1
108 106 98 100 111 110 113 104 103 106 104 105  2
109 107 103 102 111 112 117 99 103 107 106 114  3
114 106 105 100 104 110 113 104 105 109 107 109  4
108 109 109 106 114 115 117 105 102 112 110 110  5
109 105 102 104 107 108 111 105 104 107 107 110  6
105 101 99 98 111 104 111 99 98 105 110 104  7
109 103 100 96 107 107 112 101 100 103 106 106  8
115 106 111 109 115 117 120 106 105 109 111 114  9
106 101 100 98 103 107 112 98 101 103 104 106  10
102 97 96 97 104 104 108 98 98 102 99 15000  11
