
Chip#1
166 84 206 237 132 282 162 207 203 126 255 83  0
166 83 206 237 132 282 156 207 198 123 221 84  1
169 86 206 237 132 282 161 207 201 123 255 85  2
172 83 206 238 132 282 160 207 202 127 255 86  3
171 88 206 237 132 282 161 207 204 126 255 88  4
172 86 206 237 132 282 168 207 207 127 228 86  5
169 84 206 241 148 282 165 207 200 122 228 84  6
165 77 206 233 132 274 157 207 200 121 221 80  7
165 77 206 231 124 274 159 207 196 117 221 82  8
164 80 206 231 132 282 156 207 194 120 215 82  9
172 78 206 234 132 282 163 207 198 121 255 82  10
171 81 206 232 148 282 162 207 200 121 255 83  11
Chip#2
234 80 145 182 194 149 170 186 0 108 260 213  0
234 89 145 193 210 29 175 90 0 116 260 213  1
234 89 145 198 210 149 180 194 0 118 260 213  2
234 89 145 202 210 29 180 90 0 116 260 213  3
234 81 145 184 194 29 172 90 0 106 260 213  4
234 89 145 188 210 29 175 90 0 116 260 213  5
234 86 145 188 210 29 175 90 0 113 260 213  6
234 90 145 198 210 149 179 199 0 118 260 213  7
234 89 145 192 210 29 179 90 0 115 260 213  8
234 95 145 202 194 149 188 203 15 125 260 213  9
234 89 145 188 210 29 175 186 0 111 260 213  10
234 95 145 209 194 149 188 204 15 129 260 213  11
