
Chip#1
100 99 96 104 117 99 99 105 91 99 97 97  0
99 97 94 254 336 130 96 104 92 98 97 97  1
101 106 101 263 375 154 104 108 102 104 102 106  2
96 95 91 120 154 98 97 100 94 97 97 96  3
99 101 97 199 244 118 99 105 99 99 97 98  4
93 95 91 202 254 112 94 99 96 98 91 90  5
109 131 97 102 116 98 97 99 96 92 96 95  6
245 400 184 96 98 98 104 107 93 100 103 97  7
244 400 176 96 103 95 99 108 96 100 100 97  8
121 185 103 89 94 89 97 100 92 91 99 92  9
248 397 200 96 104 95 103 100 98 104 100 97  10
213 333 158 97 102 94 96 104 98 103 101 98  11
Chip#2
101 82 91 137 134 107 94 103 100 96 97 104  0
97 82 126 720 706 143 98 103 100 92 95 100  1
98 87 139 887 865 148 105 111 103 102 99 101  2
115 95 107 240 254 127 111 119 117 109 107 117  3
100 86 118 487 462 122 97 99 105 96 95 98  4
101 91 112 448 426 120 100 104 101 96 95 101  5
161 235 101 121 117 103 88 101 100 95 92 96  6
722 1093 308 109 109 106 98 112 107 102 97 109  7
582 911 225 107 107 105 102 111 108 99 99 109  8
194 363 134 107 110 113 101 108 101 96 99 105  9
754 1194 373 103 102 103 97 103 99 96 92 101  10
586 955 248 107 102 103 94 107 103 92 93 100  11

Chip#1
91 95 89 96 118 93 96 92 88 96 92 90  0
102 105 102 247 352 143 104 103 96 103 101 102  1
100 95 92 269 384 144 97 98 93 92 95 96  2
95 91 85 113 150 89 91 93 89 91 88 90  3
109 104 103 222 260 123 102 111 103 104 108 102  4
99 97 101 214 275 125 99 103 99 99 101 100  5
114 141 104 108 122 97 103 107 98 100 101 103  6
251 400 185 96 104 100 98 103 94 98 99 96  7
251 404 178 101 104 98 99 101 96 103 99 101  8
125 185 103 90 102 94 93 99 88 90 90 89  9
252 389 202 101 105 104 107 105 99 106 105 101  10
252 310 144 90 91 88 91 89 86 92 87 90  11
Chip#2
100 85 91 140 138 109 101 108 103 102 102 105  0
103 87 126 753 740 143 98 108 108 102 102 108  1
109 86 142 930 903 149 102 108 105 102 103 102  2
97 88 98 236 246 110 100 107 109 100 101 106  3
100 82 117 505 475 122 98 98 104 99 97 104  4
97 88 110 460 444 117 97 100 104 96 97 94  5
161 248 106 129 125 106 102 103 101 99 99 105  6
722 1093 306 107 102 102 98 100 103 96 94 101  7
587 923 229 113 115 106 107 108 110 105 102 106  8
210 360 133 113 111 110 104 115 109 109 105 106  9
738 1176 371 110 109 108 105 108 110 105 105 104  10
575 938 248 120 115 109 107 112 113 106 102 112  11

Chip#1
100 101 101 108 122 100 102 101 98 100 99 97  0
96 96 93 270 347 135 96 100 94 97 97 91  1
96 102 101 272 393 152 102 96 102 98 97 97  2
92 91 91 119 153 93 96 91 91 92 88 85  3
101 106 98 222 265 121 103 105 97 104 105 100  4
98 102 99 222 288 125 99 104 99 100 98 98  5
110 136 101 104 125 98 103 103 98 96 98 95  6
252 412 185 103 109 97 101 103 101 97 97 98  7
252 403 183 106 113 99 108 106 102 105 102 101  8
129 186 106 94 102 99 101 103 101 99 97 101  9
246 384 200 99 109 102 107 110 103 104 107 103  10
246 315 151 97 101 98 97 103 96 96 100 100  11
Chip#2
98 90 101 144 142 105 104 109 109 99 99 104  0
98 86 130 756 740 143 104 104 105 100 102 101  1
94 86 137 932 904 144 95 98 99 91 95 101  2
98 87 97 246 251 112 100 107 103 99 94 104  3
106 92 121 530 486 129 104 107 110 102 99 105  4
100 91 115 482 463 124 100 104 101 99 93 104  5
162 235 104 128 123 98 98 105 99 91 94 101  6
738 1093 310 117 113 110 107 112 108 102 97 109  7
584 916 222 109 103 105 100 105 101 99 94 100  8
178 348 125 107 102 105 95 99 97 94 93 100  9
722 1137 361 110 103 108 98 99 99 100 93 104  10
558 912 236 105 107 102 93 98 103 98 92 100  11

Chip#1
92 87 89 94 118 93 97 96 88 89 92 88  0
101 102 103 245 349 144 109 104 96 100 105 96  1
102 100 102 274 390 157 106 106 96 100 105 106  2
100 97 97 121 160 100 101 96 93 99 98 96  3
99 99 102 222 267 120 106 101 96 97 98 92  4
94 90 94 222 279 116 92 96 89 92 96 88  5
96 119 91 89 110 88 92 89 87 86 84 86  6
246 407 181 93 104 97 99 97 96 96 96 92  7
248 400 181 96 109 102 106 103 99 103 105 100  8
131 189 108 103 108 103 106 105 102 100 106 103  9
236 370 190 94 98 94 102 97 94 95 95 96  10
200 313 154 92 104 95 99 99 96 96 100 97  11
Chip#2
100 92 95 140 140 109 97 104 107 99 97 104  0
104 90 132 757 740 143 98 107 109 100 103 108  1
100 90 142 940 911 148 101 105 107 100 97 104  2
106 91 100 246 259 112 107 112 109 102 102 108  3
98 81 115 535 489 121 98 98 101 91 97 101  4
107 95 116 499 475 122 102 109 109 102 98 108  5
180 254 120 141 142 114 114 116 116 111 109 118  6
722 1093 306 111 107 101 97 112 104 98 94 106  7
584 922 228 119 114 112 104 112 103 103 99 108  8
209 347 129 114 111 107 101 104 108 102 91 106  9
702 1113 353 107 103 99 97 103 101 94 92 102  10
553 901 239 111 109 107 102 108 105 102 97 104  11
