
Chip#1
113 117 113 129 104 113 102 108 107 109 116 116  0
113 114 110 129 105 110 97 106 107 108 112 114  1
108 112 113 106 102 110 99 105 108 110 111 108  2
112 120 272 237 106 309 250 108 284 226 112 113  3
111 116 274 252 106 240 196 110 214 169 112 112  4
112 118 114 129 105 113 104 106 113 113 118 112  5
100 109 228 228 101 112 102 100 109 109 106 105  6
103 106 205 207 100 113 104 101 105 105 109 104  7
111 110 113 129 107 112 103 109 109 113 112 112  8
105 110 106 129 104 116 105 101 110 115 108 111  9
111 113 110 129 105 121 109 105 114 114 114 111  10
107 107 103 106 100 104 93 101 104 98 109 15000  11
Chip#2
101 95 93 94 103 101 108 97 88 98 98 98  0
101 101 90 93 105 101 111 92 94 97 103 100  1
98 97 95 92 107 105 109 94 98 97 102 102  2
102 98 98 92 105 111 115 95 94 102 100 101  3
107 102 100 94 105 111 113 101 97 105 104 104  4
105 103 98 93 104 104 108 90 93 97 102 98  5
104 101 112 108 108 108 108 92 98 99 104 101  6
107 102 114 108 111 110 115 99 100 106 104 106  7
104 99 93 96 108 105 111 95 96 99 103 102  8
104 102 123 113 107 128 131 95 117 117 102 104  9
102 101 112 106 104 118 120 92 105 113 104 100  10
105 99 97 93 107 103 109 95 100 99 102 15000  11
