
Chip#1
176 196 199 161 276 124 118 237 243 124 114 252  0
174 196 194 164 260 108 118 237 249 120 108 251  1
169 196 188 162 260 124 118 237 244 120 106 239  2
173 196 200 424 395 108 118 389 503 122 109 242  3
177 196 200 256 276 124 134 309 460 128 115 245  4
177 196 199 167 260 124 134 237 251 122 113 245  5
180 196 203 167 260 124 134 237 249 127 118 251  6
89 196 189 240 292 124 118 261 272 114 108 238  7
167 196 207 424 444 124 118 493 463 122 111 241  8
177 196 200 168 260 124 118 237 260 123 114 246  9
180 196 201 168 276 124 134 237 250 127 115 252  10
191 196 200 167 276 140 134 237 250 187 120 15000  11
Chip#2
103 33 0 0 120 97 109 171 42 84 50 0  0
154 33 0 0 124 94 111 169 34 79 48 0  1
155 31 0 0 122 98 108 167 32 79 52 0  2
103 33 0 0 144 95 109 171 51 97 52 0  3
103 30 0 0 141 98 111 171 60 104 47 0  4
154 31 0 0 122 97 110 173 38 82 52 0  5
87 28 0 0 118 91 102 165 35 73 42 0  6
162 36 0 0 144 102 114 176 53 91 52 0  7
103 37 0 0 161 117 117 178 69 110 56 0  8
155 33 0 0 129 95 109 170 41 82 51 0  9
163 36 0 0 129 102 117 174 43 85 56 0  10
162 33 0 0 128 103 114 173 42 87 50 15000  11
