
Chip#1
73 174 145 4 36 92 38 149 87 124 161 185  0
41 165 289 239 36 252 470 101 140 456 178 168  1
25 166 1715 2216 68 2756 3926 309 1606 4025 730 165  2
25 164 475 599 36 860 1846 117 682 2299 323 163  3
25 168 154 13 20 92 38 85 105 173 171 166  4
25 164 219 123 36 140 134 85 1104 2717 347 162  5
25 171 194 50 36 124 102 101 734 1999 270 166  6
25 160 153 10 36 92 38 85 95 123 161 162  7
9 160 219 107 20 140 102 85 86 122 155 159  8
25 168 219 63 36 140 102 152 90 121 158 164  9
25 167 151 8 20 92 22 85 89 124 156 164  10
41 169 154 8 36 92 38 152 95 123 160 15000  11
Chip#2
239 191 193 74 34 259 121 131 164 150 145 99  0
239 191 203 86 46 259 131 141 173 161 152 105  1
239 191 197 140 39 259 127 137 169 160 150 102  2
239 91 218 379 145 259 442 286 166 316 353 94  3
239 93 270 600 307 259 441 409 169 332 347 100  4
239 91 197 172 45 259 135 141 166 155 146 95  5
239 89 193 213 89 259 121 131 162 155 151 89  6
239 93 226 465 272 259 132 144 164 161 157 95  7
239 191 194 188 59 259 122 132 166 150 147 95  8
239 99 201 82 41 259 129 143 168 160 158 103  9
239 93 195 78 35 259 131 146 163 159 160 97  10
239 96 197 81 40 259 126 135 166 155 151 15000  11
