
Chip#1
115 107 103 104 97 105 102 104 106 97 103 110  0
102 105 166 194 107 141 216 109 116 190 109 104  1
104 102 753 1016 115 730 1427 162 454 1246 235 102  2
99 96 257 364 98 303 565 110 251 625 153 100  3
97 97 102 101 100 104 108 102 103 107 98 96  4
102 100 130 137 97 118 135 107 331 718 153 105  5
109 110 116 118 108 116 124 108 253 528 133 104  6
101 105 104 107 104 103 104 102 107 100 101 100  7
106 109 129 137 104 126 132 110 107 104 103 104  8
95 100 112 110 101 115 123 97 102 96 102 98  9
103 105 107 113 105 105 111 102 109 105 107 106  10
96 95 99 96 97 98 102 97 97 95 98 15000  11
Chip#2
116 115 112 105 111 107 106 107 108 105 107 114  0
127 123 115 118 116 117 114 117 116 115 112 120  1
118 110 112 113 111 109 111 112 106 109 110 114  2
113 109 130 449 234 123 563 406 111 367 432 123  3
115 119 175 714 429 143 722 551 117 420 468 122  4
106 110 109 168 128 102 136 118 104 111 116 110  5
113 109 112 271 179 108 118 113 105 111 119 111  6
117 113 151 581 388 113 128 127 106 119 135 114  7
111 106 110 190 151 111 112 114 108 108 110 111  8
110 110 110 115 112 111 116 119 111 109 121 115  9
106 108 104 107 108 104 117 127 106 110 130 112  10
111 109 111 108 108 108 116 111 110 108 114 15000  11

Chip#1
118 110 100 107 103 107 105 105 107 108 103 112  0
117 107 164 203 109 145 222 115 122 206 109 108  1
103 104 741 1006 120 724 1420 161 451 1233 227 100  2
108 107 257 370 103 301 572 116 267 634 153 104  3
102 102 99 107 101 103 106 102 108 109 96 102  4
97 99 125 133 97 112 135 97 324 718 153 94  5
103 104 107 115 103 115 123 104 251 522 125 98  6
106 106 105 107 103 105 108 107 111 108 105 101  7
98 102 121 126 101 120 124 102 106 95 100 101  8
103 106 114 120 101 116 128 104 106 100 101 101  9
106 102 104 108 102 108 111 103 103 99 101 102  10
110 107 104 108 103 111 111 104 106 104 106 15000  11
Chip#2
116 115 106 108 108 106 107 105 106 107 109 114  0
115 113 103 103 107 102 106 100 102 104 106 109  1
113 106 103 107 105 108 106 104 105 105 110 109  2
113 108 131 452 236 126 571 406 113 369 434 122  3
110 104 167 702 417 129 711 519 109 408 457 115  4
115 110 109 171 134 109 136 121 108 115 120 110  5
118 115 119 270 187 117 119 120 112 119 128 112  6
111 110 147 580 397 112 128 128 110 125 134 111  7
117 108 107 193 151 108 107 106 108 107 114 106  8
107 101 101 103 107 103 105 105 102 107 115 104  9
113 109 112 112 113 109 125 131 110 121 135 114  10
113 109 107 108 110 106 111 110 104 102 111 15000  11

Chip#1
118 106 102 102 98 103 105 109 103 97 102 107  0
101 102 159 193 103 135 208 105 107 190 107 104  1
104 99 746 1014 120 726 1427 167 453 1246 231 101  2
98 101 250 368 104 299 566 112 251 624 139 98  3
102 99 103 102 98 101 107 103 102 109 103 96  4
105 104 133 138 108 124 136 109 336 718 153 101  5
108 97 105 114 102 114 120 104 267 529 128 99  6
106 99 105 107 102 108 106 110 102 101 106 98  7
109 102 127 132 108 121 129 111 106 109 111 110  8
102 100 115 116 100 112 122 103 102 99 98 100  9
101 104 102 106 103 101 100 102 100 93 97 99  10
105 97 95 102 96 94 102 105 98 96 98 15000  11
Chip#2
120 118 111 113 116 112 111 109 112 109 111 110  0
122 118 115 110 113 111 114 111 110 110 111 116  1
124 122 116 115 118 117 118 113 117 115 119 120  2
115 109 138 450 236 143 564 401 107 365 428 117  3
112 111 178 711 425 143 719 529 117 417 463 119  4
109 106 106 169 133 107 136 124 108 114 111 106  5
112 104 111 264 182 109 116 114 108 112 119 110  6
106 104 137 571 385 107 123 119 105 110 125 105  7
112 111 111 190 147 108 111 110 108 104 110 106  8
105 99 100 102 104 103 107 105 99 105 112 104  9
116 113 114 113 116 111 126 128 111 120 135 117  10
117 113 114 108 116 111 114 114 112 109 115 15000  11

Chip#1
117 107 103 101 105 104 108 103 102 103 105 107  0
105 102 160 190 102 134 209 103 107 188 103 96  1
102 99 747 1014 115 720 1437 165 451 1231 235 100  2
101 104 256 373 109 300 570 114 251 626 153 100  3
105 101 103 107 104 99 106 107 107 112 105 101  4
112 106 132 143 107 126 139 111 335 734 153 105  5
101 102 107 114 104 111 121 102 251 523 128 102  6
109 102 104 108 108 105 114 114 111 103 103 105  7
95 94 116 120 100 112 114 97 96 95 98 96  8
102 104 110 121 105 117 123 105 102 96 100 100  9
99 102 96 106 101 98 104 102 103 96 101 99  10
99 95 98 101 98 101 98 100 98 91 96 15000  11
Chip#2
117 122 111 109 113 111 110 105 111 104 110 112  0
121 111 107 104 110 108 108 103 102 99 106 106  1
113 106 105 105 110 107 110 105 104 104 107 104  2
112 110 133 448 235 121 564 406 111 365 436 115  3
105 110 173 717 422 143 718 524 106 410 455 117  4
109 110 110 172 133 112 136 119 108 113 116 106  5
109 106 110 265 178 108 113 111 102 107 120 103  6
117 113 152 580 394 113 127 125 107 118 130 112  7
109 113 111 188 152 108 110 110 108 104 114 110  8
105 103 104 103 108 106 106 106 100 102 112 104  9
112 111 110 104 111 106 119 124 108 113 138 111  10
122 118 115 112 113 111 116 117 108 108 121 15000  11
