
Chip#1
372 373 296 414 389 372 363 332 316 295 306 295  0
372 372 296 413 387 372 363 331 320 290 304 347  1
372 372 294 414 387 372 363 333 317 291 305 347  2
372 373 380 443 386 375 417 327 363 309 301 347  3
372 372 385 444 387 373 410 327 334 300 298 347  4
372 372 292 418 389 372 363 332 316 291 303 347  5
372 372 363 438 381 372 389 325 313 285 296 282  6
372 372 314 438 383 347 344 327 314 283 299 289  7
372 372 291 413 388 363 363 328 312 287 305 289  8
347 372 284 410 384 347 363 323 315 288 296 282  9
379 373 291 415 388 379 400 329 318 293 304 347  10
363 373 294 418 388 363 363 330 316 289 304 15000  11
Chip#2
470 459 311 398 405 305 372 460 363 420 363 303  0
411 457 306 395 400 302 295 455 363 413 339 299  1
462 454 306 392 398 302 347 455 363 411 337 297  2
468 459 311 399 404 313 363 460 363 420 344 304  3
411 458 306 394 400 308 296 456 363 415 341 299  4
463 458 305 394 399 298 347 456 363 414 335 300  5
461 453 363 408 399 299 347 454 363 410 334 295  6
411 461 363 407 404 303 295 459 363 418 339 302  7
411 458 307 398 402 303 296 457 363 415 338 302  8
411 459 417 418 404 402 377 458 395 431 341 302  9
466 461 411 414 404 363 377 461 395 431 363 302  10
471 462 305 400 405 303 295 461 379 417 363 15000  11

Chip#1
363 372 292 414 389 363 363 331 318 291 306 347  0
363 372 288 410 385 363 342 327 314 286 299 284  1
363 372 288 406 381 363 388 326 313 288 296 283  2
379 373 381 441 386 411 423 329 363 313 304 347  3
363 372 381 443 384 395 406 326 331 296 297 347  4
379 373 292 415 387 363 391 333 316 292 305 347  5
283 347 312 432 318 331 335 317 304 277 290 274  6
363 363 363 434 380 363 388 324 311 282 295 331  7
363 363 293 408 386 363 363 326 316 286 303 347  8
363 363 291 413 386 363 398 329 319 288 303 285  9
347 363 284 406 381 347 343 322 312 283 295 282  10
363 363 293 414 385 363 363 331 314 285 303 15000  11
Chip#2
458 449 302 395 393 299 347 454 363 410 331 293  0
463 452 305 397 393 301 347 454 363 412 333 297  1
463 452 303 395 398 303 347 452 363 408 335 294  2
459 449 302 392 394 304 347 450 347 414 330 290  3
462 450 304 394 395 304 347 456 363 412 333 296  4
459 456 304 397 392 302 347 454 363 412 334 295  5
411 455 363 417 399 307 295 458 363 416 336 299  6
458 450 321 404 393 299 287 456 347 413 333 294  7
411 455 307 398 397 304 347 458 347 414 335 297  8
411 455 413 416 393 398 363 455 395 429 335 299  9
461 453 363 410 392 388 299 453 379 422 331 296  10
469 455 309 400 398 303 296 457 363 417 339 15000  11
