
Chip#1
89 186 156 10 36 108 54 101 98 131 183 221  0
25 169 386 362 36 284 614 117 163 585 193 177  1
25 169 2691 3389 84 3737 3940 467 2277 3910 954 173  2
25 161 731 944 52 1220 2646 204 971 3399 426 167  3
25 157 154 12 36 108 54 101 107 182 175 165  4
25 165 219 101 36 196 134 101 1564 3883 448 170  5
25 159 181 36 36 124 102 153 1067 2999 344 159  6
25 161 154 13 36 92 54 85 96 131 168 160  7
25 157 219 90 36 196 102 149 92 122 159 158  8
25 160 217 49 20 196 102 85 89 121 160 159  9
25 165 154 5 20 76 38 85 92 115 160 163  10
25 159 150 1 20 92 38 85 87 114 160 15000  11
Chip#2
239 191 205 140 44 259 127 138 167 155 150 104  0
239 191 205 140 39 259 124 136 164 154 150 98  1
239 96 200 84 40 259 125 133 168 159 153 99  2
239 99 263 582 244 259 507 433 168 387 428 105  3
239 100 311 897 444 259 603 470 174 403 429 107  4
239 191 205 197 60 259 148 144 168 161 152 98  5
239 95 211 290 130 259 135 141 168 163 163 100  6
239 96 270 676 396 259 139 146 169 165 161 94  7
239 98 205 197 81 259 128 142 168 156 151 99  8
239 98 204 140 42 259 132 143 169 163 160 100  9
239 86 192 76 27 259 131 141 160 154 156 91  10
239 191 204 140 43 259 127 136 170 156 152 15000  11
