
Chip#1
9 155 146 0 4 76 22 69 84 108 151 164  0
9 153 208 75 20 196 206 69 104 225 165 159  1
25 161 719 807 36 964 1742 220 579 1701 348 160  2
9 158 268 241 20 332 614 85 294 891 218 155  3
9 154 147 0 20 92 38 69 89 128 158 155  4
9 155 165 18 4 92 54 69 427 971 218 159  5
9 151 151 5 4 92 38 69 319 731 196 149  6
9 143 144 0 20 92 38 69 83 110 148 152  7
9 151 176 20 20 92 54 69 89 110 155 159  8
9 149 157 6 4 92 38 69 84 106 151 153  9
9 154 149 0 20 92 38 69 84 109 150 159  10
9 150 140 0 4 76 22 69 82 100 148 15000  11
Chip#2
239 92 195 74 30 259 121 123 160 146 145 90  0
239 93 197 76 33 259 126 127 160 149 148 93  1
239 93 201 140 37 259 129 135 164 153 152 100  2
239 91 246 460 165 259 451 286 167 328 364 100  3
239 91 283 664 344 259 459 415 163 340 363 98  4
239 95 204 188 57 259 147 142 168 160 152 103  5
239 92 205 238 105 259 132 134 163 155 153 98  6
239 89 250 526 306 259 137 143 164 155 155 93  7
239 92 197 188 64 259 123 130 160 152 142 91  8
239 93 204 140 39 259 132 138 168 156 157 98  9
239 96 201 140 40 259 133 145 164 160 164 103  10
239 92 197 78 33 259 131 131 169 149 146 15000  11
