
Chip#1
379 363 295 410 388 363 363 328 313 291 303 296  0
379 379 297 420 390 363 363 333 315 295 305 363  1
363 363 299 417 393 363 363 333 319 296 300 347  2
363 363 729 710 389 762 742 335 770 588 301 287  3
347 297 735 728 386 635 561 328 577 475 298 285  4
363 363 295 417 391 363 343 333 314 291 299 347  5
347 363 619 693 388 379 407 330 328 303 299 284  6
363 363 557 656 389 363 399 328 321 290 298 285  7
363 363 290 412 387 363 339 328 310 285 295 286  8
363 363 298 414 388 379 411 330 330 308 301 289  9
363 379 296 415 392 379 403 334 324 299 307 347  10
363 363 290 408 385 347 341 330 313 286 296 15000  11
Chip#2
395 444 296 382 386 294 282 450 331 404 326 288  0
462 451 303 395 395 294 287 453 347 412 332 296  1
460 451 302 396 392 296 288 452 347 410 330 293  2
453 447 299 390 394 311 297 451 363 411 327 290  3
456 448 302 390 392 305 298 450 363 411 331 288  4
459 452 305 395 397 297 289 451 347 409 334 289  5
455 446 415 415 396 305 291 452 363 414 334 293  6
459 449 363 405 394 299 290 452 363 411 335 292  7
455 446 299 391 390 293 285 450 347 406 330 287  8
459 451 427 425 395 426 389 456 395 437 335 295  9
455 447 363 411 391 399 388 448 379 426 330 288  10
457 448 301 392 392 295 286 450 347 408 333 15000  11
