
Chip#1
107 116 111 143 102 110 99 104 107 110 115 116  0
109 110 113 143 104 116 100 98 106 109 112 112  1
109 109 103 143 102 106 100 101 104 108 106 108  2
113 121 118 143 110 117 102 108 108 113 122 118  3
117 121 115 143 110 115 105 105 110 109 116 117  4
112 118 110 143 104 113 100 102 108 110 116 118  5
111 114 110 143 101 110 99 102 104 104 110 112  6
116 117 118 143 106 116 103 108 110 112 114 116  7
111 114 111 143 106 111 100 101 106 112 116 114  8
113 114 116 143 107 116 105 105 109 109 115 121  9
111 117 111 143 106 113 103 101 108 110 114 116  10
115 122 120 143 110 113 105 109 110 113 120 15000  11
Chip#2
117 114 109 110 120 114 125 109 106 116 113 113  0
118 117 108 110 125 118 125 109 110 116 116 118  1
115 113 103 109 118 117 120 108 103 109 112 110  2
118 115 103 108 120 118 124 108 109 109 113 111  3
121 118 111 108 125 118 129 111 109 116 114 114  4
125 125 111 114 131 120 128 113 113 118 121 117  5
115 114 103 104 120 115 120 105 108 110 112 106  6
119 115 105 109 125 118 125 109 109 114 113 115  7
118 117 108 110 125 115 124 111 109 117 117 117  8
118 114 109 106 121 119 127 108 112 118 117 114  9
125 121 109 113 125 119 128 113 108 117 120 118  10
122 121 114 109 123 121 127 108 113 117 117 15000  11
