
Chip#1
25 153 135 0 20 92 22 69 78 101 150 161  0
9 153 206 74 20 124 150 69 97 213 161 159  1
9 154 689 773 36 844 1590 216 559 1620 338 160  2
9 151 262 192 20 332 598 85 281 851 213 158  3
9 155 144 0 4 92 38 69 89 124 159 155  4
9 153 168 18 20 108 70 85 412 939 217 154  5
9 145 140 0 20 92 54 69 305 715 192 149  6
9 154 147 0 20 92 38 85 91 113 157 159  7
25 153 173 18 20 108 54 69 79 109 154 155  8
9 154 161 6 20 92 54 69 81 108 155 159  9
9 159 150 2 20 92 38 69 86 110 155 158  10
0 142 140 0 4 76 6 53 76 103 153 15000  11
Chip#2
239 95 199 78 35 259 125 128 159 149 145 91  0
239 191 199 140 39 259 125 131 164 157 148 98  1
239 90 198 83 37 259 125 129 161 154 149 95  2
239 87 209 304 116 259 267 214 161 273 219 95  3
239 92 255 475 242 259 390 238 163 277 219 96  4
239 92 199 172 48 259 135 130 164 150 151 95  5
239 95 206 197 86 259 134 131 165 156 153 96  6
239 191 247 363 231 259 138 143 172 163 160 104  7
239 96 198 124 60 259 130 131 166 149 148 96  8
239 92 199 140 35 259 127 131 162 155 148 95  9
239 92 199 140 38 259 134 141 166 160 157 103  10
239 92 197 81 37 259 128 129 162 155 148 15000  11
