
Chip#1
102 102 98 107 102 103 105 103 102 97 100 100  0
104 99 103 108 103 107 104 100 103 103 103 98  1
99 99 111 121 100 114 129 96 114 126 97 98  2
104 102 109 114 108 110 116 107 116 120 102 104  3
106 107 106 112 103 109 109 104 107 104 109 100  4
98 104 129 136 105 120 133 107 111 128 101 99  5
101 96 107 114 101 110 116 101 108 112 98 98  6
98 101 98 106 96 99 101 102 103 96 100 96  7
108 102 125 127 103 117 122 100 102 100 102 100  8
99 101 116 116 105 116 125 104 104 100 98 105  9
104 104 105 109 105 106 109 107 104 101 103 104  10
108 101 100 109 104 104 108 104 102 97 98 15000  11
Chip#2
104 106 110 104 110 102 108 103 104 99 104 106  0
101 104 100 99 101 99 101 97 95 96 99 98  1
105 100 104 100 105 104 100 103 102 99 104 103  2
102 106 106 105 104 104 106 104 100 102 105 104  3
101 105 104 107 108 103 106 106 101 99 102 104  4
102 105 104 104 99 106 108 99 102 103 101 101  5
103 103 104 102 106 103 106 104 101 99 105 105  6
104 110 110 114 111 106 113 114 104 105 111 108  7
100 103 101 98 98 99 99 100 98 95 100 99  8
102 101 104 103 99 104 102 99 100 96 101 103  9
111 114 107 108 110 109 116 113 107 105 114 110  10
107 108 106 108 106 109 112 100 104 104 105 15000  11
