
Chip#1
119 118 108 99 109 108 107 110 108 111 113 111  0
101 106 97 89 101 98 96 102 98 104 101 102  1
111 119 165 157 109 152 173 110 148 183 113 113  2
107 122 783 798 115 732 973 131 730 958 130 103  3
110 126 503 540 120 479 641 129 523 656 125 113  4
106 117 141 138 107 121 119 111 117 128 108 113  5
109 123 674 732 118 117 119 110 116 128 111 111  6
105 113 569 607 113 105 106 97 105 112 102 99  7
104 102 115 116 101 96 95 96 99 100 94 103  8
106 112 104 99 107 113 115 106 105 114 104 105  9
111 114 106 102 111 113 117 113 112 119 112 109  10
109 114 112 99 114 105 102 107 106 111 107 110  11
Chip#2
112 117 118 112 117 115 104 118 113 115 114 116  0
111 120 122 114 119 122 104 121 121 121 111 121  1
100 103 110 102 109 104 95 103 107 105 105 108  2
108 114 121 110 123 118 103 114 117 118 112 117  3
99 113 115 111 119 121 95 112 120 109 103 107  4
95 122 135 100 106 103 95 102 102 106 102 101  5
113 959 1111 123 120 115 103 114 117 118 109 115  6
119 1141 1305 138 153 137 110 129 130 118 114 119  7
111 166 188 111 132 135 103 125 127 113 106 111  8
115 879 1040 124 799 922 110 745 786 122 108 117  9
129 1250 1354 147 1449 1593 127 1317 1535 140 117 119  10
120 191 191 117 222 223 109 233 246 127 121 124  11
Chip#3
108 103 113 105 110 105 109 109 96 106 108 125  0
102 95 197 158 104 181 158 108 155 191 103 122  1
95 141 683 626 147 674 654 129 534 687 158 109  2
101 118 511 485 122 519 463 118 435 504 125 121  3
96 89 111 101 102 94 103 105 117 142 99 117  4
98 93 109 103 102 100 107 116 580 720 147 114  5
105 107 115 109 113 110 113 118 526 635 141 119  6
103 99 107 101 108 98 107 105 103 113 105 114  7
97 94 104 98 100 97 100 104 88 98 102 115  8
106 99 116 107 111 101 111 112 98 106 105 118  9
103 96 99 94 100 97 103 106 88 97 100 111  10
108 96 109 103 103 95 101 108 98 102 104 115  11
Chip#4
730 662 725 666 693 653 657 655 624 684 580 694  0
811 659 811 656 684 642 763 648 624 779 568 687  1
733 657 724 765 767 649 859 827 624 827 661 687  2
731 661 875 3691 3327 704 3643 3643 670 3211 3387 843  3
728 656 827 2683 2559 679 2635 2651 638 2715 2651 811  4
724 653 722 718 726 654 763 664 638 795 591 691  5
728 655 891 3643 2891 660 763 661 638 795 585 694  6
726 655 875 3131 2518 657 779 654 638 795 580 689  7
721 654 811 683 701 651 763 659 638 779 576 687  8
730 652 811 663 692 656 763 662 638 684 579 690  9
811 651 811 662 689 651 779 657 638 795 581 685  10
827 658 827 662 693 658 795 660 621 795 619 689  11
