
Chip#1
109 106 111 147 173 114 104 104 108 105 105 101  0
106 106 125 551 625 184 105 109 102 103 106 102  1
105 107 121 508 611 184 112 112 108 108 110 102  2
100 97 106 184 211 105 100 97 99 96 100 99  3
109 109 134 571 587 154 112 108 102 109 104 102  4
109 105 125 454 495 168 110 110 109 110 107 100  5
200 206 111 122 124 111 107 103 107 107 100 103  6
665 689 196 115 113 105 105 106 110 107 110 98  7
514 529 157 115 114 114 110 103 110 108 131 102  8
215 241 121 112 113 112 105 106 107 107 107 102  9
565 608 200 115 114 114 109 110 112 117 131 103  10
440 452 149 109 114 108 109 110 106 117 131 15000  11
Chip#2
112 108 102 102 105 99 101 96 99 104 102 105  0
90 110 107 303 449 114 101 101 99 106 100 108  1
112 108 108 541 809 137 102 104 99 105 103 104  2
112 106 103 125 162 103 100 102 99 107 99 112  3
112 108 104 362 561 119 102 99 99 107 109 104  4
84 105 102 429 673 120 106 102 99 102 100 102  5
112 119 107 108 113 102 102 104 99 104 103 107  6
314 834 206 102 103 104 103 104 99 101 102 104  7
288 735 205 104 106 102 110 103 99 104 100 110  8
112 160 110 102 105 103 101 102 99 104 102 108  9
284 816 241 98 99 103 105 101 99 102 106 108  10
193 461 147 92 96 96 96 93 99 96 95 15000  11
