
Chip#1
106 106 100 107 107 98 109 114 97 95 96 92  0
156 152 124 167 167 131 316 328 164 119 131 103  1
141 145 120 158 168 132 300 308 128 119 131 105  2
132 121 108 118 113 111 132 134 102 109 102 103  3
175 161 114 121 118 111 303 317 116 105 102 94  4
161 158 120 123 125 122 304 321 127 115 131 106  5
132 120 106 113 113 111 133 159 107 109 131 101  6
164 179 120 122 121 124 328 317 122 117 131 100  7
146 139 111 116 116 117 308 295 115 117 131 94  8
123 122 112 116 115 109 146 132 108 110 110 105  9
166 165 117 118 117 130 325 286 119 132 131 99  10
149 146 112 115 120 128 303 268 115 126 131 15000  11
Chip#2
128 101 108 102 106 102 98 96 89 104 103 109  0
85 105 102 100 106 98 203 216 89 105 99 107  1
112 117 104 107 115 106 357 340 89 107 105 108  2
112 98 96 88 94 99 109 112 89 96 93 98  3
112 114 101 92 105 109 228 253 89 108 103 105  4
112 123 109 107 111 113 249 271 89 108 109 108  5
112 101 98 95 100 99 100 101 89 100 96 108  6
128 119 108 99 104 110 215 233 89 104 102 110  7
112 109 103 99 104 104 175 178 89 104 100 104  8
112 105 101 97 100 109 112 116 89 102 100 105  9
112 120 110 100 109 104 330 375 89 111 104 110  10
128 114 104 95 104 102 181 209 89 107 106 15000  11
