
Chip#1
113 118 113 152 111 115 108 105 109 118 118 118  0
117 114 115 152 114 118 104 106 110 114 112 116  1
113 114 116 152 111 116 105 108 110 117 111 118  2
112 109 162 163 107 160 137 109 149 137 108 109  3
109 110 166 172 110 148 128 108 135 129 112 111  4
113 121 111 129 111 117 104 106 108 110 115 114  5
117 117 158 173 114 122 110 114 117 114 111 118  6
113 111 150 164 110 118 105 110 107 113 111 114  7
108 110 107 113 102 112 98 106 107 107 109 114  8
112 113 114 129 104 124 115 108 112 114 114 116  9
111 107 107 129 104 118 104 104 106 110 110 111  10
112 116 109 129 109 117 103 106 110 107 114 15000  11
Chip#2
108 102 100 98 108 107 112 95 96 105 107 104  0
101 101 92 100 101 101 107 91 94 101 102 102  1
111 106 102 106 114 111 113 102 101 106 106 108  2
105 103 92 98 104 104 107 95 97 102 99 102  3
114 103 100 101 110 114 115 98 101 109 106 109  4
108 105 100 100 110 107 116 99 97 103 104 102  5
104 98 100 101 104 105 104 95 98 102 103 102  6
107 103 102 102 107 105 109 97 96 106 106 106  7
107 101 96 98 108 103 105 98 102 102 103 101  8
117 106 111 109 113 117 117 102 103 110 110 106  9
108 102 102 102 103 107 109 98 94 107 103 102  10
114 106 102 100 108 111 112 98 97 108 104 15000  11
