
Chip#1
91 93 92 99 95 98 96 96 96 92 89 90  0
102 101 102 109 101 101 115 101 102 101 102 99  1
97 96 147 171 98 144 199 103 128 191 105 94  2
97 102 111 126 102 118 141 98 114 144 97 95  3
102 100 103 98 103 100 106 102 100 100 97 90  4
98 97 104 102 100 99 107 97 118 152 101 94  5
95 96 99 98 96 93 101 94 111 134 95 93  6
99 99 99 102 104 100 101 101 107 100 92 95  7
97 101 100 104 103 104 107 105 108 100 96 98  8
102 100 109 104 105 105 106 101 106 103 97 99  9
91 93 98 98 100 95 98 96 101 93 97 89  10
103 94 102 102 100 100 101 97 104 101 96 15000  11
Chip#2
96 92 91 94 99 91 93 92 90 91 93 93  0
101 101 104 104 104 96 102 97 99 101 102 103  1
105 101 99 103 102 101 99 102 98 102 96 104  2
96 98 94 102 101 96 101 97 93 98 99 94  3
105 101 104 112 110 103 111 106 100 109 106 99  4
105 100 104 105 101 103 98 99 98 98 101 100  5
103 99 96 104 106 98 96 96 94 99 100 98  6
107 106 106 109 112 103 106 106 101 105 107 106  7
106 104 104 104 107 102 102 100 102 103 104 100  8
100 97 98 97 100 96 99 93 95 98 94 96  9
103 98 100 102 105 99 102 99 96 101 100 101  10
103 97 100 100 99 99 100 98 98 97 95 15000  11
