
Chip#1
124 124 122 129 113 115 105 108 113 113 126 121  0
126 122 114 129 111 115 108 113 112 110 120 121  1
115 120 116 145 109 118 111 114 116 114 115 113  2
116 122 630 517 115 736 584 117 685 529 122 118  3
113 116 661 567 114 522 385 110 461 340 110 111  4
112 120 119 129 111 117 108 109 112 114 112 112  5
112 116 522 520 111 138 131 109 133 128 111 112  6
109 113 464 457 107 132 122 104 120 115 109 104  7
104 109 107 129 107 112 102 104 106 105 109 108  8
119 117 119 129 114 149 135 110 139 137 115 113  9
112 114 115 129 107 134 122 104 122 123 116 112  10
115 118 111 129 109 115 106 110 110 109 115 15000  11
Chip#2
112 103 102 104 113 112 117 98 102 109 108 108  0
118 107 100 102 111 114 117 99 102 106 110 109  1
118 109 108 109 115 118 119 105 108 110 110 113  2
118 109 102 105 118 168 155 102 122 121 112 111  3
117 110 103 106 117 148 137 101 114 116 108 110  4
115 109 105 108 115 118 115 102 100 106 107 108  5
118 115 252 195 118 131 129 105 119 121 113 113  6
115 115 210 166 120 121 125 104 117 118 114 111  7
112 107 103 108 115 117 119 105 106 110 106 109  8
115 110 301 250 114 330 275 99 265 236 108 106  9
109 110 263 202 115 267 218 99 222 208 107 110  10
115 107 100 106 113 111 115 99 100 107 112 15000  11
