
Chip#1
110 120 110 116 124 112 141 159 106 104 104 101  0
186 196 139 228 232 168 534 544 164 134 147 111  1
170 187 133 202 230 168 512 520 164 134 147 107  2
134 136 112 118 122 111 168 178 109 113 131 102  3
249 245 140 141 146 139 553 574 164 133 131 106  4
218 218 136 141 141 144 544 571 180 138 147 115  5
135 131 115 116 115 115 172 191 108 113 102 96  6
227 224 129 133 131 149 605 565 139 138 131 102  7
200 196 122 133 131 144 570 538 135 140 147 105  8
135 136 112 108 112 108 191 175 104 110 107 95  9
234 235 145 135 135 184 619 523 131 159 163 107  10
199 193 123 127 121 184 568 496 125 156 163 15000  11
Chip#2
128 113 107 102 105 113 106 101 98 107 109 109  0
128 114 101 102 118 104 352 362 98 108 104 103  1
112 137 119 123 148 119 701 690 98 115 110 109  2
112 114 104 103 110 106 146 138 98 105 100 109  3
128 135 112 107 119 114 414 478 98 115 109 109  4
112 148 114 112 125 120 467 514 98 114 111 110  5
112 112 109 105 114 114 116 115 98 108 104 112  6
128 135 109 103 113 111 390 450 98 111 106 104  7
112 127 108 102 116 110 292 305 98 105 98 103  8
128 119 114 108 115 117 152 162 98 111 112 115  9
128 139 118 99 111 110 681 796 98 115 112 108  10
112 126 113 99 111 105 311 384 98 111 112 15000  11
