
Chip#1
73 178 152 5 20 92 38 85 100 122 180 219  0
25 164 385 367 36 284 614 101 163 580 189 173  1
25 173 2723 3520 188 3676 3940 472 2295 3906 1033 183  2
9 161 731 1011 36 1107 2707 203 979 3467 433 168  3
9 157 153 9 20 108 54 85 107 181 174 165  4
25 163 219 107 36 196 134 85 1577 3931 448 166  5
9 159 184 42 20 124 86 85 1079 3025 348 160  6
9 157 147 5 20 92 38 85 97 122 163 155  7
9 165 219 99 36 196 102 85 101 123 170 163  8
25 159 212 49 20 196 102 85 88 114 160 158  9
25 167 160 8 20 92 38 85 95 124 168 169  10
25 164 150 4 20 92 38 85 91 117 163 15000  11
Chip#2
239 191 204 140 40 259 129 134 169 156 151 102  0
239 96 199 78 36 259 125 129 164 155 148 97  1
239 93 202 79 36 259 125 134 166 159 153 93  2
239 92 261 583 246 259 507 437 164 388 435 97  3
239 98 305 903 449 259 707 470 173 409 430 102  4
239 98 206 197 65 259 149 144 164 161 155 97  5
239 96 216 292 136 259 141 144 172 165 164 100  6
239 95 274 680 407 259 143 150 172 165 171 97  7
239 94 206 197 85 259 128 135 168 155 147 94  8
239 99 204 140 42 259 131 141 172 159 158 99  9
239 92 199 82 39 259 139 149 164 157 163 93  10
239 96 205 140 44 259 132 135 172 160 155 15000  11
