
Chip#1
89 190 160 8 36 108 54 101 97 130 183 219  0
25 169 393 368 36 284 614 101 165 585 199 180  1
25 173 2723 3520 188 3692 3944 476 2288 3910 1029 174  2
9 167 731 960 36 1114 2711 209 979 3467 434 170  3
9 157 154 12 20 92 38 85 108 182 173 163  4
25 159 219 105 36 196 150 101 1582 3915 453 165  5
25 160 184 35 36 124 102 101 1075 3006 339 160  6
25 173 165 15 20 92 38 85 108 135 170 165  7
25 157 219 99 36 196 118 101 97 119 161 158  8
9 159 211 49 20 196 86 69 89 110 156 154  9
25 161 153 6 20 92 38 85 91 119 161 159  10
25 163 151 0 20 92 38 85 87 113 163 15000  11
Chip#2
239 191 206 140 40 259 126 133 169 153 147 104  0
239 191 206 90 46 259 131 136 173 161 156 104  1
239 98 203 89 42 259 132 134 169 159 152 102  2
239 89 256 582 245 259 507 433 166 381 433 95  3
239 100 309 911 448 259 705 470 173 411 435 104  4
239 99 201 197 62 259 148 140 168 163 155 97  5
239 98 211 293 134 259 138 141 170 161 161 100  6
239 100 271 684 401 259 145 149 170 168 168 102  7
239 92 203 197 82 259 131 136 166 153 151 97  8
239 94 197 79 37 259 128 136 167 158 156 95  9
239 96 204 89 36 259 139 151 172 165 172 100  10
239 96 199 140 39 259 128 131 170 155 151 15000  11
