
Chip#1
120 116 109 111 105 111 103 106 106 113 116 124  0
122 122 116 129 107 115 104 112 108 113 116 121  1
108 107 109 109 102 112 104 104 107 109 105 111  2
107 113 616 515 109 720 576 114 669 503 111 111  3
109 112 654 563 110 517 387 112 451 336 111 112  4
111 120 114 129 114 120 108 109 114 115 116 116  5
108 112 509 511 110 143 135 106 133 134 108 112  6
109 113 458 459 113 138 125 106 121 120 110 112  7
111 118 113 129 114 116 108 112 108 112 110 117  8
112 116 111 129 109 149 139 108 145 143 110 114  9
113 112 109 129 107 135 124 109 121 125 112 116  10
112 113 115 129 110 113 108 106 108 107 110 15000  11
Chip#2
109 107 106 106 117 112 124 108 108 107 114 109  0
109 107 105 106 114 114 119 104 106 107 108 113  1
102 105 106 102 111 111 119 101 104 109 106 114  2
111 113 111 108 118 194 168 109 134 129 112 114  3
107 107 106 105 116 159 149 108 121 120 108 111  4
105 107 109 105 114 118 121 105 106 110 111 109  5
105 111 271 203 117 134 136 108 134 125 111 109  6
108 109 226 169 114 127 123 106 121 117 110 109  7
112 109 115 108 121 118 121 111 113 116 114 113  8
111 114 332 264 118 367 296 108 293 257 112 110  9
101 110 290 214 114 294 232 98 239 226 108 110  10
114 107 111 112 114 115 123 106 108 112 114 15000  11
