
Chip#1
73 181 151 6 20 92 38 69 97 122 179 185  0
25 164 384 365 36 300 614 101 165 579 193 177  1
25 165 2745 3504 186 3676 3944 476 2288 3905 1024 175  2
9 168 731 1012 36 1212 2710 211 983 3394 435 173  3
25 163 161 14 36 108 54 101 116 191 179 168  4
25 165 219 106 20 140 134 85 1571 3915 450 164  5
25 157 184 43 36 124 102 85 1078 3017 344 163  6
25 159 157 5 36 108 54 152 97 124 163 161  7
25 169 219 102 36 196 118 85 104 127 170 165  8
9 158 216 52 20 196 86 69 91 114 156 160  9
25 168 157 8 36 92 38 85 96 122 166 163  10
25 176 163 13 36 108 38 85 97 127 170 15000  11
Chip#2
239 98 195 78 31 259 118 127 160 151 142 94  0
239 191 197 140 39 259 121 135 160 150 151 95  1
239 95 201 140 35 259 126 131 163 157 152 97  2
239 96 263 585 249 259 507 436 170 388 435 100  3
239 101 310 914 454 259 707 470 174 409 435 105  4
239 95 201 197 64 259 147 142 166 160 150 98  5
239 93 204 280 128 259 133 134 164 155 158 94  6
239 191 277 691 410 259 153 157 178 174 173 103  7
239 102 206 202 86 259 129 138 169 160 156 104  8
239 100 205 140 44 259 131 142 168 161 163 102  9
239 191 206 140 44 259 145 154 173 171 173 105  10
239 99 204 83 42 259 132 135 170 157 153 15000  11
