
Chip#1
97 107 102 108 107 108 108 106 103 97 99 102  0
102 156 165 107 166 150 113 165 142 99 177 130  1
107 306 291 108 294 253 120 302 231 112 355 208  2
110 113 115 116 121 120 115 122 112 111 121 115  3
105 206 213 108 197 171 121 200 174 106 222 149  4
109 290 281 108 322 255 122 290 214 109 333 188  5
105 114 114 108 119 114 120 118 108 103 108 110  6
109 208 197 108 211 182 115 236 153 106 242 157  7
109 282 267 108 291 233 118 307 201 108 321 200  8
111 123 118 108 120 122 123 120 120 113 113 113  9
108 266 217 116 241 197 115 235 172 109 266 166  10
108 234 234 108 259 233 112 276 201 103 288 160  11
