
Chip#1
109 112 110 143 105 110 102 104 106 108 115 116  0
105 107 107 107 101 108 97 97 107 104 105 105  1
111 114 117 115 107 115 107 105 110 112 111 112  2
109 116 241 215 107 281 228 109 256 203 112 109  3
104 110 249 232 106 224 180 106 193 158 108 108  4
108 116 116 129 111 113 105 110 109 110 111 111  5
104 107 201 210 96 117 109 100 109 107 102 104  6
109 112 197 206 107 118 107 106 108 113 110 112  7
111 110 114 129 113 113 104 106 107 109 114 112  8
108 110 109 129 105 117 110 101 110 112 109 109  9
103 105 106 129 101 112 105 101 107 108 104 109  10
109 103 103 109 104 111 99 101 104 104 106 15000  11
Chip#2
96 98 99 94 103 100 112 99 98 101 106 105  0
101 95 95 93 104 105 113 97 97 102 104 105  1
101 103 106 98 107 108 116 104 101 103 107 108  2
102 101 100 97 108 112 117 101 98 102 104 106  3
102 102 103 97 107 110 113 101 104 102 106 106  4
95 101 105 97 101 103 111 97 98 101 103 100  5
96 99 108 102 105 103 108 95 100 101 102 105  6
99 101 109 100 107 107 115 101 102 101 103 106  7
102 98 98 96 105 104 111 95 100 102 103 104  8
102 99 120 109 104 124 127 98 113 114 104 105  9
96 101 114 106 107 121 123 97 110 110 104 105  10
101 98 98 98 104 108 111 97 97 103 106 15000  11
