
Chip#1
109 110 109 110 107 111 109 108 106 112 115 121  0
108 105 105 105 107 107 99 102 101 109 108 107  1
115 110 111 111 111 111 110 110 108 114 111 114  2
106 102 126 129 104 132 119 101 129 123 104 107  3
103 105 127 129 104 125 115 106 120 115 104 109  4
115 112 109 110 111 116 109 106 110 113 109 114  5
107 106 127 145 105 587 567 106 444 408 104 109  6
108 106 131 145 107 512 500 108 320 302 109 112  7
98 95 95 101 100 108 103 97 107 110 102 101  8
108 102 101 107 107 539 530 105 604 574 108 108  9
112 109 111 113 109 378 353 112 351 371 108 120  10
112 110 109 111 105 111 107 109 107 108 108 15000  11
Chip#2
114 107 114 106 123 114 123 111 108 114 120 118  0
114 109 109 112 117 111 115 109 105 114 124 126  1
105 103 108 104 114 118 119 101 112 112 113 118  2
111 105 108 106 117 476 364 113 548 492 110 113  3
105 102 106 102 110 344 277 106 400 326 107 108  4
111 107 111 108 117 120 119 105 109 116 113 109  5
107 103 127 117 121 635 457 108 432 393 106 109  6
106 101 126 113 111 435 317 104 303 273 106 106  7
109 107 108 105 117 114 117 105 108 109 111 111  8
115 109 132 121 117 135 133 113 126 126 113 115  9
111 103 123 112 113 126 127 105 118 118 111 109  10
115 107 109 102 115 111 116 106 106 107 110 15000  11

Chip#1
107 109 105 109 102 106 104 105 104 109 109 112  0
112 113 105 106 104 106 103 102 107 109 108 107  1
107 109 110 106 104 110 104 108 105 109 109 111  2
108 105 127 129 104 135 122 108 130 128 109 111  3
104 111 133 145 110 130 122 110 122 124 109 111  4
108 113 111 129 109 115 111 110 112 114 114 112  5
99 97 124 129 104 586 568 102 439 406 102 107  6
111 114 133 145 107 515 508 110 324 304 112 111  7
113 116 114 115 107 121 116 116 122 122 111 114  8
104 107 107 111 105 540 536 110 613 574 110 111  9
111 110 113 129 105 378 353 110 352 371 110 118  10
103 107 103 105 100 104 104 100 100 104 110 15000  11
Chip#2
111 103 103 105 114 108 113 104 108 110 112 114  0
107 101 99 102 110 114 107 106 102 106 114 114  1
111 107 108 106 111 120 117 111 113 110 113 122  2
114 106 105 102 115 476 357 112 546 492 112 111  3
107 102 106 104 118 352 277 108 409 330 110 108  4
108 101 103 102 110 112 113 102 104 109 107 104  5
111 106 128 125 123 644 453 112 435 391 112 115  6
108 101 118 114 115 438 319 108 300 269 108 105  7
107 99 99 100 111 110 108 99 101 105 104 105  8
112 101 126 115 115 131 125 102 122 120 111 108  9
112 109 118 114 113 127 123 111 119 117 111 113  10
114 106 106 108 113 112 111 111 106 113 110 15000  11

Chip#1
103 99 98 106 98 101 100 100 100 105 106 108  0
112 107 109 105 109 110 102 104 106 114 108 109  1
109 107 109 129 113 116 109 110 109 113 108 111  2
105 107 128 145 105 134 120 105 129 125 106 107  3
104 106 133 145 106 129 121 105 118 118 100 107  4
107 109 103 109 106 111 103 101 106 108 104 103  5
102 98 124 129 100 588 570 102 444 407 101 100  6
105 102 122 129 100 496 496 101 314 295 104 104  7
111 107 106 115 110 117 114 108 121 122 109 112  8
111 105 110 129 106 536 539 106 611 583 110 109  9
112 107 109 105 101 376 353 102 349 370 108 114  10
108 102 106 109 101 108 107 101 102 107 111 15000  11
Chip#2
105 99 103 105 113 108 113 106 103 110 112 113  0
117 107 111 112 114 111 120 105 105 110 121 126  1
114 105 108 110 114 118 119 106 112 112 112 122  2
117 114 114 110 123 483 372 118 548 499 113 114  3
106 105 105 101 115 348 277 111 400 334 111 110  4
106 103 109 105 111 114 112 104 102 107 107 102  5
111 105 128 122 123 638 460 111 429 392 110 111  6
112 106 126 115 124 445 322 109 303 277 111 111  7
112 103 105 106 114 110 115 105 106 113 110 113  8
115 107 128 123 115 140 133 106 125 122 110 113  9
109 103 123 117 111 126 125 105 117 120 108 113  10
112 105 108 105 113 114 112 109 105 109 107 15000  11

Chip#1
112 110 109 129 107 111 109 110 107 115 112 114  0
111 106 107 107 101 106 103 106 102 107 105 107  1
107 102 110 106 101 106 105 105 104 108 106 109  2
105 101 130 129 102 130 120 106 129 129 104 104  3
111 108 137 129 107 129 124 113 121 123 111 113  4
113 110 110 129 110 111 113 108 109 119 108 108  5
103 101 126 129 101 591 577 108 449 411 106 101  6
113 116 139 145 115 517 513 113 332 311 114 111  7
111 106 107 107 105 113 110 106 114 118 108 109  8
109 103 106 113 105 543 539 105 611 584 109 109  9
115 107 107 129 109 385 355 114 357 378 116 117  10
111 107 105 113 104 106 105 105 105 107 112 15000  11
Chip#2
107 103 106 105 110 110 112 106 104 113 111 115  0
105 99 98 102 110 110 113 105 104 107 110 117  1
112 107 105 110 114 118 119 104 112 113 113 121  2
102 98 98 98 115 468 363 104 540 489 106 108  3
105 99 98 102 110 343 277 108 403 329 108 104  4
105 102 109 108 114 118 117 105 103 114 107 109  5
108 101 128 125 124 640 457 111 430 387 111 114  6
109 105 121 118 120 447 328 109 304 280 111 113  7
101 95 96 97 104 105 108 101 98 102 96 100  8
108 101 124 119 111 135 131 106 123 125 111 110  9
109 105 121 112 108 126 125 108 117 117 107 111  10
111 103 105 102 111 107 111 106 103 106 107 15000  11
