
Chip#1
116 116 117 129 105 113 103 109 106 109 120 120  0
121 118 114 129 111 120 107 109 116 114 120 121  1
116 113 116 129 109 116 109 110 116 115 116 109  2
108 113 554 459 107 639 517 108 593 451 114 112  3
104 111 574 492 110 454 341 108 401 302 109 108  4
113 119 119 129 110 122 110 112 116 117 118 114  5
116 111 431 451 111 135 125 110 129 124 111 113  6
111 120 392 401 110 130 121 109 121 122 112 112  7
113 114 118 129 116 117 109 109 113 114 123 116  8
115 121 120 129 114 143 131 108 134 133 120 117  9
113 116 114 129 111 129 119 108 118 122 111 113  10
119 120 120 129 118 125 115 113 116 114 120 15000  11
Chip#2
105 103 96 100 104 103 112 97 97 105 104 108  0
108 109 93 101 110 110 111 95 98 103 106 105  1
111 106 100 102 108 110 113 101 100 105 106 110  2
108 102 93 101 111 145 140 98 109 113 103 106  3
108 105 99 98 108 131 125 97 109 106 102 105  4
107 110 99 104 114 105 116 99 101 105 107 105  5
107 106 202 164 114 117 120 94 113 112 104 106  6
107 105 177 144 110 110 115 94 105 110 102 106  7
107 105 97 100 111 111 112 97 101 107 102 106  8
108 109 252 208 111 271 228 104 222 205 107 105  9
115 113 227 174 117 231 193 102 187 179 113 114  10
109 106 102 101 111 111 115 101 98 105 112 15000  11
