
Chip#1
106 106 105 112 103 105 107 104 106 105 101 105  0
111 112 119 121 110 120 123 114 114 117 112 115  1
112 111 172 210 112 176 238 113 165 263 127 115  2
114 112 128 146 114 140 165 113 142 190 122 117  3
110 109 114 119 111 115 119 110 116 108 108 110  4
114 113 244 274 112 186 250 113 153 206 119 113  5
111 109 150 163 108 153 188 111 142 191 112 113  6
116 112 118 121 116 118 122 114 118 115 112 112  7
116 112 208 210 111 177 200 112 114 108 112 112  8
112 110 168 169 110 171 193 111 119 111 105 105  9
109 112 109 116 115 112 117 108 114 115 109 108  10
117 114 109 118 111 111 120 112 116 108 109 15000  11
Chip#2
112 113 114 113 112 108 111 110 110 108 111 112  0
113 119 117 117 118 116 114 117 112 111 115 120  1
118 118 116 116 117 113 114 112 112 113 116 115  2
118 119 120 133 121 116 131 126 113 120 126 119  3
115 114 121 141 129 112 132 123 110 121 125 115  4
112 114 116 115 110 111 113 110 108 110 109 114  5
122 119 122 125 124 121 129 124 118 125 137 124  6
112 113 115 135 124 113 131 127 116 125 138 114  7
113 114 112 115 111 111 114 109 110 108 114 110  8
120 123 122 122 117 119 124 121 115 119 131 116  9
112 114 117 113 108 112 129 133 113 119 135 117  10
115 117 120 116 112 113 120 116 116 112 118 15000  11
