
Chip#1
108 113 110 109 104 106 103 104 105 107 111 117  0
108 106 101 105 101 104 97 98 98 104 105 107  1
117 118 113 129 110 117 109 114 113 112 115 121  2
109 118 380 335 110 449 355 113 415 330 112 116  3
108 113 387 356 104 331 255 104 295 219 108 112  4
107 114 110 129 104 113 103 105 107 108 108 112  5
108 111 312 322 105 129 122 106 122 120 111 112  6
107 113 293 291 109 122 117 105 114 113 108 111  7
108 116 113 129 110 112 109 110 110 107 111 114  8
105 113 109 129 106 127 117 104 124 125 108 116  9
113 118 113 129 109 131 121 112 118 124 116 120  10
111 114 113 129 107 112 103 108 105 107 110 15000  11
Chip#2
99 101 100 100 107 104 116 95 100 102 107 106  0
96 93 99 100 104 104 109 94 98 102 102 104  1
102 99 102 93 110 105 113 92 98 107 108 106  2
98 101 98 100 107 126 128 99 104 109 107 106  3
104 99 103 102 108 120 125 98 104 107 112 110  4
101 97 103 102 103 104 113 95 98 101 104 101  5
98 101 138 127 108 108 115 97 105 107 107 104  6
102 103 129 114 107 110 116 102 103 106 102 108  7
98 94 96 98 105 103 113 99 100 102 99 104  8
96 98 154 132 103 166 155 99 136 135 102 102  9
98 102 141 122 103 149 140 98 126 124 100 106  10
107 101 100 101 107 107 115 101 103 106 107 15000  11
