
Chip#1
115 123 106 116 125 101 140 159 104 109 101 95  0
193 193 137 217 235 168 539 552 180 132 147 106  1
168 179 129 202 229 168 513 522 164 129 147 109  2
134 130 107 118 121 109 168 191 104 108 105 101  3
250 248 143 149 164 140 560 588 180 132 147 111  4
208 209 126 138 141 133 544 572 164 131 131 101  5
141 140 117 128 125 123 183 178 116 118 131 106  6
227 217 125 132 137 168 607 568 164 131 147 93  7
192 190 115 129 126 137 567 535 133 138 147 103  8
140 149 116 112 120 111 201 176 110 117 110 100  9
230 235 138 134 131 184 628 522 132 159 163 107  10
200 198 122 135 125 168 570 504 132 155 163 15000  11
Chip#2
112 104 108 95 101 102 102 100 98 106 109 110  0
85 112 100 98 111 100 357 373 98 101 102 99  1
112 124 104 112 133 106 707 690 98 109 106 97  2
112 110 107 97 110 105 143 139 98 109 99 105  3
112 121 103 100 108 104 420 487 98 108 103 103  4
112 139 108 104 115 111 468 523 98 112 106 104  5
112 107 108 100 108 108 118 116 98 108 103 110  6
112 127 108 102 111 111 395 450 98 107 106 107  7
128 131 115 103 113 114 300 315 98 111 108 109  8
112 112 109 100 100 110 141 152 98 101 100 109  9
128 144 119 103 111 108 698 832 98 119 112 110  10
112 126 109 100 109 99 306 389 98 107 106 15000  11
