
Chip#1
101 106 99 107 105 101 106 107 104 104 102 102  0
101 99 96 107 105 104 107 105 99 101 98 95  1
105 104 128 146 104 129 152 111 126 161 108 107  2
103 100 107 120 102 108 123 108 112 132 103 101  3
99 100 98 107 108 105 107 107 103 99 100 100  4
99 104 151 164 101 130 157 109 119 144 103 95  5
103 105 119 127 107 121 131 109 113 134 102 102  6
104 104 102 107 105 103 102 104 106 100 100 99  7
101 105 139 143 107 127 138 110 104 101 97 96  8
103 110 123 132 109 130 141 109 104 104 102 106  9
108 106 108 113 108 110 111 112 111 109 103 109  10
102 99 95 106 102 100 99 105 99 99 97 15000  11
Chip#2
103 101 95 97 100 98 104 95 95 98 97 98  0
112 110 105 109 111 106 106 110 102 108 113 110  1
110 104 99 103 108 102 105 100 100 102 105 106  2
109 108 101 112 111 107 112 110 101 108 115 106  3
101 100 96 108 106 98 107 102 94 98 104 99  4
106 108 101 104 106 103 100 100 99 99 101 105  5
106 103 100 102 107 106 108 102 98 102 106 101  6
106 105 104 110 113 104 113 109 100 104 115 104  7
106 106 101 105 104 102 105 104 104 101 104 105  8
105 100 96 103 105 99 102 100 95 103 106 101  9
104 103 103 103 105 103 108 107 102 105 114 108  10
112 108 105 104 106 106 111 105 102 103 107 15000  11
