
Chip#1
103 103 103 129 101 107 103 102 104 107 109 109  0
105 109 103 102 104 110 99 102 104 102 109 109  1
103 103 105 129 101 110 99 104 107 107 105 111  2
111 110 239 218 110 274 227 110 253 207 116 112  3
100 106 237 219 100 208 167 100 187 157 106 107  4
107 105 103 106 104 108 99 101 102 110 106 105  5
113 114 209 222 114 121 117 110 113 117 115 117  6
112 110 198 205 113 126 117 110 110 112 114 118  7
102 99 99 102 101 103 96 98 97 100 102 104  8
105 106 105 129 106 115 110 102 108 113 111 112  9
105 106 105 129 102 115 106 102 104 107 109 109  10
105 102 103 103 102 108 100 98 101 99 105 15000  11
Chip#2
98 98 96 94 103 104 109 95 96 101 102 101  0
101 102 100 102 110 107 112 99 94 103 104 108  1
104 101 102 98 107 108 108 102 101 106 104 113  2
98 98 93 94 104 111 109 101 97 105 103 100  3
101 99 99 96 100 103 112 97 96 102 102 104  4
99 98 95 97 103 103 107 97 93 97 102 101  5
95 93 109 100 100 103 108 94 97 99 96 104  6
98 105 112 101 104 108 109 98 96 103 108 106  7
105 105 106 100 113 108 113 101 100 102 106 111  8
108 106 127 112 110 130 129 104 119 118 108 111  9
101 102 115 108 103 118 119 95 105 114 104 109  10
108 103 103 100 108 110 109 102 101 103 106 15000  11
