
Chip#1
96 99 106 141 164 101 99 95 100 99 96 95  0
103 105 125 541 621 184 109 107 103 105 102 98  1
98 97 116 495 602 184 105 100 97 98 100 88  2
99 98 106 181 208 109 100 97 96 100 95 95  3
105 105 135 571 581 147 110 106 102 108 105 93  4
113 113 136 460 500 168 117 114 107 119 131 108  5
197 211 116 119 124 111 107 103 103 110 105 102  6
668 684 191 109 109 106 106 99 101 107 104 96  7
516 534 158 115 120 115 114 110 110 118 131 103  8
206 237 112 107 103 105 103 101 100 105 101 99  9
558 591 191 109 103 103 105 99 99 112 110 93  10
429 449 140 107 111 104 107 102 103 112 111 15000  11
Chip#2
89 111 108 109 106 106 106 106 99 109 106 109  0
112 104 102 330 496 110 101 100 99 102 99 102  1
85 110 102 603 902 137 107 103 99 106 106 103  2
88 107 109 132 174 110 107 103 99 107 103 108  3
112 110 101 404 620 115 106 100 99 106 99 103  4
112 105 101 482 757 119 102 97 99 95 97 97  5
112 130 104 110 114 105 103 106 99 104 103 110  6
335 923 211 98 104 93 103 96 99 100 97 99  7
314 822 192 107 106 102 111 104 99 107 100 105  8
112 166 107 100 103 102 102 103 99 98 100 100  9
307 916 259 100 98 99 101 102 99 104 100 98  10
206 529 163 98 95 98 96 97 99 99 96 15000  11
