
Chip#1
385 383 304 423 394 381 403 339 319 302 323 379  0
400 383 308 426 402 382 408 346 327 309 324 379  1
398 382 308 430 400 382 413 347 363 312 312 363  2
397 381 1979 1707 407 2337 1891 363 2147 1515 318 299  3
363 380 2057 1824 398 1587 1211 347 1387 955 307 347  4
398 381 363 435 407 395 413 347 329 306 317 363  5
397 380 1587 1675 400 414 477 343 445 363 311 296  6
397 381 1451 1488 406 407 467 349 424 343 315 300  7
397 380 309 432 403 402 411 347 328 302 315 363  8
397 380 307 431 405 427 488 344 461 379 311 301  9
397 380 304 427 398 394 454 343 418 349 311 363  10
397 380 306 423 404 389 404 342 324 298 316 15000  11
Chip#2
411 459 310 403 402 307 300 461 379 419 363 304  0
470 458 313 403 405 310 303 459 363 420 342 306  1
411 457 308 403 403 310 299 463 363 418 363 305  2
411 457 308 401 402 445 402 459 379 432 338 298  3
411 457 309 400 405 420 389 463 379 428 340 299  4
411 460 313 405 406 306 296 462 363 417 342 303  5
463 462 539 493 400 363 363 459 395 433 341 299  6
411 463 500 465 405 363 305 463 379 427 339 300  7
468 456 311 405 405 309 299 460 363 422 341 303  8
463 463 605 554 401 635 529 461 611 548 337 299  9
469 463 559 505 406 546 472 464 582 519 343 307  10
470 459 312 404 404 384 298 459 363 420 363 15000  11
