
Chip#1
110 114 105 113 118 106 136 135 104 98 105 96  0
176 178 131 201 213 168 487 490 164 127 131 99  1
159 166 126 187 210 140 461 467 144 126 131 102  2
143 136 112 123 131 119 162 175 112 115 131 103  3
228 224 134 139 140 131 492 517 164 119 117 101  4
196 197 126 132 133 132 490 512 164 126 131 100  5
134 128 110 116 115 111 162 175 104 110 105 98  6
209 204 121 127 127 135 538 507 132 127 131 98  7
193 185 128 132 134 143 514 492 136 134 131 107  8
144 144 119 116 120 120 193 173 113 115 119 108  9
218 219 135 124 125 168 551 476 129 148 131 101  10
192 186 128 123 127 168 522 459 131 152 163 15000  11
Chip#2
112 106 108 98 103 105 105 101 94 107 100 113  0
87 110 100 104 109 98 308 330 94 102 96 98  1
112 121 106 110 130 103 602 598 94 107 104 103  2
112 105 104 99 105 106 139 136 94 105 102 108  3
128 130 112 105 119 116 373 450 94 119 109 113  4
112 137 110 107 119 110 409 460 94 109 105 108  5
112 106 106 100 108 110 115 106 94 101 97 108  6
112 133 113 110 116 113 349 387 94 111 109 109  7
112 121 104 100 106 105 267 281 94 106 100 107  8
112 114 106 102 103 109 137 147 94 106 104 110  9
112 135 108 100 106 96 586 712 94 113 106 104  10
112 127 113 107 108 103 279 346 94 108 106 15000  11
