
Chip#1
117 120 110 113 109 112 107 108 105 114 118 122  0
117 116 106 109 109 112 103 105 102 112 111 121  1
111 112 106 111 106 115 104 102 109 118 108 111  2
113 110 380 332 109 448 354 110 403 319 111 109  3
111 117 389 355 110 330 260 106 284 217 116 111  4
109 116 113 129 113 113 102 104 109 112 112 112  5
108 109 307 315 109 126 119 105 120 119 108 108  6
112 114 285 287 109 125 116 108 112 117 110 114  7
111 113 106 129 107 113 104 108 105 112 109 113  8
111 107 106 129 110 127 120 105 120 119 106 113  9
109 107 103 106 102 124 107 102 108 112 105 108  10
103 107 103 103 101 104 97 97 100 102 104 15000  11
Chip#2
98 102 96 97 108 110 115 98 94 99 102 109  0
107 102 98 100 107 110 113 97 96 105 107 102  1
102 107 99 104 108 111 120 99 98 105 106 106  2
108 103 100 102 107 128 128 97 104 109 102 104  3
99 99 96 98 101 119 119 98 100 105 98 97  4
101 101 102 101 107 107 112 95 94 102 100 102  5
102 103 136 125 105 115 116 101 104 108 110 108  6
104 109 128 117 107 114 113 99 103 103 104 105  7
109 105 102 102 108 111 115 104 100 106 104 106  8
102 101 154 135 107 169 155 94 136 132 102 101  9
104 109 147 130 110 154 145 102 130 132 108 109  10
101 101 98 100 105 108 112 97 94 103 103 15000  11
