
Chip#1
108 110 94 96 110 99 106 107 98 106 113 106  0
137 192 120 152 186 111 179 206 110 161 185 109  1
144 213 146 166 206 122 197 224 124 186 189 111  2
113 137 107 107 126 107 123 128 103 119 124 100  3
151 213 127 165 193 112 201 223 108 180 195 108  4
158 220 135 175 214 122 218 243 122 206 213 112  5
106 127 107 108 121 103 122 126 99 119 121 98  6
148 208 130 166 220 120 208 236 119 203 212 106  7
138 195 121 171 210 113 211 227 108 188 203 102  8
110 136 102 107 122 102 119 126 101 123 114 101  9
151 211 132 171 214 117 195 206 113 201 193 101  10
139 180 115 156 189 112 178 187 112 181 190 114  11
Chip#2
123 110 98 132 132 114 146 132 118 161 136 128  0
314 416 173 409 396 177 564 445 222 510 329 137  1
379 510 213 449 468 200 633 445 226 501 302 117  2
186 238 129 194 220 140 251 219 140 255 164 129  3
466 565 199 542 501 196 745 576 256 680 427 122  4
466 581 185 508 484 174 676 508 225 630 372 120  5
168 214 114 198 219 136 215 213 135 262 175 120  6
447 612 234 592 625 212 769 649 237 730 506 128  7
365 546 182 447 475 162 668 547 183 625 425 125  8
178 245 129 198 237 131 202 219 139 284 200 121  9
450 664 275 597 674 196 621 579 249 698 505 146  10
338 521 182 444 489 145 479 477 183 506 388 147  11
