
Chip#1
396 395 316 428 401 363 363 345 325 308 333 378  0
401 384 308 428 403 394 408 347 329 305 324 378  1
381 383 314 435 406 394 415 346 363 317 314 377  2
380 384 2251 1915 410 2667 2059 355 2427 1723 314 377  3
380 384 2335 2067 405 1804 1379 349 1625 1117 313 299  4
380 379 320 436 407 379 414 345 334 309 313 303  5
380 381 1805 1875 410 433 496 349 464 379 315 302  6
380 383 1620 1643 408 422 484 349 435 350 317 363  7
381 382 363 432 403 416 410 347 330 308 316 363  8
381 383 309 435 403 440 499 345 474 452 315 363  9
381 380 311 431 406 407 466 346 429 363 316 363  10
380 379 311 429 408 402 410 347 330 305 315 15000  11
Chip#2
411 458 310 401 402 305 301 462 347 417 341 303  0
463 454 308 401 404 304 297 457 363 413 341 302  1
411 458 306 402 404 308 299 460 363 416 342 303  2
466 459 310 404 406 460 415 463 395 436 363 304  3
463 458 309 400 399 427 393 460 379 429 340 300  4
411 457 310 402 402 305 298 457 363 419 341 301  5
468 464 566 506 404 403 379 462 395 441 363 301  6
469 465 521 478 406 363 379 464 379 433 343 304  7
411 458 311 408 406 312 306 461 363 422 363 305  8
468 468 651 619 408 722 554 465 603 571 363 300  9
463 463 586 522 406 579 492 461 604 537 363 307  10
411 460 315 405 404 311 303 463 363 422 363 15000  11
