
Chip#1
111 105 102 103 96 106 99 100 101 105 109 111  0
113 106 106 113 107 107 105 108 102 109 109 109  1
107 97 100 103 101 106 98 105 104 103 102 103  2
109 98 238 219 98 280 231 105 257 202 104 107  3
104 101 247 231 102 224 186 106 193 163 106 104  4
103 103 102 129 100 106 96 100 104 108 97 103  5
108 103 205 220 100 115 109 102 109 109 104 105  6
108 106 200 199 106 113 104 108 107 110 102 107  7
102 101 99 105 100 108 98 102 101 103 101 107  8
107 99 102 107 104 115 107 100 110 112 100 105  9
99 97 99 99 98 106 99 96 100 107 98 104  10
104 101 99 107 102 102 96 97 100 100 97 15000  11
Chip#2
101 94 96 96 100 104 108 99 97 99 102 105  0
105 99 105 104 108 110 111 102 98 103 106 106  1
98 101 105 92 100 104 105 101 94 97 102 102  2
104 99 102 97 107 114 111 108 103 101 103 102  3
99 99 108 98 101 107 111 99 96 101 102 102  4
104 102 106 105 105 108 111 101 97 102 106 102  5
96 95 115 109 100 107 109 101 97 99 102 100  6
101 102 106 106 100 104 107 102 94 102 103 101  7
104 99 98 100 107 104 108 102 94 98 100 102  8
98 95 115 108 103 123 124 101 108 110 102 104  9
95 93 111 100 94 110 109 95 101 106 92 98  10
98 95 95 93 98 103 101 95 89 95 98 15000  11
