
Chip#1
73 181 156 8 20 92 38 85 97 130 177 185  0
25 164 381 358 36 284 614 101 155 579 185 173  1
25 171 2733 3472 185 3660 3935 476 2287 3905 1021 172  2
25 164 731 1004 36 1107 2701 213 980 3394 434 171  3
9 163 157 12 36 92 54 85 110 188 177 164  4
25 168 219 109 36 196 134 101 1573 3915 452 168  5
25 161 186 41 36 124 102 101 1078 3006 342 163  6
25 165 163 14 36 108 54 85 101 132 168 161  7
25 160 219 100 52 196 118 101 97 117 164 168  8
25 163 219 57 36 196 102 85 93 121 164 166  9
25 160 150 3 36 92 38 85 81 117 156 158  10
25 165 154 4 36 92 54 85 87 119 163 15000  11
Chip#2
239 191 200 140 38 259 124 134 162 151 147 97  0
239 98 197 77 31 259 118 127 160 152 141 89  1
239 98 200 84 37 259 130 130 162 157 149 92  2
239 100 264 592 250 259 507 442 169 391 435 110  3
239 191 304 903 450 259 707 470 168 406 427 103  4
239 191 210 197 62 259 150 148 169 166 160 102  5
239 191 206 285 131 259 134 138 163 216 160 97  6
239 94 265 678 393 259 139 143 161 216 161 94  7
239 96 206 197 81 259 125 137 166 155 151 94  8
239 92 194 82 34 259 127 140 162 156 155 95  9
239 100 206 86 46 259 140 156 172 172 174 105  10
239 89 199 78 34 259 125 133 160 154 148 15000  11
