
Chip#1
116 107 109 110 97 108 111 102 104 110 107 110  0
111 112 110 105 96 111 110 102 104 104 113 108  1
110 107 104 110 97 111 105 106 105 101 104 110  2
113 107 107 111 97 106 110 103 110 102 104 110  3
107 103 107 110 103 112 111 109 101 108 108 110  4
111 106 103 108 102 108 102 102 109 105 107 109  5
104 98 97 99 94 99 110 93 99 99 104 102  6
117 106 116 119 104 111 114 99 105 101 113 112  7
117 109 110 107 100 108 108 100 101 107 112 102  8
113 106 115 107 101 106 108 100 95 105 109 109  9
113 112 104 107 469 473 106 102 107 101 518 289  10
105 107 103 104 355 362 105 103 95 105 328 187  11
Chip#2
103 102 101 105 105 99 106 105 106 100 106 101  0
105 105 106 109 108 107 113 111 108 106 112 104  1
106 104 103 109 104 104 109 112 107 104 109 105  2
107 105 106 109 110 106 110 113 113 104 115 109  3
98 103 100 104 105 103 103 107 106 96 109 99  4
104 101 101 105 101 107 104 106 108 101 104 103  5
109 107 106 108 109 104 109 108 110 110 107 103  6
97 98 97 102 101 100 104 100 106 100 106 99  7
101 103 100 106 107 104 104 106 112 103 110 101  8
105 108 102 109 108 101 109 107 105 103 112 105  9
101 105 99 104 628 510 103 108 109 104 719 320  10
105 105 100 108 303 252 106 110 108 109 360 179  11
