
Chip#1
386 382 307 422 391 383 363 338 321 305 324 379  0
395 381 306 426 397 383 363 336 323 305 321 379  1
394 381 363 430 403 385 415 347 363 321 318 363  2
394 382 2013 1723 410 2337 1891 355 2155 1531 319 363  3
393 382 2074 1839 408 1600 1227 353 1419 1029 320 363  4
393 381 312 431 397 363 363 343 330 306 311 297  5
393 381 1594 1675 405 418 479 346 454 363 316 299  6
393 377 1435 1495 408 411 471 351 432 346 318 302  7
393 377 309 429 402 406 406 343 331 307 313 363  8
394 378 363 434 408 428 490 347 468 441 321 363  9
393 377 301 422 395 387 450 339 417 344 312 298  10
393 377 310 431 401 384 363 348 330 305 318 15000  11
Chip#2
465 456 313 397 401 306 295 459 363 416 340 300  0
463 454 306 397 399 304 299 458 347 414 339 297  1
411 459 313 400 405 310 303 463 363 422 344 303  2
411 459 308 398 402 447 400 461 379 431 339 298  3
411 456 309 398 401 423 383 461 363 424 340 296  4
461 458 310 401 402 305 298 458 347 417 340 298  5
411 458 539 489 402 363 363 461 379 433 339 300  6
462 457 493 459 404 317 306 461 363 424 339 298  7
411 455 309 401 400 308 300 457 347 417 338 301  8
411 465 605 551 405 635 527 460 611 549 340 302  9
411 462 558 502 402 548 470 460 575 516 339 301  10
411 458 312 403 403 310 297 458 310 419 345 15000  11
