
Chip#1
215 72 206 228 132 308 154 203 190 115 214 79  0
172 82 206 238 148 324 161 207 203 120 255 88  1
168 81 206 232 132 282 157 207 198 120 255 83  2
169 80 206 233 132 282 157 207 197 122 221 83  3
167 81 206 233 132 326 165 207 203 126 255 86  4
167 88 206 237 148 282 161 207 202 127 255 88  5
215 80 206 229 132 282 155 207 194 116 255 80  6
167 83 206 231 132 282 159 207 200 121 255 80  7
166 80 206 234 132 282 157 207 202 119 222 83  8
231 83 206 234 148 282 156 205 195 122 255 84  9
165 78 206 232 132 282 155 207 198 119 255 82  10
167 80 206 232 132 282 157 207 202 119 255 80  11
Chip#2
130 77 41 182 162 45 174 186 0 108 260 213  0
130 84 145 190 210 29 174 186 0 111 260 213  1
234 81 41 186 210 29 174 90 0 110 260 213  2
234 84 145 194 210 29 182 90 0 114 260 213  3
234 82 145 195 132 29 176 194 0 118 260 213  4
130 83 145 190 210 29 181 186 0 115 260 213  5
234 80 41 185 210 29 172 90 0 105 260 213  6
130 84 41 190 124 29 174 90 0 119 260 213  7
130 80 41 182 162 45 171 185 0 104 260 213  8
234 91 145 193 210 45 176 191 0 116 260 213  9
234 84 145 199 210 29 180 199 0 115 260 213  10
234 87 145 204 210 29 181 90 0 118 260 213  11
