
Chip#1
116 121 115 143 111 115 105 104 113 117 123 126  0
122 121 113 143 111 116 103 104 109 112 116 121  1
117 117 114 143 114 124 113 108 112 119 116 117  2
111 111 419 359 110 512 390 100 442 350 114 111  3
115 118 437 401 114 367 284 110 320 238 119 116  4
120 122 118 145 115 126 108 106 113 119 120 118  5
113 116 334 335 109 131 117 106 124 125 114 112  6
115 117 309 302 110 130 117 102 116 120 114 112  7
116 117 115 145 114 121 108 112 114 114 116 117  8
115 116 109 129 110 138 125 106 129 132 115 114  9
111 118 114 129 111 130 113 105 116 129 114 112  10
111 110 105 129 110 115 102 101 107 107 108 15000  11
Chip#2
115 118 112 114 124 117 131 115 109 118 116 114  0
115 114 112 110 117 118 124 111 105 112 111 113  1
114 114 108 114 121 120 129 112 108 112 114 111  2
111 114 111 114 123 206 180 111 134 132 113 111  3
117 114 114 112 123 179 159 109 127 126 113 110  4
115 117 117 114 124 115 128 108 105 113 111 111  5
111 119 294 228 121 144 140 106 135 133 111 109  6
111 117 256 227 120 131 136 109 126 125 113 113  7
118 117 115 113 124 123 129 113 109 116 114 117  8
114 119 373 305 124 416 344 109 320 281 110 113  9
108 113 319 239 117 325 272 106 256 244 106 110  10
122 118 114 115 125 121 127 115 112 117 118 15000  11

Chip#1
120 125 117 129 111 117 109 108 110 117 119 125  0
119 117 110 110 107 112 102 101 105 110 112 118  1
112 109 109 110 109 112 109 102 108 108 110 111  2
112 110 422 359 109 496 395 105 454 347 112 111  3
108 109 429 385 105 362 279 104 310 228 111 111  4
112 110 115 129 104 112 105 104 106 104 112 108  5
109 113 334 337 105 135 119 101 124 122 111 114  6
112 114 310 307 110 131 121 105 118 119 111 112  7
109 109 109 129 107 116 103 102 107 107 110 111  8
113 118 119 145 114 136 128 110 130 132 119 118  9
108 109 107 114 110 126 110 106 114 120 110 114  10
112 114 113 129 109 116 108 109 107 109 114 15000  11
Chip#2
102 103 105 106 114 111 119 108 105 110 112 109  0
102 107 99 104 111 108 116 106 103 106 108 110  1
102 105 102 105 110 111 116 105 104 103 108 106  2
109 105 102 108 114 204 177 109 130 131 111 109  3
108 111 108 114 118 174 157 111 126 126 114 113  4
114 114 117 115 124 123 129 112 113 117 120 114  5
105 110 292 224 114 135 133 102 136 131 106 108  6
112 113 252 223 120 131 132 111 127 126 113 110  7
112 109 109 121 118 120 124 112 112 113 114 113  8
112 115 370 301 120 415 343 109 319 280 111 110  9
109 107 316 237 114 328 270 106 257 244 110 114  10
117 109 105 115 120 117 117 105 110 117 117 15000  11

Chip#1
112 113 111 129 107 113 106 104 107 112 115 117  0
115 114 111 129 109 117 102 108 106 112 115 117  1
105 107 107 129 106 112 100 100 105 109 108 107  2
113 116 426 364 115 496 402 116 455 360 119 117  3
112 114 435 401 107 369 281 112 319 235 116 114  4
107 110 109 129 101 112 103 102 105 107 106 109  5
107 109 331 334 105 130 116 101 122 128 109 108  6
108 109 306 306 107 130 117 102 113 118 110 108  7
105 106 110 129 107 111 105 106 104 108 112 114  8
111 114 110 129 111 135 120 104 124 128 111 116  9
107 109 105 129 102 124 111 104 110 120 106 109  10
112 114 109 129 111 112 102 108 107 110 115 15000  11
Chip#2
105 105 108 104 117 117 124 106 109 112 112 110  0
105 105 102 105 115 110 117 104 103 105 106 109  1
111 109 103 109 117 117 119 109 105 109 111 110  2
111 110 109 110 117 206 176 106 134 135 111 110  3
107 102 99 102 114 163 145 104 121 118 108 104  4
108 114 111 108 115 111 120 109 108 113 110 104  5
115 115 300 231 124 145 143 115 143 139 114 113  6
118 113 256 190 121 131 128 111 126 128 112 114  7
112 110 112 114 117 119 125 112 112 116 111 111  8
101 109 368 299 115 411 333 105 315 281 103 104  9
112 111 322 241 115 326 272 111 261 248 111 110  10
115 107 109 106 115 115 119 105 109 110 112 15000  11

Chip#1
119 111 111 129 106 113 103 105 106 113 115 120  0
115 116 109 129 105 116 102 102 101 108 114 120  1
112 114 113 129 111 120 109 106 112 114 110 118  2
108 111 419 360 113 512 401 112 450 347 110 116  3
107 111 434 401 109 369 283 101 315 235 111 112  4
109 113 111 113 110 116 100 104 105 112 111 113  5
107 107 328 337 106 130 120 104 121 123 108 108  6
109 112 307 309 107 130 114 105 113 119 110 113  7
116 114 114 129 110 118 108 112 107 113 111 114  8
107 109 109 129 109 130 120 102 125 127 105 112  9
107 107 106 107 105 125 115 105 109 122 106 113  10
111 118 115 129 109 116 109 108 107 109 108 15000  11
Chip#2
105 107 111 112 110 115 119 109 104 110 112 110  0
104 101 105 106 110 112 113 104 104 107 108 108  1
112 107 108 109 114 120 116 106 104 107 110 113  2
107 106 106 106 114 205 177 109 132 132 106 108  3
114 106 109 110 114 172 156 109 127 122 112 108  4
111 110 112 113 114 117 119 109 109 116 110 108  5
111 111 296 229 114 137 136 109 132 133 110 105  6
111 111 252 228 114 133 128 106 123 126 114 109  7
108 105 108 105 111 117 117 106 104 107 108 106  8
108 114 373 297 117 411 336 106 317 278 110 110  9
112 113 319 237 113 329 277 113 259 250 108 114  10
122 111 117 114 118 124 123 113 116 118 117 15000  11
