
Chip#1
73 172 144 0 20 92 38 85 88 123 173 185  0
25 163 386 363 36 284 614 101 162 580 194 175  1
25 165 2750 3504 84 3676 3941 470 2289 3906 1026 166  2
25 164 731 1010 36 1212 2707 211 988 3467 438 171  3
25 163 156 15 36 108 54 85 111 188 176 166  4
9 158 219 99 20 196 134 85 1569 3915 447 163  5
25 161 185 45 36 124 102 85 1081 3013 346 165  6
25 159 152 6 36 108 38 85 98 124 163 158  7
9 163 219 92 20 196 102 85 98 114 161 161  8
25 160 219 52 20 196 102 85 86 115 164 159  9
25 165 159 9 20 92 38 85 95 121 168 166  10
25 168 153 1 20 92 38 85 92 119 166 15000  11
Chip#2
239 191 200 140 39 259 124 131 166 151 148 104  0
239 191 205 140 45 259 128 136 167 160 152 102  1
239 92 198 82 37 259 128 134 163 155 147 98  2
239 91 252 577 242 259 507 430 162 379 430 98  3
239 94 301 902 445 259 603 470 168 405 428 98  4
239 191 206 197 73 259 153 150 179 163 162 108  5
239 89 200 280 128 259 130 133 161 157 155 95  6
239 96 269 682 402 259 141 151 164 165 168 99  7
239 101 208 205 86 259 133 138 170 161 152 99  8
239 96 197 140 42 259 128 136 164 157 158 99  9
239 93 195 79 40 259 135 146 163 161 165 98  10
239 99 206 89 43 259 136 138 170 159 158 15000  11
