
Chip#1
89 186 157 8 36 108 54 101 99 132 183 193  0
41 168 386 364 36 284 614 117 159 582 190 175  1
25 171 2719 3472 185 3660 3938 469 2285 3908 952 177  2
9 159 731 1001 36 1105 2662 202 975 3397 429 166  3
25 164 159 9 36 108 54 101 111 190 178 163  4
25 168 219 104 36 196 150 101 1573 3899 449 171  5
25 164 192 45 36 124 102 101 1075 3012 348 168  6
25 163 159 10 36 108 54 101 100 130 169 166  7
25 155 219 93 36 196 102 85 96 118 160 156  8
25 167 219 58 36 196 102 85 97 121 168 156  9
9 158 150 2 20 92 38 69 87 118 161 162  10
41 168 160 5 36 92 38 85 89 126 170 15000  11
Chip#2
239 191 208 140 40 259 128 134 167 157 150 102  0
239 191 199 140 39 259 122 133 162 153 148 95  1
239 95 198 82 36 259 127 133 162 154 152 98  2
239 98 265 589 251 259 507 443 172 393 435 106  3
239 98 305 899 443 259 603 470 172 401 423 99  4
239 92 199 197 58 259 143 138 163 159 147 90  5
239 94 210 289 133 259 133 141 167 163 160 98  6
239 100 272 679 401 259 145 149 166 169 167 98  7
239 95 204 197 83 259 127 136 168 160 151 98  8
239 191 206 89 44 259 137 144 173 165 163 103  9
239 89 199 81 37 259 134 148 167 162 167 99  10
239 99 205 89 43 259 131 136 170 159 152 15000  11
