
Chip#1
102 101 102 104 104 108 106 104 103 91 100 99  0
98 117 124 100 121 122 99 123 111 92 125 105  1
99 182 181 106 174 161 106 181 157 98 199 139  2
108 102 106 102 107 110 110 113 105 98 106 107  3
98 135 134 97 137 125 103 131 117 94 139 113  4
109 181 197 116 184 170 109 181 173 104 195 131  5
108 107 103 106 109 112 109 108 106 100 105 104  6
109 145 149 108 149 138 111 154 141 100 159 125  7
105 170 181 100 174 154 106 180 157 97 180 136  8
104 101 107 100 103 111 104 106 105 98 100 105  9
105 149 149 102 149 137 106 159 141 96 155 123  10
107 151 165 105 165 150 105 173 141 96 172 124  11
Chip#2
104 113 106 110 103 109 107 106 108 109 103 110  0
219 443 109 251 372 111 196 238 106 149 133 107  1
310 538 118 501 604 117 448 523 116 552 540 116  2
111 129 114 113 112 115 123 115 112 118 111 111  3
359 383 115 322 307 116 290 286 115 233 161 112  4
395 452 115 384 372 117 511 534 116 578 419 112  5
117 129 122 124 118 120 121 122 118 128 116 118  6
415 369 119 468 333 119 329 232 118 289 183 116  7
421 385 120 495 382 121 560 430 120 729 410 114  8
115 130 118 118 118 115 115 112 115 119 111 112  9
580 420 120 531 274 121 443 206 120 505 149 116  10
400 308 118 553 310 114 627 296 119 745 220 109  11
