
Chip#1
109 106 106 151 167 112 104 99 102 100 106 101  0
109 106 130 547 623 184 111 108 107 103 104 98  1
106 104 122 506 608 184 112 107 107 107 109 102  2
96 98 106 188 206 105 104 96 103 99 106 93  3
110 110 139 578 585 168 110 111 109 113 110 99  4
106 108 125 455 487 133 110 108 104 105 104 99  5
202 209 114 121 126 108 104 100 103 104 102 100  6
672 691 203 117 118 116 115 109 107 113 115 105  7
519 528 153 117 113 107 111 107 103 112 131 98  8
212 242 119 111 111 109 106 101 102 109 111 98  9
559 605 196 115 112 106 110 107 107 118 112 106  10
435 448 144 112 111 105 110 107 104 117 117 15000  11
Chip#2
112 104 101 102 100 103 102 102 99 100 103 109  0
112 107 104 331 497 120 105 103 99 104 99 105  1
87 101 101 599 910 138 102 102 99 102 97 100  2
112 111 109 134 170 110 98 103 99 105 103 107  3
82 105 100 401 625 110 106 104 99 99 100 98  4
87 114 102 482 763 126 107 108 99 104 110 105  5
112 119 106 107 115 102 102 106 99 100 96 107  6
343 939 221 109 106 103 107 109 100 108 105 110  7
309 814 221 102 98 97 101 103 99 102 99 105  8
86 156 106 97 95 99 100 96 99 94 97 102  9
314 919 266 103 104 104 110 99 100 107 104 108  10
203 525 163 102 93 96 101 100 99 98 98 15000  11
