
Chip#1
106 100 96 103 98 100 106 100 104 95 101 105  0
104 102 102 112 103 105 117 102 106 105 102 101  1
103 100 137 169 98 144 189 108 138 190 113 99  2
103 104 109 121 98 112 136 102 117 149 101 105  3
112 110 104 115 103 106 109 104 106 103 105 100  4
110 104 183 201 107 151 194 105 132 170 108 102  5
114 111 137 143 112 140 158 108 134 163 113 108  6
104 105 102 106 102 106 109 105 111 97 102 100  7
106 106 164 172 102 145 162 107 111 100 105 102  8
108 109 140 145 105 146 159 109 108 104 108 106  9
112 112 109 116 108 111 117 110 116 108 106 111  10
115 106 100 109 104 109 113 104 106 99 106 15000  11
Chip#2
109 115 112 107 107 109 107 111 110 107 110 108  0
99 100 95 100 101 99 102 97 95 98 95 101  1
107 108 109 112 108 111 106 105 102 107 107 110  2
112 109 111 118 112 112 120 117 110 112 115 110  3
106 113 107 122 112 107 119 112 106 112 112 108  4
112 115 111 115 110 114 112 106 111 111 109 114  5
115 114 117 118 117 117 122 117 113 119 123 112  6
110 113 111 123 116 111 122 123 107 118 124 109  7
105 108 107 108 105 106 106 106 104 104 101 105  8
109 115 106 107 105 109 112 109 105 109 116 106  9
110 108 112 109 111 109 119 123 108 114 126 114  10
110 115 112 110 114 113 114 117 108 110 115 15000  11
