
Chip#1
73 182 151 3 36 92 38 85 96 126 179 185  0
41 167 384 364 36 300 614 117 160 585 192 180  1
25 175 2704 3456 84 3660 3938 476 2288 3910 1022 176  2
25 172 731 1000 52 1212 2766 219 979 3399 438 177  3
25 167 156 17 36 108 54 101 110 182 171 168  4
25 157 219 100 36 196 134 101 1569 3899 445 168  5
25 160 188 40 36 196 102 101 1068 3001 340 160  6
25 160 153 9 52 108 54 101 98 124 164 163  7
25 159 219 88 36 196 102 85 91 118 159 161  8
25 163 213 50 36 196 102 85 91 117 160 165  9
9 161 150 0 20 76 38 69 86 112 155 156  10
25 160 149 0 36 92 38 85 82 113 155 15000  11
Chip#2
239 191 204 83 39 259 127 133 169 157 152 100  0
239 191 201 78 35 259 121 134 166 153 147 95  1
239 95 200 140 36 259 127 134 163 156 152 94  2
239 100 262 588 250 259 507 443 168 389 435 109  3
239 94 300 893 435 259 696 470 166 396 420 99  4
239 191 204 197 62 259 148 144 169 162 155 97  5
239 91 203 283 125 259 127 129 163 157 158 95  6
239 94 267 677 393 259 140 146 164 161 164 97  7
239 100 206 197 80 259 131 137 169 161 155 102  8
239 98 200 140 45 259 133 142 168 160 160 99  9
239 96 201 83 42 259 140 149 167 162 171 102  10
239 191 200 140 39 259 128 132 166 154 152 15000  11
