
Chip#1
109 108 106 114 102 111 108 109 108 109 111 111  0
106 99 103 103 100 104 97 102 98 104 104 103  1
109 101 106 111 104 107 108 104 104 107 108 107  2
112 103 106 129 104 111 103 108 105 105 112 114  3
99 98 95 103 97 99 98 97 97 97 102 101  4
99 102 99 106 96 104 99 95 96 103 101 101  5
108 103 105 129 102 113 106 110 104 109 110 109  6
107 99 105 105 100 108 99 101 100 105 106 107  7
99 101 97 102 96 102 98 102 98 98 104 101  8
106 101 105 106 100 103 97 100 98 103 105 109  9
109 103 103 129 101 111 99 108 101 105 106 112  10
108 106 100 107 100 108 98 101 101 107 108 15000  11
Chip#2
109 106 112 105 113 110 121 108 105 106 112 109  0
115 109 111 108 114 115 124 105 105 109 114 115  1
117 115 117 113 123 119 128 115 116 117 117 121  2
111 111 108 105 114 111 119 102 104 110 111 114  3
118 115 115 109 120 120 125 108 113 117 117 117  4
121 119 120 115 124 124 129 109 113 120 121 114  5
114 114 114 109 118 118 121 108 113 114 116 114  6
112 107 108 109 114 119 124 105 106 112 111 114  7
117 113 115 113 121 120 127 115 110 116 120 118  8
115 107 112 104 115 115 120 104 108 110 112 114  9
121 114 114 109 120 123 132 111 112 116 120 119  10
119 111 111 109 117 117 123 109 110 113 116 15000  11
