
Chip#1
169 84 206 235 124 274 162 207 204 129 225 86  0
168 83 206 236 132 282 157 207 197 120 255 82  1
166 83 206 232 124 274 155 203 196 122 215 84  2
169 88 206 240 132 282 159 207 198 125 255 90  3
162 80 206 231 132 282 157 207 197 117 218 83  4
161 77 206 232 124 274 155 206 192 116 216 82  5
167 83 206 232 132 282 161 207 203 123 255 90  6
166 84 206 237 132 282 161 207 201 125 255 88  7
160 81 206 227 132 282 159 203 195 121 219 81  8
169 80 206 235 124 282 161 206 196 123 221 84  9
173 89 206 242 132 282 166 207 203 129 230 91  10
167 82 206 234 132 282 163 207 202 122 224 83  11
Chip#2
234 86 145 188 210 29 175 193 0 114 260 213  0
234 82 145 184 210 29 180 194 0 116 260 213  1
234 82 145 188 210 29 172 186 0 109 260 213  2
234 90 145 192 210 149 179 194 0 119 260 213  3
234 89 145 193 194 149 179 202 0 116 260 213  4
234 80 145 183 210 29 169 185 0 106 260 213  5
234 81 145 192 210 29 179 195 0 105 260 213  6
234 82 145 188 210 29 179 186 0 108 260 213  7
234 82 145 193 194 149 180 193 0 110 260 213  8
234 90 145 195 210 29 179 90 0 115 260 213  9
234 81 145 183 210 29 170 184 0 103 260 213  10
234 89 145 184 210 29 169 184 0 106 260 213  11
