Chip#3
102 105 102 108 103 101 102 103 102 102 101 105  0
115 579 240 118 487 226 114 512 243 106 562 217  1
104 873 336 104 541 242 109 574 273 103 648 268  2
97 104 101 100 107 100 105 101 105 102 103 104  3
113 584 243 112 537 242 105 525 276 105 504 342  4
105 873 355 110 674 272 107 512 281 105 470 341  5
102 109 108 106 104 104 106 105 105 106 104 108  6
108 415 170 114 418 226 110 416 256 103 393 281  7
105 514 218 105 512 279 103 516 289 101 446 310  8
102 105 105 104 107 103 102 105 104 103 101 107  9
101 342 202 104 433 242 98 385 269 101 402 255  10
99 348 247 105 576 287 95 471 337 98 415 15000  11
Chip#4
102 101 101 102 108 108 105 106 107 103 105 104  0
136 313 106 148 280 109 153 295 114 162 367 108  1
140 261 104 149 271 109 132 297 107 140 296 106  2
108 101 108 110 108 105 106 106 109 107 109 109  3
156 312 105 144 315 109 139 362 114 139 315 109  4
162 333 97 137 283 104 122 288 111 123 268 108  5
103 101 104 97 99 99 100 95 105 103 100 102  6
131 268 106 126 276 107 125 303 115 132 309 104  7
127 262 97 122 292 104 112 269 104 115 268 102  8
103 97 100 100 100 99 104 96 104 101 102 99  9
118 292 106 130 319 105 124 327 110 148 385 106  10
111 283 103 122 276 104 107 268 106 112 252 15000  11
