
Chip#1
132 124 107 121 122 112 136 187 107 110 131 103  0
170 179 125 186 195 138 423 428 138 122 131 108  1
155 159 119 176 193 133 403 429 132 122 131 100  2
133 124 110 117 117 109 148 179 108 105 105 99  3
221 217 138 140 143 138 453 470 164 131 131 109  4
189 187 126 132 133 131 439 459 164 124 131 108  5
134 127 112 118 119 115 162 175 106 112 106 102  6
211 195 129 133 132 136 487 461 129 132 131 101  7
184 175 124 136 132 140 464 439 131 136 147 102  8
137 132 110 115 112 107 167 159 103 107 109 99  9
196 192 124 122 119 143 489 440 120 137 147 95  10
177 167 119 121 117 146 458 440 122 142 147 15000  11
Chip#2
112 101 102 102 98 99 96 95 89 101 100 105  0
112 111 103 104 113 100 278 287 89 107 106 109  1
112 121 113 116 132 106 528 510 89 108 111 110  2
112 104 101 92 100 99 121 125 89 101 97 104  3
112 122 104 105 109 109 320 367 89 111 105 110  4
112 127 104 100 106 105 353 387 89 101 99 103  5
112 104 100 102 100 106 109 108 89 102 98 108  6
112 126 107 103 106 105 307 336 89 111 104 105  7
112 119 106 99 108 100 231 248 89 100 100 102  8
112 104 104 100 105 100 130 137 89 102 105 105  9
128 131 112 104 108 99 529 615 89 113 106 108  10
112 118 102 98 103 96 243 296 89 106 103 15000  11
