
Chip#1
978 891 941 844 915 980 856 1196 1046 1029 913 854  0
977 830 943 766 919 981 859 1187 1048 925 911 838  1
975 885 936 766 914 983 851 1187 1049 1029 909 838  2
973 830 937 766 917 979 854 1187 1046 925 904 838  3
975 830 937 766 912 979 851 1171 1048 925 908 822  4
976 830 942 766 915 981 853 1187 1049 1029 910 838  5
978 892 944 766 919 984 855 1187 1050 1029 913 838  6
975 830 941 766 918 980 855 1187 1047 925 909 822  7
975 830 937 766 913 979 847 1187 1048 1029 904 822  8
975 830 941 766 915 983 854 1187 1052 925 910 822  9
975 830 944 766 920 980 853 1187 1047 925 905 822  10
977 830 942 766 915 980 851 1187 1048 925 908 15000  11
Chip#2
536 266 304 426 355 355 289 280 392 355 345 398  0
542 259 301 418 353 362 289 280 392 355 341 469  1
537 262 305 425 357 367 289 280 408 356 341 469  2
540 258 301 425 353 368 289 280 392 347 343 469  3
540 259 300 420 359 363 289 280 392 354 339 469  4
538 253 299 420 351 362 289 280 392 354 339 469  5
534 256 300 414 353 355 181 280 289 345 335 388  6
536 258 300 425 350 357 289 296 392 355 336 469  7
536 256 309 417 353 362 181 280 392 358 343 469  8
534 249 296 409 342 349 273 280 289 339 335 386  9
537 252 288 412 347 353 289 280 392 346 330 469  10
536 250 299 411 342 353 289 280 392 347 332 15000  11
Chip#3
241 119 251 302 190 247 279 206 247 250 213 160  0
225 110 248 293 190 179 279 199 231 234 213 160  1
241 124 255 390 190 193 279 216 247 250 213 175  2
257 109 248 390 190 247 279 211 263 279 213 167  3
241 108 248 293 190 183 279 212 247 250 213 167  4
225 114 247 293 190 183 279 213 247 250 213 172  5
241 114 248 399 190 180 279 208 247 250 213 175  6
225 110 247 293 190 187 279 220 231 250 213 176  7
225 104 255 293 190 179 279 207 231 250 213 164  8
225 104 247 293 190 184 279 211 247 250 213 170  9
225 108 248 293 190 187 279 213 247 250 213 174  10
225 107 248 293 190 184 279 211 247 250 213 15000  11
Chip#4
75 2 129 118 172 51 56 0 59 94 105 237  0
91 2 118 120 167 51 56 26 54 88 121 232  1
75 2 125 121 168 51 56 0 51 85 105 235  2
91 2 135 125 177 51 56 0 61 99 121 312  3
75 2 127 121 171 51 56 26 56 90 105 237  4
91 2 126 125 175 51 56 26 61 92 121 240  5
91 2 133 132 180 51 56 0 65 99 121 312  6
91 2 131 124 179 51 61 42 65 98 121 312  7
91 10 133 136 187 51 71 0 71 107 121 257  8
75 0 130 132 183 51 56 0 67 103 121 312  9
91 10 141 130 185 51 67 42 70 108 137 253  10
91 2 131 126 175 51 56 0 69 97 121 15000  11
