
Chip#1
395 379 302 419 391 379 363 337 318 296 314 363  0
379 379 294 414 385 363 391 330 312 290 305 296  1
363 363 292 415 386 363 363 328 319 293 298 347  2
379 379 1040 969 396 1195 1021 344 1116 840 307 347  3
347 363 1055 1005 382 875 752 327 790 586 298 283  4
296 363 298 411 384 347 342 328 310 290 297 286  5
363 363 858 957 389 395 426 334 343 316 300 289  6
363 363 809 875 391 395 421 331 334 306 303 289  7
379 379 305 420 395 379 397 338 319 295 309 347  8
363 363 295 418 392 395 432 334 363 324 305 347  9
363 363 297 416 387 379 412 331 330 311 301 347  10
379 379 295 417 393 363 363 332 315 291 306 15000  11
Chip#2
456 449 302 391 392 298 288 451 363 407 334 291  0
395 453 302 394 396 299 288 452 347 410 334 295  1
395 452 297 390 391 297 285 451 347 405 332 292  2
460 453 302 396 397 401 363 454 379 420 334 294  3
395 446 301 389 392 390 295 451 363 412 330 290  4
459 454 305 394 393 299 289 454 363 408 333 293  5
460 456 448 438 397 308 297 456 363 422 332 297  6
395 454 429 425 396 306 295 456 363 417 335 293  7
395 451 302 395 397 302 290 458 347 413 335 294  8
458 452 472 460 396 477 425 451 527 466 335 292  9
395 452 451 435 394 441 401 456 427 451 334 293  10
461 450 301 392 395 295 290 454 347 409 334 15000  11
