
Chip#1
104 100 104 98 97 94 100 96 91 97 97 98  0
95 97 103 98 99 94 96 97 94 95 90 97  1
106 101 103 101 101 97 101 107 98 98 101 97  2
103 102 112 352 148 97 100 293 345 100 97 96  3
101 101 104 241 107 103 106 288 331 97 99 96  4
116 107 115 112 109 109 114 115 111 111 111 108  5
99 94 102 96 95 95 101 96 97 88 94 93  6
99 92 102 223 135 92 98 140 181 95 93 94  7
95 100 108 425 260 97 97 351 320 95 93 91  8
103 100 107 112 100 99 104 117 105 97 97 96  9
107 102 99 103 100 98 100 101 101 93 90 99  10
116 106 109 108 103 100 109 107 103 104 105 15000  11
Chip#2
106 95 96 102 88 101 98 99 94 95 100 105  0
108 103 101 106 101 102 105 99 102 98 101 109  1
116 103 109 108 101 112 110 100 116 104 111 107  2
108 96 103 109 386 131 101 100 503 432 104 104  3
105 97 104 138 407 138 103 91 888 821 102 105  4
110 98 106 104 88 105 108 91 109 101 106 103  5
108 100 103 106 88 103 107 91 110 103 102 105  6
103 98 99 99 265 105 102 99 185 128 100 101  7
104 102 106 124 729 348 111 99 796 569 105 106  8
115 105 113 108 347 112 111 102 201 185 112 108  9
116 106 111 107 101 108 110 99 110 107 111 108  10
127 115 114 111 101 111 110 100 117 109 114 15000  11
