
Chip#1
9 145 142 0 4 92 38 69 83 104 160 159  0
0 152 153 0 4 92 38 53 90 117 164 161  1
9 151 186 33 20 196 134 85 116 188 168 160  2
9 150 152 0 4 92 70 53 92 143 163 156  3
9 150 150 0 4 92 38 69 84 108 160 158  4
0 149 150 0 4 92 38 69 103 152 161 159  5
9 153 150 0 4 92 38 69 98 143 165 165  6
0 153 150 0 4 92 38 69 87 112 164 163  7
9 150 153 0 4 92 38 69 81 109 156 159  8
9 153 148 0 20 108 54 69 88 114 159 163  9
0 145 140 0 4 92 38 69 83 104 154 148  10
9 145 146 0 4 92 38 53 79 106 159 15000  11
Chip#2
239 87 199 73 36 259 124 62 158 142 139 90  0
239 86 195 140 37 259 124 125 156 145 141 91  1
239 86 197 140 35 259 121 127 160 149 145 93  2
239 87 200 83 36 259 130 130 157 148 148 90  3
239 91 203 89 45 259 132 133 161 152 149 94  4
239 97 206 140 42 259 130 130 166 153 147 94  5
236 78 190 124 26 259 113 62 154 139 131 79  6
239 87 200 81 34 259 119 125 157 145 145 90  7
239 83 194 140 35 259 118 122 156 142 140 88  8
239 89 200 79 37 259 125 127 161 153 148 90  9
239 87 199 78 33 259 124 129 165 145 145 93  10
239 89 197 140 35 259 128 127 160 146 148 15000  11
