
Chip#1
105 106 107 108 111 108 108 108 110 101 105 103  0
91 93 93 92 99 100 98 94 97 93 92 96  1
98 94 98 101 102 104 110 103 100 95 101 99  2
102 100 99 96 107 105 103 104 101 100 104 102  3
98 102 105 101 109 106 106 100 104 97 107 103  4
98 101 105 100 108 108 104 103 103 95 105 102  5
96 91 91 95 99 99 99 97 96 86 92 96  6
102 101 107 103 107 109 105 105 104 96 99 102  7
107 106 105 108 109 111 110 106 107 103 103 104  8
101 102 96 102 107 108 104 102 106 100 104 103  9
104 106 104 100 109 109 111 104 107 96 103 103  10
104 102 108 106 108 105 105 107 107 96 101 101  11
Chip#2
95 114 102 104 105 107 104 103 109 101 98 106  0
165 316 107 180 250 111 152 174 107 134 120 106  1
218 370 102 298 375 110 299 353 107 458 428 104  2
97 98 98 101 97 106 106 97 109 102 96 100  3
241 250 96 251 234 104 212 206 99 189 135 99  4
247 274 101 312 300 106 326 333 103 474 328 99  5
97 114 101 105 105 107 105 103 106 111 99 105  6
294 283 107 272 202 115 246 190 110 250 163 111  7
294 296 101 303 234 104 376 267 106 570 307 106  8
100 114 106 111 107 108 110 107 111 111 103 105  9
336 252 103 380 202 107 344 174 106 297 123 101  10
241 194 111 365 202 111 463 226 108 474 171 104  11
