
Chip#1
173 196 190 156 260 124 118 237 241 119 113 243  0
177 196 200 162 260 124 118 237 249 126 114 252  1
89 196 193 162 260 124 118 237 247 124 115 247  2
180 196 217 424 405 124 118 389 507 137 119 252  3
178 196 201 256 276 124 118 309 457 125 115 249  4
174 196 196 166 260 124 118 237 248 123 113 248  5
178 196 197 164 260 124 118 237 245 123 113 247  6
174 196 196 256 308 124 118 261 272 124 113 244  7
180 196 208 424 444 124 118 493 463 127 114 252  8
178 196 200 168 260 124 118 237 258 124 118 249  9
172 196 200 160 260 124 118 237 247 120 113 244  10
186 196 199 162 260 124 134 237 246 120 115 15000  11
Chip#2
150 32 0 0 118 92 105 167 36 76 47 0  0
103 32 0 0 123 95 110 167 42 82 52 0  1
153 32 0 0 121 93 110 171 37 80 45 0  2
155 30 0 0 135 97 103 170 45 93 42 0  3
151 33 0 0 137 97 112 171 61 107 49 0  4
154 33 0 0 120 99 109 174 38 83 47 0  5
153 32 0 0 122 100 108 172 40 80 51 0  6
153 31 0 0 130 97 107 172 49 82 48 0  7
103 37 0 0 155 109 117 175 66 107 48 0  8
155 31 0 0 127 97 106 171 42 82 46 0  9
103 32 0 0 124 92 111 167 35 79 47 0  10
155 38 0 0 127 97 110 175 39 82 48 15000  11
