
Chip#1
117 113 109 111 106 108 107 102 104 110 116 117  0
117 102 100 101 104 101 99 100 102 104 105 111  1
115 109 109 114 107 116 114 108 108 115 108 111  2
107 105 616 507 107 720 581 105 672 503 105 104  3
112 110 659 563 113 529 393 113 454 340 111 112  4
108 107 106 129 100 112 103 102 102 104 105 104  5
109 105 510 513 105 136 131 104 129 128 108 109  6
108 107 459 451 105 132 125 104 121 117 106 107  7
107 103 105 129 101 108 107 106 102 105 109 108  8
105 98 100 103 100 136 131 94 128 128 101 104  9
107 102 98 107 101 130 121 102 114 120 105 105  10
115 110 107 129 109 112 110 110 101 110 111 15000  11
Chip#2
105 101 100 102 110 111 116 104 100 101 104 104  0
109 105 108 108 110 112 112 105 100 107 112 109  1
109 105 103 105 110 112 117 105 103 105 103 113  2
104 101 103 104 107 176 156 106 118 116 104 105  3
108 103 109 108 111 154 142 104 116 116 106 108  4
102 103 105 102 107 108 112 102 97 105 103 102  5
105 105 267 207 108 127 125 106 122 117 106 109  6
101 106 223 166 107 123 119 99 110 114 103 109  7
108 101 103 105 108 114 112 106 101 109 106 106  8
104 107 326 262 114 352 290 105 278 249 106 104  9
102 103 281 210 110 282 224 101 222 221 107 109  10
109 106 105 104 111 111 111 105 101 103 107 15000  11
