
Chip#1
103 104 98 108 102 105 109 103 107 97 102 101  0
95 91 97 97 91 99 104 90 98 90 92 93  1
104 101 108 115 101 106 121 102 112 114 103 102  2
105 104 107 113 102 109 117 105 108 113 106 105  3
96 95 96 96 97 97 100 96 101 90 96 95  4
108 102 115 123 107 112 123 107 112 115 105 105  5
105 101 107 112 105 110 117 102 117 105 101 106  6
97 94 99 99 96 101 106 100 103 88 101 96  7
102 99 107 113 104 114 117 101 106 92 103 101  8
105 106 107 113 105 110 115 102 108 101 100 106  9
106 109 103 109 102 109 111 104 109 100 107 102  10
98 96 98 103 96 99 105 98 103 91 98 15000  11
Chip#2
105 105 103 103 107 102 108 103 101 101 105 105  0
104 108 107 105 107 104 107 103 102 102 107 105  1
115 115 116 113 118 114 113 114 108 108 112 116  2
104 104 107 104 108 106 105 105 104 99 107 109  3
103 101 102 107 107 104 108 104 100 99 105 100  4
106 109 111 113 110 107 107 105 105 107 104 105  5
104 104 109 107 107 106 106 104 104 102 105 106  6
107 109 109 113 110 112 111 107 105 105 110 104  7
97 98 98 99 100 99 99 92 93 91 97 99  8
101 106 107 104 107 103 106 104 100 101 105 103  9
102 105 106 105 108 104 107 106 105 101 104 106  10
100 103 105 102 106 102 105 99 99 98 102 15000  11
