
Chip#1
140 134 122 133 140 120 125 120 118 124 131 112  0
220 220 161 276 289 168 242 245 164 256 258 132  1
193 211 152 260 292 168 241 241 164 267 259 128  2
165 142 138 161 168 128 152 159 127 159 163 126  3
257 248 159 309 306 168 241 239 164 286 290 131  4
226 223 145 270 282 168 241 239 164 300 301 131  5
180 224 128 142 171 128 140 159 119 148 163 119  6
404 396 186 270 258 168 247 234 164 311 293 130  7
326 318 153 254 239 137 235 224 138 320 315 131  8
155 150 122 147 140 119 135 125 118 155 147 109  9
258 250 167 237 224 146 215 192 164 262 229 125  10
230 211 143 215 200 135 202 191 164 251 225 15000  11
Chip#2
128 113 114 107 113 110 107 107 101 114 110 119  0
169 269 147 242 347 121 272 271 104 283 245 118  1
241 476 179 385 588 158 448 418 118 428 320 118  2
128 171 122 121 152 117 136 129 98 144 120 119  3
211 403 163 283 427 129 348 364 104 365 338 125  4
246 565 195 350 538 131 377 384 106 356 300 119  5
112 138 118 109 129 113 121 113 106 127 120 113  6
335 934 241 283 462 129 385 418 114 607 514 119  7
330 875 223 253 391 126 296 313 105 381 325 119  8
128 153 126 114 133 116 132 131 101 168 146 123  9
227 562 207 258 407 128 330 355 116 612 443 113  10
184 375 163 173 272 121 196 222 100 289 246 15000  11
