
Chip#1
112 119 110 116 121 111 122 124 109 104 106 103  0
137 131 114 139 147 117 248 250 110 105 102 93  1
140 130 116 140 151 124 245 251 119 115 112 103  2
111 110 105 109 117 106 126 125 100 108 100 99  3
159 149 115 116 115 115 244 258 116 107 106 98  4
145 135 115 116 118 115 245 255 118 110 112 100  5
110 107 103 108 103 104 121 119 106 103 99 96  6
150 144 121 123 115 120 265 254 119 110 131 99  7
141 134 114 119 114 119 249 241 116 115 109 101  8
111 115 108 111 109 106 130 123 108 103 111 103  9
155 150 121 122 119 130 266 236 115 123 131 111  10
139 129 105 111 105 115 237 222 102 117 131 15000  11
Chip#2
112 98 101 93 98 97 93 93 89 101 100 108  0
112 105 104 104 109 104 180 178 89 106 106 109  1
112 104 101 100 109 102 276 264 89 104 100 104  2
112 100 100 97 94 97 109 108 89 100 99 103  3
82 110 101 97 103 99 190 208 89 102 97 100  4
112 115 104 100 105 102 200 217 89 104 103 107  5
112 105 106 95 104 100 101 103 89 101 102 105  6
84 113 100 94 101 100 175 178 89 100 96 105  7
112 104 103 94 104 99 151 162 89 100 102 109  8
80 101 101 95 104 102 107 107 89 100 96 105  9
112 110 100 94 98 93 253 286 89 98 99 102  10
128 111 102 95 105 98 148 178 89 102 100 15000  11
