
Chip#1
111 110 103 113 108 110 111 109 111 99 106 110  0
111 106 105 113 110 112 120 113 107 111 103 109  1
109 109 141 168 102 146 181 113 136 191 117 110  2
102 104 110 125 103 118 134 105 118 144 107 106  3
110 107 108 118 108 111 117 109 107 107 109 110  4
105 106 178 196 109 152 189 110 131 166 114 102  5
120 116 136 145 114 141 158 114 132 158 121 111  6
111 107 107 119 111 110 113 108 114 103 109 107  7
108 105 158 166 109 145 152 105 108 101 103 102  8
112 104 138 141 103 145 155 105 106 101 102 105  9
101 105 103 107 101 106 108 108 103 99 102 104  10
108 101 96 104 102 105 107 102 103 99 100 15000  11
Chip#2
99 99 99 96 96 99 102 97 98 92 95 99  0
107 105 111 107 110 104 107 102 105 101 104 108  1
105 109 105 107 105 108 106 109 104 101 106 110  2
106 109 106 109 107 103 113 109 100 103 110 103  3
111 113 112 123 121 109 120 113 107 113 119 110  4
106 111 107 107 107 109 110 106 107 103 106 109  5
106 109 109 113 110 108 113 105 101 105 116 106  6
104 105 109 117 116 108 118 114 101 108 119 108  7
111 111 111 115 110 111 111 107 111 104 111 105  8
103 105 104 101 102 106 102 103 99 103 110 99  9
107 111 110 110 110 113 118 114 107 112 120 114  10
105 109 104 102 106 106 110 103 102 102 109 15000  11
