
Chip#1
379 379 297 414 386 363 363 333 313 295 310 299  0
395 379 302 417 392 363 363 336 318 298 312 363  1
379 363 299 417 390 363 363 334 325 299 305 347  2
379 379 1300 1179 397 1499 1211 345 1387 1053 303 347  3
379 379 1345 1257 403 1059 867 348 1005 740 313 300  4
379 379 310 423 398 379 363 341 324 296 309 347  5
363 363 1070 1163 394 411 436 336 363 331 308 347  6
379 379 1004 1035 399 427 438 340 363 320 307 347  7
363 363 303 421 394 363 363 331 317 296 303 347  8
379 379 296 416 389 427 444 329 418 339 303 347  9
379 379 303 423 392 411 429 337 363 327 310 297  10
379 379 302 419 392 363 363 334 319 296 310 15000  11
Chip#2
461 452 301 395 397 298 296 454 347 408 336 295  0
395 448 301 388 391 300 288 452 331 408 332 292  1
395 449 302 392 394 299 292 395 331 410 330 292  2
455 449 300 389 393 409 380 452 363 417 329 291  3
462 454 306 395 400 402 379 463 363 421 337 297  4
411 455 306 399 399 305 295 457 347 416 337 293  5
460 454 472 448 397 312 299 453 363 422 334 298  6
459 454 447 428 398 310 298 456 363 419 335 293  7
461 453 306 396 398 300 347 457 347 416 333 294  8
460 454 506 482 396 515 453 456 552 493 333 295  9
411 459 485 460 400 476 427 463 530 477 334 300  10
411 455 306 396 396 300 293 456 347 411 341 15000  11
