
Chip#1
132 123 110 117 126 112 140 159 107 103 131 108  0
186 191 139 209 226 168 517 532 164 133 147 111  1
162 178 125 191 218 168 496 500 164 129 147 101  2
139 134 111 117 122 111 162 176 110 107 109 103  3
238 231 131 140 137 137 534 557 164 124 131 101  4
206 207 124 135 137 135 526 556 164 127 131 105  5
134 127 112 117 111 114 175 175 113 110 106 102  6
226 222 136 136 137 168 598 552 164 143 147 105  7
195 192 125 135 131 145 559 526 136 145 147 111  8
139 135 112 111 113 108 188 177 106 109 106 95  9
226 224 138 132 126 184 597 506 129 153 163 102  10
195 186 116 127 122 168 557 488 129 155 163 15000  11
Chip#2
112 104 104 100 106 106 103 106 98 107 104 110  0
112 121 112 113 125 106 349 361 98 114 111 115  1
112 137 113 128 145 116 676 653 98 115 111 113  2
112 113 108 103 109 110 146 137 98 109 109 115  3
128 126 109 107 118 113 404 458 98 111 109 107  4
128 142 113 113 124 117 449 493 98 111 110 108  5
112 106 109 103 106 108 116 115 98 104 105 108  6
112 133 109 107 115 109 376 405 98 112 106 103  7
144 138 112 111 115 117 288 299 98 118 112 114  8
112 113 104 102 105 108 147 149 98 105 102 108  9
112 142 113 100 105 103 660 765 98 112 104 107  10
112 126 109 100 106 104 296 364 98 105 105 15000  11
