
Chip#1
57 172 144 1 36 92 38 152 87 126 168 185  0
25 159 258 197 36 236 470 101 144 443 179 170  1
25 168 1491 1925 68 2812 3926 309 1792 3953 804 171  2
25 165 463 536 36 964 2006 194 788 2771 365 169  3
25 161 153 10 36 108 54 101 105 173 166 164  4
25 160 219 97 36 196 118 101 1206 2972 371 166  5
25 163 182 36 36 124 86 152 827 2207 288 160  6
25 160 150 10 36 92 38 85 95 127 161 162  7
9 156 219 80 20 196 86 85 89 114 151 150  8
41 168 205 51 36 196 102 101 93 124 164 164  9
25 164 151 9 20 92 38 85 90 122 163 164  10
41 169 150 6 36 92 38 85 93 122 159 15000  11
Chip#2
239 191 197 140 31 259 126 134 164 155 146 97  0
239 191 197 78 33 259 126 133 168 151 146 94  1
239 96 197 78 34 259 127 138 166 153 151 95  2
239 191 253 475 168 259 451 318 173 313 342 105  3
239 191 289 686 355 259 475 430 173 328 338 105  4
239 95 195 188 49 259 140 144 164 154 148 97  5
239 191 204 236 105 259 134 139 164 216 157 94  6
239 98 253 527 307 259 140 153 170 165 163 98  7
239 98 204 197 66 259 131 142 170 160 151 99  8
239 191 197 140 37 259 134 141 166 160 156 98  9
239 98 197 81 36 259 140 151 166 162 166 98  10
239 105 203 90 37 259 133 145 173 161 153 15000  11
