
Chip#1
108 102 104 104 105 101 107 101 106 100 102 105  0
109 102 106 118 104 111 120 107 107 111 107 107  1
104 99 150 171 101 153 196 108 144 190 112 104  2
103 101 114 125 98 120 142 100 118 153 103 100  3
112 111 112 119 112 114 120 110 113 105 112 110  4
110 107 208 213 107 159 206 107 136 182 113 112  5
111 114 140 146 115 139 167 114 129 167 111 110  6
114 107 110 114 112 116 120 105 117 105 105 106  7
101 105 166 168 97 147 165 102 104 96 101 102  8
108 104 152 149 107 154 170 107 112 103 105 105  9
106 105 100 113 103 107 113 105 106 93 100 105  10
112 109 105 107 105 111 109 103 106 99 101 15000  11
Chip#2
111 109 106 110 110 111 111 109 107 105 107 106  0
107 113 114 112 112 111 111 107 108 107 110 110  1
105 109 106 109 107 108 108 109 108 104 107 110  2
111 114 114 120 117 112 122 117 106 110 120 108  3
105 108 110 123 114 104 119 116 106 112 116 104  4
112 114 112 114 110 111 112 112 110 109 107 110  5
106 113 109 113 108 108 114 109 104 111 114 106  6
115 122 116 133 122 117 136 125 116 121 131 119  7
112 115 117 115 117 112 114 113 111 111 115 109  8
116 117 116 112 111 113 116 118 111 115 118 112  9
112 113 111 109 113 112 125 130 115 115 130 112  10
111 113 116 112 111 112 116 110 110 107 113 15000  11
