
Chip#1
115 116 110 129 106 111 104 106 107 113 114 113  0
113 117 110 107 109 111 99 108 109 109 112 111  1
113 110 110 129 109 113 105 110 109 113 112 112  2
107 113 352 303 105 409 317 106 378 303 111 108  3
102 107 358 322 102 303 231 102 266 203 109 99  4
107 107 107 129 106 107 103 101 105 109 110 105  5
108 110 293 298 109 127 115 109 114 115 111 112  6
111 112 275 269 111 127 111 109 112 114 112 108  7
109 109 107 129 100 115 100 105 105 103 108 107  8
109 113 113 129 105 125 114 105 114 117 111 108  9
112 111 109 129 105 118 109 106 110 115 109 111  10
107 114 113 129 106 111 102 106 106 108 111 15000  11
Chip#2
96 98 90 92 103 101 105 93 93 98 102 102  0
104 103 96 100 111 103 112 98 96 103 107 106  1
108 102 99 102 111 105 112 102 100 98 108 105  2
102 99 95 93 107 112 116 95 102 102 102 97  3
108 103 100 100 111 119 121 99 103 106 106 109  4
104 101 100 102 107 105 111 97 98 103 104 102  5
108 103 130 117 111 114 116 101 105 107 111 106  6
105 102 117 106 107 107 107 97 98 103 100 101  7
101 97 93 97 107 103 104 95 92 101 102 98  8
104 101 136 129 105 154 145 97 130 129 99 101  9
108 102 129 121 108 140 135 95 123 124 104 102  10
102 99 97 94 108 107 107 95 97 101 106 15000  11
