
Chip#1
104 103 100 103 98 107 100 100 100 105 101 111  0
107 106 102 109 101 108 102 98 104 104 106 107  1
107 106 105 105 102 110 99 105 104 110 108 104  2
112 110 109 110 107 111 105 106 108 107 109 108  3
107 105 105 111 105 113 104 105 105 107 101 111  4
113 112 107 113 109 115 108 104 106 112 108 109  5
104 103 100 109 102 106 103 101 101 104 100 105  6
102 101 99 106 98 103 99 96 100 100 97 97  7
108 104 103 109 105 111 104 102 104 105 106 104  8
108 106 106 109 101 106 104 105 105 104 105 108  9
105 109 105 129 102 110 104 102 104 104 102 111  10
111 110 109 129 109 115 108 106 108 108 108 15000  11
Chip#2
104 99 102 100 107 108 108 101 97 106 111 104  0
106 106 100 101 110 111 116 102 103 109 113 108  1
105 102 106 104 110 107 112 101 98 105 107 106  2
105 101 102 101 105 108 111 104 101 103 104 106  3
108 102 109 105 113 114 113 105 100 113 113 111  4
109 105 106 106 107 112 117 105 104 109 113 109  5
104 102 105 108 110 111 117 104 100 107 107 109  6
104 99 102 96 105 105 113 101 98 105 106 105  7
102 95 100 101 104 107 112 95 97 103 104 104  8
104 101 106 104 108 107 115 102 102 109 107 105  9
102 99 102 98 103 104 112 98 94 105 104 110  10
111 106 111 106 110 112 115 105 105 112 113 15000  11
