
Chip#1
109 104 95 95 100 98 97 97 99 92 94 100  0
99 96 142 171 103 128 182 104 113 163 98 98  1
105 106 626 837 119 588 1139 152 378 990 201 98  2
97 99 226 324 103 257 470 109 218 523 129 95  3
93 93 95 101 98 94 101 102 103 104 96 94  4
103 102 126 127 105 112 129 108 294 606 140 99  5
103 100 105 110 102 110 115 105 235 478 122 100  6
110 105 106 108 115 111 111 111 112 111 103 107  7
99 95 114 118 102 112 116 102 103 100 91 98  8
96 93 106 106 94 106 112 98 100 95 92 90  9
99 99 104 103 101 99 107 107 106 97 96 99  10
103 96 98 102 100 98 101 101 101 97 98 15000  11
Chip#2
107 109 103 102 102 98 100 100 99 99 105 105  0
102 99 101 94 101 98 95 95 94 99 100 99  1
100 98 96 100 100 96 96 93 95 97 99 98  2
112 115 127 311 184 143 360 261 111 263 303 119  3
105 103 141 456 275 116 443 341 104 290 314 110  4
102 99 107 140 118 102 122 111 99 110 107 106  5
103 99 104 179 142 106 105 105 92 104 109 103  6
101 100 126 386 261 102 108 111 96 108 111 100  7
104 103 103 155 129 98 101 97 95 96 101 100  8
105 103 107 104 111 107 108 104 101 104 109 106  9
109 106 106 107 111 104 113 113 105 112 119 110  10
103 100 104 99 100 102 102 103 94 99 101 15000  11
