
Chip#1
116 114 108 117 121 111 132 132 108 105 105 103  0
176 176 133 193 204 168 434 444 164 126 147 111  1
149 157 121 174 192 133 409 445 131 122 131 96  2
118 123 110 116 113 112 148 159 106 109 106 96  3
211 203 125 129 125 123 439 460 135 114 131 100  4
190 189 122 129 136 132 438 462 140 117 131 105  5
125 123 112 115 115 116 159 159 113 109 107 105  6
201 195 125 127 124 138 492 464 128 131 147 96  7
186 195 122 133 132 136 465 448 129 132 147 106  8
134 132 110 113 112 111 177 159 110 107 109 101  9
200 206 131 125 122 168 498 428 123 148 147 102  10
184 176 124 127 127 168 472 428 129 151 163 15000  11
Chip#2
112 104 103 99 100 102 101 102 99 101 102 109  0
112 111 104 98 111 102 276 292 99 108 104 105  1
128 126 107 110 135 102 529 512 99 109 110 105  2
112 105 100 95 101 102 125 119 99 98 98 107  3
89 116 102 94 106 103 317 362 99 107 102 103  4
112 124 110 103 109 113 352 391 99 112 106 108  5
86 107 108 103 104 108 109 110 99 104 99 103  6
112 124 112 105 113 108 310 338 99 112 108 109  7
112 123 110 103 111 109 245 253 99 109 108 108  8
112 106 110 103 105 106 128 139 99 106 103 108  9
112 131 108 100 111 103 526 617 99 113 105 110  10
112 124 106 102 108 104 247 307 99 111 108 15000  11
