
Chip#1
89 183 148 5 36 108 54 101 97 127 175 214  0
41 170 398 389 36 284 598 117 160 576 196 178  1
25 171 2892 3664 188 3532 3918 467 2234 3903 986 170  2
25 161 762 1076 52 1220 2566 207 950 3371 422 172  3
25 164 161 13 36 108 54 101 114 198 175 169  4
25 153 219 99 36 196 134 101 1525 3883 438 159  5
25 164 181 40 36 124 86 85 1044 2907 338 162  6
25 165 153 10 36 108 54 101 104 133 165 163  7
25 163 219 93 36 196 102 101 93 118 156 159  8
25 155 208 50 20 196 86 85 86 118 156 159  9
25 164 150 3 20 76 38 85 90 119 158 159  10
25 161 148 0 20 76 22 69 89 121 156 15000  11
Chip#2
239 102 200 74 36 259 126 133 161 157 145 102  0
239 106 198 74 33 259 130 135 166 158 149 100  1
239 103 203 86 39 259 132 138 172 161 156 105  2
239 94 233 563 197 259 475 422 166 390 434 98  3
239 95 302 879 430 259 587 470 173 407 435 103  4
239 96 195 188 55 259 145 139 169 156 150 92  5
239 99 211 278 128 259 137 141 169 168 162 95  6
239 96 261 659 382 259 142 146 166 165 161 95  7
239 93 197 197 74 259 126 133 163 150 147 90  8
239 92 193 69 35 259 125 133 163 152 153 88  9
239 98 199 78 40 259 144 151 169 165 171 98  10
239 191 206 81 40 259 133 140 172 160 152 15000  11
