
Chip#1
111 113 109 129 107 111 107 109 108 112 111 116  0
113 113 109 129 106 112 107 105 107 115 114 116  1
105 107 106 129 105 111 106 105 104 108 108 114  2
111 110 114 115 110 113 111 113 108 113 115 114  3
111 113 115 129 110 118 111 110 107 114 112 120  4
109 114 107 129 106 111 108 105 108 110 114 117  5
105 110 115 129 110 112 108 104 107 115 111 116  6
112 113 116 129 109 115 108 110 109 112 110 113  7
109 112 111 129 110 111 104 112 101 108 111 112  8
113 114 116 129 113 116 113 112 108 114 114 126  9
107 109 110 129 105 112 103 106 104 110 110 114  10
116 118 115 129 114 116 113 117 112 114 119 15000  11
Chip#2
117 110 109 113 118 120 123 109 112 120 114 119  0
112 105 106 104 114 114 120 102 103 109 111 111  1
117 110 108 102 114 117 116 106 105 110 111 114  2
111 109 105 102 111 114 119 104 102 105 111 109  3
118 111 109 104 114 118 120 108 106 110 113 113  4
115 110 112 106 117 115 121 105 109 116 117 114  5
117 110 108 110 120 118 123 106 112 114 116 113  6
117 114 109 106 117 115 119 109 110 114 114 117  7
115 109 106 102 110 114 116 108 105 110 111 109  8
122 113 118 113 123 120 125 112 109 117 117 115  9
117 111 111 108 117 117 121 108 109 117 116 118  10
114 107 112 106 115 117 119 106 105 112 114 15000  11
