
Chip#1
114 110 104 113 105 112 114 111 116 111 107 112  0
105 104 104 113 103 109 119 104 107 107 101 102  1
105 104 149 180 104 153 205 108 139 206 114 104  2
111 107 119 132 109 127 149 114 128 170 112 108  3
108 105 107 113 107 108 114 111 111 103 106 106  4
109 107 209 221 107 164 209 112 138 184 112 104  5
112 111 141 157 111 145 167 115 140 176 114 112  6
106 102 105 109 108 104 108 103 109 99 101 105  7
108 106 179 186 103 157 172 108 108 100 108 107  8
109 106 149 152 109 153 170 109 111 100 102 106  9
111 112 108 115 110 112 117 104 114 107 108 112  10
110 105 105 109 104 104 108 105 109 100 105 15000  11
Chip#2
105 106 104 107 105 104 105 105 105 99 104 108  0
111 113 114 114 114 109 112 111 111 107 112 115  1
115 111 115 113 111 111 114 112 111 105 110 117  2
103 104 109 115 111 104 118 107 107 105 112 105  3
116 118 120 136 130 118 132 128 113 123 124 119  4
106 103 105 105 105 107 107 105 106 101 100 103  5
109 109 107 115 112 108 117 112 107 109 118 105  6
112 113 111 129 122 111 125 123 112 118 129 114  7
115 114 117 118 119 112 119 116 115 111 114 114  8
117 115 114 114 116 116 117 118 116 112 123 116  9
115 119 114 114 114 116 126 131 114 119 134 121  10
107 109 110 110 113 104 110 107 107 102 107 15000  11
