
Chip#1
113 117 105 129 102 108 102 104 105 110 114 116  0
126 120 118 129 109 116 113 112 113 112 120 128  1
115 112 113 129 107 118 109 110 114 117 114 116  2
109 105 616 507 105 720 582 108 671 497 105 109  3
103 106 648 567 109 515 384 105 452 335 105 109  4
115 121 118 129 109 117 108 110 114 115 115 114  5
116 116 516 512 111 145 136 116 142 142 111 116  6
111 110 460 463 106 143 128 105 124 122 109 113  7
111 114 117 129 107 118 109 112 110 113 114 113  8
109 107 109 129 102 145 137 105 137 133 105 107  9
111 109 107 129 100 126 119 100 116 125 104 107  10
116 116 114 129 110 117 108 110 112 113 115 15000  11
Chip#2
108 106 111 105 114 117 123 108 105 110 112 114  0
101 99 100 104 105 112 115 99 97 105 108 109  1
109 106 109 108 113 119 119 106 104 112 111 113  2
107 105 108 100 115 186 164 105 127 128 111 113  3
109 111 109 110 117 161 152 109 125 124 112 113  4
108 109 115 112 118 118 120 109 108 113 114 111  5
106 113 280 212 114 135 135 109 127 128 111 113  6
105 109 237 174 113 130 129 102 119 122 110 110  7
104 106 108 104 115 119 120 105 112 116 111 113  8
105 105 345 268 111 372 299 102 297 258 104 109  9
109 114 300 223 118 302 244 108 250 232 113 117  10
114 110 109 109 117 112 121 108 110 112 116 15000  11
