
Chip#1
113 116 109 129 104 115 105 106 105 112 111 120  0
117 112 109 129 107 115 105 112 105 110 115 120  1
107 105 110 129 107 116 110 108 107 110 109 108  2
107 109 561 468 110 655 529 114 606 457 112 116  3
107 113 595 512 111 464 358 109 413 312 112 114  4
112 114 119 129 111 118 110 110 110 113 118 112  5
104 106 446 460 107 136 130 106 126 127 109 112  6
109 114 431 428 114 136 132 112 121 124 115 116  7
102 103 105 129 107 113 105 105 100 103 106 112  8
107 113 107 129 109 143 135 106 135 135 109 109  9
107 107 111 110 106 131 121 104 117 125 112 108  10
112 113 114 117 114 117 107 109 107 112 114 15000  11
Chip#2
108 106 103 102 108 111 121 104 103 108 111 110  0
105 105 103 98 105 110 111 98 100 105 107 110  1
111 110 114 106 115 118 123 109 109 114 113 115  2
108 107 108 102 111 154 142 106 119 116 108 111  3
105 103 111 101 110 142 131 108 113 114 111 113  4
108 106 114 108 113 112 115 102 103 110 113 110  5
109 109 210 164 115 130 131 108 121 118 113 115  6
105 106 174 136 110 114 116 102 109 109 107 108  7
105 106 103 108 113 114 115 102 103 109 110 111  8
102 101 250 205 110 266 216 104 222 200 108 108  9
108 109 220 170 114 225 186 99 182 174 108 114  10
108 106 105 101 113 110 115 104 106 105 113 15000  11
