
Chip#1
113 117 119 129 114 117 115 116 114 118 123 122  0
112 114 115 129 111 113 110 109 109 115 114 116  1
108 112 114 129 111 115 108 110 109 114 118 114  2
108 108 107 109 104 106 102 101 104 105 109 111  3
104 109 106 113 106 111 103 105 107 108 111 113  4
109 121 113 129 109 115 110 108 109 112 116 117  5
100 106 103 110 105 103 99 101 102 99 106 111  6
108 111 111 145 109 113 102 106 106 107 114 111  7
108 109 110 129 110 112 103 108 106 108 110 114  8
115 117 118 129 113 118 105 109 110 110 116 121  9
104 110 109 129 105 111 98 102 104 105 109 113  10
108 112 106 129 109 111 105 106 101 107 110 15000  11
Chip#2
102 99 99 98 107 110 113 99 97 101 103 104  0
107 103 99 102 108 114 116 102 101 106 110 106  1
109 103 100 101 108 110 116 99 98 106 108 110  2
112 107 106 102 113 114 120 104 102 112 114 113  3
109 102 100 100 108 110 116 102 101 107 108 105  4
105 103 100 104 108 107 116 101 97 106 104 104  5
104 102 102 102 110 110 115 101 98 105 108 109  6
105 103 106 102 110 110 117 104 98 105 108 108  7
109 105 102 100 110 111 117 102 96 105 108 106  8
105 101 100 96 105 107 113 101 100 102 107 104  9
114 106 105 104 113 115 121 106 104 109 111 115  10
111 107 103 104 110 114 119 104 104 112 113 15000  11
