Chip#4
109 107 109 100 104 111 108 106 107 107 109 108  0
106 105 108 104 108 114 108 105 109 112 128 105  1
106 103 104 100 104 109 104 102 105 107 124 105  2
107 106 105 99 103 106 103 105 106 107 109 103  3
111 119 104 102 125 105 106 114 104 104 107 101  4
113 131 104 107 121 111 107 110 105 102 105 104  5
101 102 99 99 103 105 98 99 103 98 101 97  6
107 105 101 101 106 106 106 106 106 106 108 105  7
105 105 103 102 103 105 107 104 104 101 106 101  8
110 105 108 100 107 108 106 102 107 105 104 103  9
111 107 107 105 108 108 108 108 109 107 109 106  10
107 111 108 104 108 109 108 105 112 104 106 15000  11
