
Chip#1
119 112 107 111 107 111 109 110 108 114 114 116  0
113 112 106 110 109 111 107 106 109 113 110 111  1
117 112 111 117 110 116 114 114 107 114 115 114  2
112 105 105 109 106 111 104 106 105 110 110 108  3
111 109 110 111 109 115 109 105 110 110 114 116  4
108 106 106 110 110 113 108 109 109 110 108 112  5
107 105 102 103 100 108 105 100 105 108 102 107  6
112 110 111 129 111 113 110 105 108 110 111 111  7
107 106 101 107 104 106 102 104 107 103 108 112  8
116 112 109 113 110 111 104 108 107 108 110 114  9
117 106 106 107 105 110 105 106 105 110 109 107  10
116 114 113 117 111 110 107 109 109 114 114 15000  11
Chip#2
111 106 111 109 117 117 123 108 104 114 116 117  0
111 103 108 106 113 117 125 102 104 112 116 111  1
111 110 114 110 113 123 119 112 110 112 114 113  2
119 110 108 110 118 120 127 115 108 113 117 113  3
115 109 108 106 113 121 120 113 108 112 112 113  4
114 115 114 109 117 119 123 111 103 114 116 114  5
111 111 111 113 114 119 123 112 109 113 118 114  6
115 107 106 108 115 119 123 109 104 113 112 115  7
111 109 106 110 118 117 123 111 108 109 114 114  8
119 111 112 110 120 121 125 115 112 113 118 113  9
112 107 105 110 115 120 123 108 106 112 117 114  10
117 109 114 109 117 121 124 109 112 114 116 15000  11
