
Chip#1
104 104 99 106 98 103 102 100 102 92 103 98  0
103 99 98 99 102 106 106 107 104 100 98 95  1
106 102 109 115 107 114 121 108 108 118 105 104  2
99 99 97 101 97 103 104 100 100 103 101 94  3
104 100 102 103 100 104 108 103 102 96 101 99  4
93 97 103 107 94 104 115 101 103 105 97 98  5
98 95 102 103 96 108 107 103 103 97 95 96  6
101 96 97 102 102 98 105 101 104 95 98 96  7
102 104 111 113 103 110 111 103 107 97 102 100  8
97 94 104 99 90 101 106 98 97 92 92 90  9
105 104 99 104 102 108 106 105 104 101 98 100  10
106 104 102 104 102 106 109 109 103 99 100 15000  11
Chip#2
94 98 95 96 97 93 95 89 88 91 92 94  0
99 106 104 104 102 99 104 103 100 97 100 100  1
102 103 103 103 104 106 107 98 98 98 104 105  2
103 105 106 107 106 106 106 100 100 98 102 100  3
100 104 101 104 104 103 105 97 94 95 100 98  4
102 111 107 102 106 102 104 100 102 102 105 101  5
100 98 99 102 101 98 99 96 94 95 97 96  6
99 101 104 104 100 101 100 100 98 99 101 100  7
104 101 99 102 102 103 99 99 98 93 100 99  8
101 100 98 97 100 101 96 93 93 92 95 95  9
100 100 98 99 100 101 99 100 98 95 101 99  10
101 103 100 103 104 103 102 102 101 98 101 15000  11
