
Chip#1
73 188 156 12 36 108 54 153 100 131 180 193  0
25 159 371 348 36 284 598 101 155 573 184 171  1
25 167 2688 3376 181 3727 3932 465 2275 3900 1014 171  2
25 177 731 991 52 1220 2662 214 978 3388 435 175  3
25 163 154 8 36 108 54 101 105 186 177 165  4
25 163 219 103 36 196 134 101 1562 3899 449 166  5
25 164 192 38 36 124 102 101 1069 3003 346 165  6
25 156 151 4 20 92 38 85 96 119 163 156  7
25 160 219 92 36 196 102 153 93 122 165 161  8
25 156 207 46 20 196 102 85 83 115 159 154  9
25 161 152 3 36 92 38 85 89 121 161 160  10
25 163 161 6 20 92 38 85 93 119 164 15000  11
Chip#2
239 191 203 140 39 259 126 132 162 155 145 97  0
239 102 203 140 41 259 126 136 163 150 148 95  1
239 191 208 91 44 259 137 142 172 163 153 107  2
239 191 265 589 253 259 507 440 169 385 432 107  3
239 101 315 903 451 259 603 470 178 408 430 112  4
239 94 201 197 60 259 145 143 163 161 151 97  5
239 92 208 287 123 259 133 141 162 160 160 97  6
239 90 263 672 394 259 140 145 163 161 158 93  7
239 93 201 197 80 259 131 136 164 155 148 98  8
239 93 199 78 33 259 130 136 162 156 156 95  9
239 95 200 81 40 259 139 151 168 166 168 102  10
239 99 203 140 46 259 134 137 170 160 157 15000  11
