
Chip#1
124 121 113 129 110 117 105 108 108 117 119 121  0
125 118 113 129 113 115 106 109 106 113 118 117  1
117 113 111 129 111 120 111 116 114 117 112 117  2
117 122 626 517 118 736 584 117 660 494 118 120  3
119 118 659 570 115 526 389 117 445 333 115 117  4
111 116 111 129 106 113 105 108 107 115 112 112  5
107 110 504 503 105 136 130 105 132 133 108 108  6
112 114 458 450 114 141 132 112 122 127 116 111  7
109 114 113 129 109 121 106 105 106 109 114 114  8
115 117 111 129 110 144 138 108 134 138 111 114  9
113 110 110 129 106 135 124 110 122 132 111 112  10
107 111 107 129 110 111 102 102 102 108 105 15000  11
Chip#2
111 109 108 113 118 121 125 111 109 116 116 114  0
114 111 106 108 113 115 121 106 103 113 113 111  1
112 111 109 109 113 119 121 105 109 113 110 111  2
111 111 105 106 114 198 171 108 129 133 110 110  3
109 106 102 106 114 166 145 106 118 122 108 109  4
109 113 108 110 114 119 121 106 105 113 113 108  5
111 115 285 220 115 141 136 105 129 133 113 111  6
115 118 244 185 124 137 136 111 127 125 114 114  7
109 109 106 108 111 121 125 113 106 113 110 109  8
108 114 356 284 117 392 311 113 305 267 112 111  9
115 118 312 233 120 314 311 112 252 236 116 115  10
117 111 114 112 118 123 121 111 112 116 118 15000  11
