
Chip#1
132 117 106 119 120 105 135 159 103 102 100 99  0
184 189 134 210 221 148 502 515 164 123 131 105  1
164 174 129 198 213 146 487 487 164 131 131 106  2
144 140 119 127 127 116 165 176 115 115 131 113  3
236 236 133 145 141 137 516 546 164 131 131 105  4
200 206 125 135 135 132 508 537 164 122 131 106  5
139 134 108 118 118 115 172 175 107 112 107 101  6
228 223 136 139 140 168 580 544 164 141 147 107  7
194 187 117 130 131 138 529 506 133 138 147 103  8
139 136 107 113 111 108 179 191 100 108 106 95  9
215 214 125 127 117 168 569 485 118 148 131 95  10
196 191 124 125 122 168 538 473 125 152 147 15000  11
Chip#2
112 107 107 102 105 105 105 103 89 109 103 114  0
112 112 102 104 113 100 330 343 89 108 104 107  1
128 136 114 125 143 115 651 646 89 114 114 112  2
112 112 109 103 109 110 141 138 89 106 105 112  3
112 124 103 99 113 106 386 453 89 109 106 105  4
128 147 119 115 129 122 448 493 100 117 117 115  5
112 107 109 105 114 114 116 113 100 108 109 113  6
112 130 106 105 111 108 367 404 99 108 109 103  7
112 129 108 99 113 110 274 290 99 106 104 107  8
128 106 102 94 103 106 138 162 100 100 104 103  9
112 141 116 102 111 105 633 760 99 114 114 104  10
128 133 114 112 113 111 300 372 100 118 115 15000  11
