
Chip#1
115 105 100 102 103 98 102 98 109 99 101 106  0
101 99 144 175 98 127 183 105 111 163 98 100  1
102 104 626 833 114 581 1131 152 378 990 195 99  2
103 102 222 320 101 253 471 112 211 519 130 94  3
101 104 98 106 102 101 108 104 107 109 96 100  4
98 95 114 121 95 106 122 98 288 597 133 93  5
104 102 108 112 102 104 115 107 235 478 123 94  6
99 101 99 108 108 99 106 105 104 99 92 95  7
101 100 115 123 103 111 113 102 103 96 98 102  8
108 105 111 116 104 114 121 103 104 100 97 100  9
104 102 103 107 107 101 105 107 104 101 95 98  10
108 104 103 104 105 105 105 105 107 101 100 15000  11
Chip#2
103 104 100 102 105 97 98 93 96 97 97 103  0
112 110 105 107 111 102 105 104 104 105 106 111  1
110 106 101 105 105 103 105 104 100 105 105 109  2
106 109 121 330 185 113 383 274 105 276 322 111  3
101 103 146 504 303 121 487 368 102 315 340 111  4
100 104 100 143 116 104 120 110 100 108 109 103  5
112 109 112 198 158 109 110 110 107 114 116 109  6
112 114 135 430 292 109 119 116 107 113 123 115  7
102 103 104 160 133 101 102 100 99 102 105 105  8
105 105 105 105 107 102 102 109 100 110 111 104  9
102 97 100 99 100 101 107 107 96 107 112 104  10
96 100 98 99 97 96 100 98 98 101 101 15000  11
