
Chip#1
110 103 116 108 102 102 118 103 110 109 113 114  0
115 112 119 114 106 114 120 106 113 112 125 118  1
112 115 118 112 110 116 114 115 114 112 113 117  2
106 101 119 114 102 100 122 101 113 105 116 114  3
112 105 113 114 107 112 124 109 112 113 117 115  4
109 116 119 111 116 114 115 115 118 116 123 113  5
107 98 115 111 107 108 114 106 113 107 108 115  6
116 115 128 123 116 119 127 113 116 115 121 121  7
115 114 116 109 112 112 115 110 107 112 116 110  8
115 111 128 111 110 108 124 112 113 118 125 121  9
119 112 112 115 103 105 117 107 115 105 116 117  10
112 107 118 112 105 108 121 104 110 109 108 15000  11
Chip#2
101 102 101 105 99 104 102 98 99 103 98 102  0
95 98 93 103 99 100 96 94 100 101 90 96  1
101 102 101 108 107 101 102 100 105 103 97 101  2
100 96 98 102 99 99 100 97 101 97 95 100  3
102 105 99 108 104 101 101 102 101 100 99 102  4
101 103 104 108 104 104 101 101 101 105 96 101  5
100 104 106 107 102 105 99 107 103 107 101 106  6
103 105 101 109 105 105 105 104 105 110 95 103  7
101 98 100 103 100 103 101 98 103 103 95 101  8
102 104 105 108 102 107 105 109 107 107 100 106  9
107 106 108 112 107 108 106 107 107 110 104 107  10
104 102 102 108 104 104 105 102 103 101 95 15000  11
Chip#3
96 101 100 100 103 100 99 99 98 96 100 101  0
102 106 106 104 103 96 104 100 105 101 102 106  1
98 103 102 102 102 98 105 96 100 97 102 101  2
103 110 106 108 107 103 113 107 108 107 110 108  3
98 100 99 100 100 101 99 99 104 98 99 104  4
99 100 100 99 101 95 101 96 99 101 101 108  5
99 100 98 99 100 99 102 96 98 97 101 105  6
101 104 98 102 107 103 104 98 104 102 102 108  7
98 104 100 100 95 94 99 95 101 98 97 104  8
106 108 107 107 109 103 105 105 104 101 104 106  9
102 107 107 108 102 107 102 102 105 103 106 108  10
99 102 98 100 101 97 99 99 99 97 97 15000  11
Chip#4
107 105 104 106 103 114 103 101 109 105 104 103  0
111 102 100 104 100 109 102 101 103 104 102 104  1
110 107 105 106 107 115 104 101 110 107 112 108  2
109 102 105 104 104 109 107 100 104 105 106 104  3
107 101 105 103 104 108 103 105 109 106 108 104  4
100 101 99 100 98 104 98 97 98 100 99 99  5
103 98 96 101 100 106 99 99 99 104 101 99  6
107 103 109 105 106 110 102 103 104 106 104 105  7
111 105 107 107 107 114 107 105 104 106 104 108  8
113 113 109 108 110 116 108 112 112 110 112 113  9
111 102 101 103 103 110 102 100 105 105 105 97  10
105 103 100 105 104 111 99 102 106 104 104 15000  11
