Chip#2
115 112 114 105 105 115 113 100 114 107 109 110  0
114 105 109 103 89 104 109 99 112 103 103 108  1
114 107 110 104 89 109 108 100 115 108 104 107  2
114 108 114 125 788 184 117 103 313 346 107 111  3
106 103 110 152 724 168 112 100 398 515 109 104  4
114 105 112 108 89 114 116 100 117 110 111 109  5
114 112 115 112 89 109 113 102 117 113 114 108  6
108 105 109 107 254 109 109 102 255 163 111 110  7
104 104 106 122 528 238 105 100 764 592 103 103  8
114 116 114 109 220 113 119 100 183 181 109 111  9
118 113 113 106 105 113 113 100 117 113 112 110  10
124 119 115 110 105 111 117 102 117 113 112 15000  11
