
Chip#1
119 121 113 129 109 113 105 106 109 114 119 121  0
116 114 105 129 102 111 102 105 104 108 111 113  1
107 107 105 129 102 115 100 106 109 110 109 112  2
111 120 637 515 116 752 578 117 684 529 119 112  3
111 120 667 570 114 531 381 114 465 340 116 112  4
111 116 118 129 114 118 109 113 112 114 115 114  5
111 117 527 517 114 143 128 116 134 128 116 113  6
109 116 471 464 109 144 125 108 120 123 111 112  7
107 111 113 129 109 115 102 108 110 108 114 111  8
115 118 113 129 111 146 133 106 138 137 112 116  9
111 116 116 129 109 135 121 106 122 123 114 114  10
105 113 110 129 106 111 99 108 106 104 112 15000  11
Chip#2
112 109 105 112 120 118 117 106 106 113 114 111  0
105 105 96 105 114 112 115 95 101 109 110 111  1
108 107 100 105 115 112 116 99 104 106 112 109  2
115 107 103 106 117 173 159 108 126 121 116 111  3
111 110 103 106 118 152 141 106 114 118 114 110  4
111 110 105 109 118 114 120 99 106 109 116 109  5
108 111 275 207 120 131 127 104 123 124 111 111  6
114 115 226 176 123 127 124 105 119 124 114 115  7
115 111 108 110 123 119 121 104 109 112 112 114  8
112 118 337 268 123 368 300 106 291 257 112 111  9
108 107 287 212 113 291 230 98 222 222 108 109  10
119 110 106 110 120 117 124 108 109 112 117 15000  11
