
Chip#1
104 100 102 103 100 104 105 102 106 100 101 98  0
102 94 98 98 100 100 102 100 102 99 95 95  1
103 95 114 125 97 114 129 104 112 124 101 96  2
106 96 102 115 101 105 115 104 107 115 103 104  3
104 102 117 123 104 116 130 108 109 108 105 104  4
104 102 541 552 110 553 936 128 118 126 103 102  5
108 102 282 298 103 355 562 114 116 121 105 105  6
109 109 122 125 108 111 116 109 116 104 105 102  7
101 106 697 668 104 367 434 109 108 103 103 100  8
110 110 463 414 111 373 437 109 113 103 105 105  9
103 97 99 97 94 100 104 101 99 93 98 96  10
111 110 104 114 107 109 113 107 102 107 105 15000  11
Chip#2
112 111 110 112 111 113 110 106 105 103 107 110  0
113 115 114 112 113 114 114 104 104 105 107 111  1
113 110 111 109 112 109 113 103 102 105 109 114  2
111 101 107 115 115 109 114 107 101 108 112 106  3
120 118 119 133 129 118 131 124 110 119 123 117  4
107 105 106 105 111 108 110 100 98 105 105 108  5
115 113 115 115 118 116 295 261 108 182 261 119  6
111 109 116 122 124 122 539 521 111 266 358 126  7
112 113 112 109 116 113 150 145 105 113 124 112  8
117 115 117 116 117 121 162 179 110 178 290 126  9
103 105 110 104 107 104 295 353 110 298 521 159  10
120 110 114 114 119 113 138 155 107 123 177 15000  11
