
Chip#1
266 310 405 406 402 311 470 391 395 395 475 363  0
264 310 399 407 404 315 472 391 450 391 488 363  1
262 308 363 363 404 312 470 392 452 387 478 363  2
260 302 398 404 399 302 467 390 454 392 477 363  3
261 305 397 405 404 311 476 391 448 393 482 363  4
264 312 399 403 405 313 468 395 449 395 478 363  5
267 304 401 406 402 309 473 390 453 393 481 355  6
264 312 399 404 400 314 472 386 449 385 481 363  7
263 306 398 400 401 309 467 386 449 389 484 363  8
267 307 399 405 400 306 468 387 452 392 481 363  9
267 317 397 409 401 314 470 392 457 395 477 363  10
275 322 406 414 409 363 477 397 457 400 482 15000  11
Chip#2
315 374 305 347 355 391 298 325 408 363 253 355  0
316 374 311 331 355 387 304 333 422 329 264 355  1
318 374 317 347 355 386 306 332 419 334 265 355  2
319 375 316 347 355 390 312 336 421 363 264 355  3
311 374 307 347 355 390 305 334 419 363 259 355  4
317 375 314 347 355 393 311 338 425 363 265 355  5
319 375 316 363 355 396 317 342 426 377 268 355  6
321 375 320 347 355 398 317 343 434 377 272 355  7
328 375 323 363 355 398 323 350 432 380 278 355  8
320 375 320 363 355 398 363 346 426 380 266 363  9
321 374 320 347 355 398 313 344 430 378 270 347  10
319 374 309 331 355 382 307 337 419 332 258 15000  11
