
Chip#1
132 123 115 119 125 105 138 159 108 105 109 100  0
188 179 133 207 218 168 507 517 164 127 147 107  1
165 173 130 194 218 168 492 492 164 136 147 107  2
138 130 111 119 125 113 165 177 110 115 105 99  3
240 230 138 142 143 136 531 551 164 128 131 108  4
195 200 120 130 134 129 513 536 144 122 131 100  5
141 131 120 122 122 115 175 178 115 117 112 107  6
224 219 134 140 133 168 580 543 164 138 147 108  7
201 192 130 134 138 146 553 522 141 142 147 112  8
144 143 120 123 118 116 201 181 118 122 131 113  9
226 223 140 133 127 168 584 496 128 152 147 108  10
195 190 130 129 130 168 549 483 131 155 163 15000  11
Chip#2
112 104 106 99 104 99 100 102 98 106 99 110  0
128 118 113 109 123 108 355 346 98 109 106 112  1
112 125 104 119 133 106 645 627 98 108 102 102  2
112 108 109 100 111 106 139 137 98 109 98 110  3
112 129 114 108 121 114 395 455 98 113 110 109  4
128 148 116 110 128 115 441 487 98 118 110 112  5
128 112 109 107 111 111 113 118 98 105 108 115  6
112 132 115 104 115 109 368 399 98 113 111 108  7
128 131 114 105 119 116 282 297 98 121 111 114  8
112 114 115 105 115 114 148 152 98 111 111 115  9
128 143 119 107 114 109 640 754 98 122 111 112  10
128 131 112 98 114 108 293 356 98 112 110 15000  11
