
Chip#1
104 105 110 99 100 103 105 103 99 104 99 103  0
98 348 514 98 603 554 103 544 292 96 536 220  1
105 486 665 98 692 602 104 506 285 95 695 293  2
98 114 103 96 119 108 103 121 99 91 112 102  3
107 540 699 105 668 606 108 776 525 118 861 446  4
98 523 649 96 622 533 103 648 450 93 772 396  5
101 117 113 107 121 121 104 134 101 104 116 109  6
110 598 774 107 792 698 111 852 597 99 896 480  7
104 482 640 104 652 588 107 686 471 98 693 366  8
105 120 115 99 127 124 105 130 102 107 119 113  9
98 493 660 98 669 635 103 711 490 93 738 375  10
114 342 481 107 540 536 107 549 379 99 482 239  11
Chip#2
192 214 201 196 222 220 211 221 225 208 210 202  0
218 1494 2411 199 1965 2526 242 1576 1717 227 1932 1428  1
218 1098 1768 207 1534 1885 242 1300 1460 233 2073 1594  2
213 246 235 223 247 255 250 252 259 244 243 235  3
218 2123 2829 228 2382 2679 256 2230 2467 253 2653 1807  4
213 1137 1499 226 1508 1633 259 1714 1938 254 2090 1554  5
211 246 229 214 247 256 251 257 262 246 290 233  6
225 2189 3053 239 3076 2707 271 2810 2379 258 3106 1942  7
217 1063 1407 226 1580 1483 264 1882 1497 250 1894 1049  8
211 246 229 219 249 258 254 259 262 238 245 232  9
217 2614 3217 232 3294 2569 264 3029 2359 252 3433 1369  10
217 510 761 201 1237 982 264 1395 992 229 1500 573  11
