
Chip#1
117 120 123 117 110 113 122 115 116 122 119 120  0
117 124 122 114 125 125 121 116 115 115 124 127  1
122 117 116 116 130 122 119 115 116 112 118 120  2
122 120 123 119 116 115 116 116 114 118 112 117  3
119 119 125 117 130 133 122 122 124 124 121 126  4
123 127 125 122 137 136 122 127 139 125 124 136  5
122 113 130 123 125 121 125 121 133 121 121 133  6
131 123 133 129 130 125 126 121 124 125 128 127  7
125 116 123 111 115 116 118 111 119 115 117 120  8
123 120 126 113 116 111 121 115 116 122 123 122  9
126 133 133 134 122 122 129 119 137 119 129 141  10
122 119 125 117 119 116 123 112 116 118 116 15000  11
Chip#2
96 96 97 109 101 98 97 94 96 97 101 102  0
96 99 97 104 104 103 101 97 99 99 101 101  1
104 108 107 109 108 109 110 108 105 110 109 103  2
94 99 100 104 98 98 97 98 97 97 95 99  3
97 101 100 99 105 99 100 97 99 100 105 101  4
104 104 107 111 113 110 104 104 105 106 109 107  5
98 103 97 108 103 98 100 99 100 103 99 104  6
97 97 95 104 103 103 97 97 105 92 103 101  7
96 96 96 99 104 91 96 98 103 95 97 97  8
94 98 98 99 99 98 102 100 103 98 99 103  9
93 104 102 101 99 97 97 94 99 97 100 97  10
105 108 108 112 105 104 109 106 108 104 107 15000  11
Chip#3
111 112 109 108 111 110 109 103 105 106 106 114  0
109 108 109 108 107 106 106 104 108 107 372 163  1
109 108 114 112 112 110 118 111 112 109 492 211  2
109 110 112 106 111 111 106 107 106 109 106 113  3
116 634 299 121 973 384 111 709 359 109 107 105  4
115 889 426 121 1443 637 106 471 334 110 106 113  5
108 106 106 105 107 104 105 108 105 109 103 108  6
109 112 109 112 116 114 107 107 109 106 108 112  7
102 105 104 105 107 106 100 104 102 103 107 108  8
108 108 109 113 115 113 106 107 105 109 107 108  9
118 112 118 118 114 114 111 111 111 110 113 121  10
112 110 110 112 112 114 107 105 109 107 110 15000  11
Chip#4
114 111 115 109 111 116 115 107 111 111 115 115  0
116 113 112 109 112 116 111 112 115 146 268 112  1
111 108 110 110 112 139 107 108 116 131 240 107  2
115 114 114 113 114 139 110 114 117 113 116 109  3
155 262 114 134 302 139 136 258 116 118 117 117  4
159 324 115 122 237 139 119 154 120 114 118 111  5
114 111 112 110 108 139 111 110 116 112 112 111  6
114 115 112 108 123 115 130 130 116 114 132 109  7
116 119 114 109 120 118 115 135 119 114 128 109  8
112 108 108 106 108 139 109 109 114 109 106 104  9
115 110 113 109 114 113 114 111 112 112 113 108  10
121 122 119 116 119 139 111 114 119 113 117 15000  11
