
Chip#1
119 124 118 129 113 115 106 109 114 117 125 122  0
116 116 110 129 104 112 99 108 107 110 110 116  1
124 122 119 129 113 124 109 113 121 120 118 120  2
108 111 609 497 109 704 554 110 655 486 112 109  3
109 118 642 549 110 512 375 114 449 333 115 109  4
113 121 119 129 113 120 106 110 114 115 115 111  5
112 117 513 504 114 140 126 113 132 132 112 111  6
117 121 458 447 115 143 124 114 125 124 116 113  7
112 114 115 129 110 117 105 106 110 113 110 112  8
115 117 115 129 113 141 132 108 135 139 114 111  9
112 114 109 113 107 134 116 106 122 127 112 111  10
109 114 110 110 106 113 100 102 105 110 111 15000  11
Chip#2
105 105 102 104 108 105 111 97 101 103 108 109  0
104 99 95 97 104 104 107 94 98 101 102 106  1
108 107 102 102 114 114 117 104 103 102 108 108  2
107 107 102 104 114 155 144 101 117 116 107 113  3
112 105 102 102 111 137 133 102 108 113 111 106  4
102 105 98 105 110 111 111 95 100 103 107 105  5
108 109 218 176 114 120 127 102 119 120 106 110  6
105 107 185 151 107 112 116 101 106 107 110 105  7
102 105 95 102 110 105 117 97 103 103 106 106  8
105 105 268 222 115 290 243 98 239 214 106 104  9
105 101 234 180 110 238 192 97 189 179 104 108  10
108 103 103 100 111 110 116 97 103 105 108 15000  11
