
Chip#1
120 117 114 129 106 115 103 105 109 115 123 118  0
128 118 113 129 109 117 105 110 109 112 119 121  1
115 114 111 129 106 115 108 104 110 115 111 112  2
115 122 639 522 120 736 584 119 690 519 120 116  3
111 114 662 565 106 529 385 109 469 337 110 112  4
107 112 109 129 104 110 100 101 106 105 110 107  5
112 116 526 517 111 140 130 109 134 130 108 112  6
115 116 488 460 111 138 130 110 125 122 111 109  7
115 109 114 129 107 117 104 106 108 109 112 111  8
107 110 110 129 104 140 130 105 133 135 110 108  9
113 112 105 105 107 135 117 106 117 124 111 109  10
116 113 113 114 107 113 103 105 106 110 115 15000  11
Chip#2
114 110 105 110 118 111 121 104 103 110 114 114  0
115 107 102 101 114 114 113 102 102 103 111 113  1
109 107 99 104 111 114 119 101 103 105 111 113  2
115 110 100 106 123 174 157 106 126 122 113 114  3
108 105 99 101 111 145 141 98 113 116 108 108  4
111 113 108 106 120 112 117 105 106 106 112 114  5
115 115 264 205 118 130 132 109 127 124 114 118  6
112 115 215 173 121 126 123 104 112 117 112 115  7
112 109 106 106 117 119 120 105 109 110 111 113  8
117 115 326 262 123 350 291 112 287 248 113 114  9
115 117 281 215 121 290 230 106 222 224 108 119  10
118 113 108 109 115 118 119 109 108 110 116 15000  11
