
Chip#1
98 97 94 98 94 98 96 103 97 95 92 90  0
102 102 97 104 98 103 101 104 102 101 98 98  1
103 102 104 112 102 105 115 112 106 117 98 99  2
96 101 99 102 101 103 101 102 99 107 96 93  3
103 97 98 104 100 103 102 103 102 104 97 95  4
92 91 105 107 91 98 105 96 98 104 90 89  5
95 93 99 107 101 97 104 101 102 108 91 95  6
103 97 98 97 101 104 101 98 103 97 97 98  7
98 104 107 119 102 111 113 105 102 101 96 99  8
96 95 102 102 101 106 112 100 104 103 95 94  9
99 100 96 103 95 97 102 102 101 100 95 96  10
102 99 94 101 100 100 102 105 102 99 95 15000  11
Chip#2
101 100 91 93 99 96 96 91 95 92 100 93  0
97 98 91 96 99 93 98 95 94 91 101 95  1
111 103 101 100 101 101 102 100 102 101 102 101  2
101 99 100 100 101 98 102 96 99 97 101 99  3
104 103 101 104 104 101 107 100 101 102 102 101  4
101 106 103 98 100 98 102 102 100 103 97 98  5
107 109 105 102 110 107 105 102 105 103 107 105  6
105 101 103 102 100 99 100 105 99 102 104 104  7
106 105 104 103 107 106 105 102 102 108 110 108  8
105 101 100 102 100 104 104 99 100 105 101 101  9
106 110 103 103 106 101 107 103 101 105 107 106  10
107 105 99 104 101 102 106 102 101 103 104 15000  11
