
Chip#1
115 117 115 129 107 113 105 110 108 113 119 117  0
111 110 109 107 104 108 99 102 104 107 110 109  1
107 109 110 129 106 115 103 108 108 112 110 108  2
113 117 356 305 113 410 325 114 385 307 116 113  3
111 112 358 326 109 313 237 106 268 209 112 112  4
108 114 110 111 105 113 100 104 107 109 111 111  5
117 117 301 303 116 134 124 122 124 127 119 118  6
107 114 269 264 102 122 108 104 109 114 106 108  7
104 107 106 103 105 113 99 101 104 104 109 105  8
111 112 111 113 106 124 113 108 118 118 114 109  9
109 107 106 110 102 118 104 106 112 110 108 107  10
109 114 111 129 105 113 100 109 110 107 114 15000  11
Chip#2
104 102 96 96 101 105 111 97 94 101 102 105  0
102 102 92 96 107 104 109 94 96 101 100 104  1
101 101 98 94 105 101 107 95 93 97 102 101  2
98 98 93 94 103 118 113 94 98 99 99 104  3
102 94 93 98 103 112 112 93 89 99 100 97  4
102 97 90 93 101 98 99 91 88 95 100 93  5
101 94 126 113 103 105 111 91 98 102 98 98  6
105 101 120 112 104 105 107 95 100 103 100 104  7
104 102 93 96 103 101 109 97 92 98 100 100  8
107 105 144 130 108 152 143 97 126 126 100 102  9
102 99 126 114 100 131 128 94 112 117 100 98  10
104 99 98 98 104 103 108 97 98 101 102 15000  11
