
Chip#1
115 118 107 129 107 112 104 106 106 113 114 120  0
116 113 103 111 107 110 103 100 106 107 109 117  1
113 114 113 129 111 121 111 113 113 114 114 117  2
115 120 609 501 114 720 566 119 636 481 112 117  3
112 118 642 545 115 512 380 114 437 326 110 117  4
116 118 117 129 113 118 108 109 112 114 110 112  5
109 116 475 485 110 143 131 105 134 132 106 113  6
112 114 442 438 113 141 130 108 125 125 112 114  7
115 116 116 129 114 120 110 113 113 115 111 118  8
116 118 113 129 116 152 139 110 145 140 114 117  9
108 113 106 129 106 134 120 108 117 127 106 116  10
116 117 110 129 116 120 110 110 110 110 112 15000  11
Chip#2
111 103 109 105 111 114 121 106 106 110 111 109  0
109 106 105 104 108 112 116 102 101 107 107 113  1
115 113 109 112 118 120 125 111 109 112 111 117  2
112 113 115 110 120 181 164 109 123 125 112 115  3
121 115 115 113 118 160 148 112 122 122 116 118  4
111 106 115 110 111 118 124 101 103 110 108 111  5
115 114 240 182 117 130 135 106 129 125 114 115  6
109 111 204 164 113 127 129 108 118 118 111 110  7
114 111 111 114 118 119 123 108 106 116 112 114  8
111 113 294 240 113 319 277 108 250 230 108 109  9
105 105 249 238 110 263 210 101 196 201 108 108  10
105 102 102 100 105 108 116 97 101 106 108 15000  11
