
Chip#1
103 106 98 103 104 103 105 102 106 96 102 99  0
109 106 104 115 102 110 113 108 111 109 107 104  1
106 101 127 140 98 122 147 107 124 157 108 104  2
105 107 108 120 105 115 125 104 116 133 107 106  3
102 96 102 102 100 100 101 102 101 91 101 95  4
99 100 151 159 98 132 154 108 117 140 105 100  5
103 107 121 129 107 121 139 109 117 133 108 105  6
101 99 102 102 100 103 106 100 106 96 100 93  7
105 104 139 140 104 128 135 104 103 97 102 101  8
101 104 129 130 107 127 134 105 109 104 102 105  9
102 102 104 107 105 106 112 104 107 100 101 99  10
111 106 108 112 112 110 112 108 109 105 112 15000  11
Chip#2
105 103 106 102 106 102 101 99 101 98 101 100  0
103 106 105 107 107 102 108 102 102 99 102 106  1
109 110 107 105 107 112 107 107 107 102 106 109  2
99 104 99 103 104 99 105 103 96 93 99 98  3
104 106 104 115 113 104 114 109 106 104 106 105  4
103 101 100 101 101 97 101 100 96 97 99 100  5
102 104 101 103 105 103 104 104 101 101 107 104  6
100 103 101 108 102 101 110 109 98 103 111 101  7
99 99 95 98 101 97 99 97 94 93 100 99  8
97 106 98 100 104 99 100 102 101 99 106 101  9
100 104 105 104 104 102 106 109 99 102 111 103  10
104 109 109 109 108 104 110 109 107 103 110 15000  11
