
Chip#1
112 113 111 107 105 106 100 100 102 107 114 113  0
121 114 110 129 106 112 102 108 108 110 112 117  1
109 107 106 129 102 115 103 105 110 109 106 101  2
111 112 495 409 107 558 454 116 531 401 112 109  3
115 114 510 435 111 407 305 109 362 275 111 109  4
113 114 118 129 107 113 102 110 109 109 114 112  5
111 113 381 401 110 131 122 109 125 124 110 111  6
113 113 357 352 113 131 117 113 120 120 115 112  7
107 110 109 129 105 112 102 108 106 110 114 112  8
105 109 107 129 106 129 117 104 124 124 110 111  9
113 121 118 129 113 124 116 112 120 123 116 117  10
109 113 106 109 109 110 100 108 108 108 111 15000  11
Chip#2
104 102 97 98 108 103 113 95 98 99 106 106  0
98 98 92 96 104 104 109 88 93 94 98 102  1
104 103 99 104 114 108 115 98 100 105 106 105  2
104 101 96 98 110 131 128 95 109 103 104 105  3
108 106 99 105 114 127 125 98 106 105 110 109  4
107 111 106 109 114 108 117 99 100 107 108 110  5
101 101 170 144 107 115 116 99 109 107 104 104  6
105 102 152 127 114 108 115 98 105 105 100 108  7
108 101 100 105 113 110 115 98 100 101 106 108  8
108 106 210 179 115 227 198 104 184 167 107 105  9
112 106 189 157 113 195 171 105 164 153 111 113  10
107 98 99 104 108 105 111 95 98 98 106 15000  11
