
Chip#1
117 117 109 129 107 113 105 108 106 110 118 125  0
116 110 105 129 105 112 100 104 106 108 111 121  1
112 106 109 129 105 116 103 109 110 112 109 113  2
111 116 604 503 110 705 570 112 655 494 115 117  3
112 114 641 550 111 512 378 110 445 331 109 113  4
104 110 106 129 104 111 102 105 102 107 106 107  5
113 113 500 501 113 148 136 109 139 138 114 117  6
111 118 447 448 110 144 127 112 124 123 109 113  7
115 110 111 129 107 116 104 106 107 110 112 114  8
104 105 106 110 105 144 130 100 132 133 104 108  9
111 112 107 107 104 132 122 102 118 124 110 111  10
109 107 103 129 106 107 102 104 101 100 109 15000  11
Chip#2
107 103 103 105 114 108 123 104 103 109 108 110  0
99 102 103 106 113 107 113 101 104 109 110 108  1
104 106 102 105 111 115 119 106 108 110 108 109  2
107 109 106 108 115 173 161 106 123 126 112 109  3
108 105 106 104 110 147 140 101 113 118 108 108  4
104 105 105 106 113 107 121 101 100 110 107 106  5
108 110 246 186 115 130 133 99 123 128 111 111  6
109 109 201 160 115 120 129 105 113 120 112 110  7
108 102 102 104 107 111 116 99 101 112 107 111  8
108 111 295 239 120 321 274 106 262 235 116 106  9
112 113 263 237 117 265 216 105 222 210 113 113  10
106 103 105 102 110 110 117 102 101 106 111 15000  11
