
Chip#1
96 97 90 103 127 97 97 98 87 91 95 91  0
98 93 92 287 439 149 92 92 88 92 93 91  1
92 99 94 330 495 170 94 100 98 95 96 95  2
100 97 93 128 180 100 99 98 94 93 98 95  3
101 100 96 222 261 118 101 101 98 102 101 95  4
101 96 101 222 286 121 97 103 103 99 96 95  5
113 155 104 108 124 99 93 99 98 96 97 91  6
350 582 226 98 103 97 93 99 96 95 100 98  7
337 562 218 94 98 95 99 98 96 93 100 92  8
134 233 112 90 97 90 94 96 97 95 95 92  9
320 536 242 93 105 103 103 103 99 100 101 100  10
257 425 173 98 98 97 94 93 89 95 95 92  11
Chip#2
94 82 87 148 143 98 90 99 92 88 89 96  0
101 86 134 866 830 143 95 101 100 100 94 102  1
95 83 147 1026 1022 147 97 97 92 96 91 100  2
101 87 96 247 264 106 102 107 99 96 95 104  3
98 83 112 473 451 120 104 100 104 99 98 108  4
100 87 110 446 411 109 94 104 100 94 93 100  5
197 299 118 139 130 107 104 112 101 105 102 110  6
947 1411 358 122 115 103 108 113 110 100 102 108  7
738 1192 262 115 109 110 102 105 103 98 95 101  8
197 388 139 110 109 102 101 111 100 100 103 110  9
777 1226 376 103 99 95 88 96 93 88 89 100  10
592 979 246 111 109 103 101 108 104 99 98 106  11
