
Chip#1
106 110 109 102 109 102 100 108 104 111 106 109  0
113 117 112 108 109 105 109 113 109 116 105 107  1
111 115 165 150 108 148 174 107 145 179 112 107  2
107 125 783 793 123 732 972 131 730 954 132 107  3
102 116 495 526 115 476 631 117 509 643 113 103  4
106 110 148 138 104 117 121 106 121 127 103 106  5
100 113 663 716 116 110 115 106 113 115 101 102  6
100 118 577 613 116 108 110 107 106 115 105 106  7
104 108 121 121 108 101 100 106 104 111 105 101  8
104 109 108 99 104 112 119 114 112 120 105 109  9
107 110 112 104 111 112 115 111 109 123 104 111  10
105 110 104 91 105 98 104 102 102 109 106 102  11
Chip#2
108 117 120 114 113 118 103 114 117 117 114 115  0
112 115 118 116 113 110 100 108 113 109 112 113  1
112 120 118 115 119 113 105 115 115 117 111 117  2
106 112 115 110 118 122 98 112 117 117 112 118  3
104 110 113 107 120 121 94 111 117 108 107 108  4
120 142 160 119 125 125 114 119 120 122 122 129  5
108 959 1111 124 119 119 104 112 115 113 109 108  6
119 1124 1296 137 127 131 109 120 129 114 114 119  7
107 166 192 112 138 139 102 131 130 113 116 118  8
121 887 1040 133 807 929 118 755 794 121 121 122  9
121 1237 1339 138 1433 1576 127 1310 1535 127 107 111  10
117 182 194 120 219 218 109 224 246 118 114 116  11
Chip#3
102 92 106 96 106 91 103 102 91 101 102 113  0
109 103 204 175 111 190 174 120 164 204 115 131  1
107 157 692 638 167 683 654 148 545 702 171 119  2
106 112 514 482 124 514 466 122 435 504 122 117  3
100 100 108 101 96 100 104 106 130 145 97 111  4
98 93 107 102 102 101 107 120 584 715 146 111  5
101 92 108 102 103 94 103 114 526 622 125 117  6
93 86 99 89 97 85 96 101 88 101 94 103  7
101 90 104 98 100 95 103 101 91 102 102 114  8
97 90 107 103 103 95 103 104 95 101 96 113  9
103 97 113 103 106 97 103 110 98 107 105 115  10
105 93 107 96 107 95 103 108 98 106 103 117  11
Chip#4
96 97 99 103 107 102 94 99 98 101 93 102  0
106 99 103 105 115 107 96 105 102 105 102 107  1
99 100 100 150 152 110 142 142 106 139 124 112  2
99 102 120 1016 933 128 992 986 124 868 975 139  3
99 96 107 724 699 115 667 691 117 706 759 125  4
99 97 99 128 125 107 103 102 109 113 104 105  5
99 96 124 1005 791 106 102 105 102 109 102 110  6
99 99 123 886 685 110 106 110 110 109 107 112  7
99 105 102 114 123 106 103 108 107 110 103 112  8
99 93 99 106 110 105 100 102 109 108 97 107  9
99 93 99 103 107 103 98 102 102 108 97 104  10
99 94 99 99 110 101 98 104 105 113 97 107  11
