
Chip#1
109 107 104 110 107 106 113 105 108 105 107 110  0
99 104 99 114 102 110 115 105 103 101 100 100  1
105 102 126 143 101 132 160 107 128 161 107 104  2
106 106 106 116 101 117 128 104 119 132 106 102  3
101 104 104 108 98 105 108 103 103 97 103 102  4
101 104 159 174 103 136 168 109 123 141 107 101  5
104 101 123 130 102 126 138 105 119 134 105 104  6
105 104 99 109 103 105 111 105 104 99 98 104  7
102 106 145 151 107 133 147 101 114 101 101 104  8
105 107 136 136 103 136 150 107 112 103 108 105  9
108 104 104 108 103 105 111 105 108 103 100 107  10
118 110 108 113 108 111 114 107 111 105 111 15000  11
Chip#2
103 104 105 107 104 104 106 104 105 101 102 105  0
104 111 111 107 108 107 107 104 107 104 109 111  1
113 117 114 115 116 118 114 109 110 108 111 114  2
106 105 107 112 107 111 113 111 105 105 110 103  3
105 110 112 119 113 106 118 110 102 110 112 108  4
109 114 114 112 111 111 114 107 108 108 107 110  5
115 113 117 117 119 114 120 117 112 117 119 117  6
103 108 107 115 107 106 112 111 102 107 116 104  7
112 118 116 114 114 116 118 117 113 111 114 114  8
109 109 111 113 111 111 113 110 110 108 115 111  9
104 110 106 107 112 104 117 117 107 109 119 114  10
111 114 115 113 115 113 117 111 112 107 115 15000  11
