
Chip#1
132 109 109 115 112 105 109 105 106 107 131 105  0
143 127 117 145 145 114 133 131 118 134 131 111  1
132 119 109 138 143 108 128 120 110 131 147 105  2
132 107 106 118 113 108 107 105 104 112 131 102  3
152 132 117 153 164 115 135 126 113 143 163 111  4
139 122 112 142 164 111 127 124 109 140 163 111  5
133 120 114 119 122 111 116 110 108 119 131 103  6
174 157 122 146 144 111 133 125 113 150 147 108  7
169 150 120 144 141 115 133 127 115 152 163 108  8
135 122 116 124 119 111 120 114 112 119 131 106  9
169 151 119 138 135 107 125 116 114 134 131 103  10
157 139 114 136 128 107 125 112 114 137 147 15000  11
Chip#2
112 105 102 99 103 102 103 106 99 107 103 107  0
128 135 107 131 157 103 138 135 99 142 132 105  1
144 190 118 169 220 111 180 178 100 173 152 109  2
145 115 108 99 113 100 107 101 99 111 105 108  3
144 167 113 142 177 104 156 162 99 159 155 107  4
144 205 116 157 210 106 157 162 99 160 144 105  5
112 111 104 99 108 99 105 102 99 107 106 105  6
158 278 147 146 195 110 170 178 99 238 209 108  7
156 268 147 140 177 109 151 162 100 178 161 108  8
112 109 104 95 106 103 101 101 99 112 106 104  9
159 291 147 140 185 111 160 162 99 236 193 107  10
145 225 128 123 150 108 127 133 99 153 144 15000  11
