
Chip#1
88 52 36 173 0 110 111 27 85 59 77 0  0
94 68 36 173 0 126 113 30 101 55 78 0  1
159 68 48 173 0 142 128 38 50 68 89 0  2
93 68 249 372 0 414 316 33 341 214 82 0  3
80 52 256 388 0 286 218 26 190 139 67 0  4
83 52 31 196 0 110 106 21 85 52 73 0  5
85 52 180 356 0 142 134 26 50 67 76 0  6
85 52 165 230 0 142 121 29 101 62 78 0  7
79 52 28 232 0 126 105 21 85 50 68 0  8
80 52 37 232 0 126 129 23 49 64 72 0  9
85 68 36 232 0 142 125 31 101 63 79 0  10
88 52 35 232 0 110 111 26 33 50 76 15000  11
Chip#2
268 321 261 289 114 166 148 185 262 188 192 223  0
266 325 261 290 114 165 148 184 260 187 190 223  1
267 321 261 291 114 166 148 186 262 187 189 223  2
271 326 261 295 114 226 148 192 283 206 197 223  3
274 326 261 293 114 199 148 192 276 201 196 223  4
262 323 261 291 114 164 148 183 255 184 189 223  5
264 320 380 344 114 173 148 180 272 194 184 223  6
267 328 281 335 114 177 148 191 272 195 194 223  7
271 323 261 293 114 167 148 188 259 191 194 223  8
267 328 444 398 114 344 299 189 379 356 196 223  9
265 326 412 360 114 283 168 185 341 253 190 223  10
270 321 261 289 114 162 148 183 259 189 194 15000  11

Chip#1
81 68 30 232 0 126 105 15 85 46 68 0  0
93 52 34 232 0 110 107 23 33 53 76 0  1
83 52 35 232 0 110 110 25 85 53 72 0  2
79 52 235 356 0 398 304 18 255 203 64 0  3
87 0 256 388 0 286 227 27 190 147 76 0  4
89 52 31 196 0 110 109 26 33 53 75 0  5
80 52 177 356 0 126 124 22 49 63 67 0  6
84 52 165 324 0 142 121 26 101 58 69 0  7
84 52 35 223 0 126 113 29 85 50 73 0  8
70 0 26 223 0 126 124 16 35 59 67 0  9
84 52 30 223 0 126 118 21 101 54 71 0  10
72 52 27 223 0 110 102 9 20 42 63 15000  11
Chip#2
257 314 261 289 114 158 148 181 257 184 189 223  0
258 312 261 288 114 157 148 176 253 183 185 223  1
260 315 261 287 114 159 148 178 255 186 185 223  2
261 319 261 288 114 213 148 179 273 199 190 207  3
260 316 261 290 114 195 148 181 268 193 191 223  4
262 324 261 290 114 162 148 185 260 189 189 207  5
262 321 396 346 114 174 148 182 277 200 191 223  6
262 321 275 327 114 172 148 183 268 195 190 223  7
263 319 261 293 114 165 148 182 264 191 186 207  8
267 325 460 397 114 344 315 187 383 356 193 223  9
259 319 396 358 114 277 156 178 341 248 190 207  10
270 321 261 292 114 167 148 185 263 192 194 15000  11
