
Chip#1
107 114 107 129 109 115 105 105 102 108 116 113  0
109 113 105 107 102 112 100 101 101 108 109 113  1
108 114 109 129 111 118 108 110 109 115 110 117  2
104 112 238 220 105 280 227 110 247 198 114 112  3
107 117 253 231 109 224 187 112 188 159 112 114  4
111 110 107 111 106 113 102 104 105 109 111 105  5
107 114 208 214 109 124 113 109 114 117 111 117  6
103 105 188 194 101 113 102 101 101 110 102 109  7
108 109 106 129 106 113 103 104 101 110 110 112  8
109 110 109 129 105 118 109 104 108 114 111 112  9
104 109 103 129 101 115 105 105 104 109 108 108  10
102 106 102 110 104 104 98 98 97 100 106 15000  11
Chip#2
107 103 105 104 107 111 119 98 100 105 107 105  0
94 98 96 98 105 104 107 95 93 101 99 102  1
104 102 100 98 104 108 113 98 100 103 103 102  2
102 105 100 100 104 115 115 95 100 102 103 101  3
95 98 96 96 101 108 112 94 98 99 98 96  4
104 102 102 104 104 108 113 95 97 102 102 104  5
105 107 115 110 107 111 116 105 104 109 106 105  6
104 106 111 108 108 108 113 102 98 106 103 102  7
98 101 102 97 105 112 116 101 100 99 102 104  8
105 99 120 118 105 131 133 97 116 116 102 105  9
101 98 112 104 97 120 119 94 103 107 98 98  10
104 106 99 101 103 108 112 98 97 102 104 15000  11
