
Chip#1
121 124 118 129 110 116 108 109 113 119 123 122  0
125 121 113 129 110 117 110 110 109 112 115 121  1
113 113 114 129 110 125 109 112 114 115 115 116  2
113 124 636 525 114 720 587 114 689 509 118 114  3
115 116 673 574 115 530 381 116 464 342 118 114  4
105 114 113 129 101 112 104 98 104 110 109 107  5
116 120 531 525 114 144 131 118 134 133 120 116  6
115 116 491 465 110 139 124 106 121 120 114 111  7
115 117 115 129 114 117 107 113 112 117 114 116  8
115 114 115 145 115 146 136 113 138 137 114 114  9
113 118 114 129 109 138 125 110 125 127 119 116  10
112 117 117 129 111 116 109 106 107 112 116 15000  11
Chip#2
117 110 111 113 124 119 128 109 110 112 116 115  0
118 119 112 115 120 123 131 111 116 114 116 121  1
114 110 100 105 114 114 121 105 109 108 107 109  2
108 106 99 100 113 181 160 101 125 122 104 109  3
115 109 106 108 123 165 151 109 121 121 113 115  4
112 111 108 110 118 117 121 104 108 112 111 111  5
112 109 298 231 118 133 131 106 130 124 107 110  6
117 115 255 189 117 127 132 105 122 118 113 111  7
117 109 114 113 120 120 124 111 112 114 114 117  8
115 118 379 294 125 415 335 109 326 281 116 115  9
115 117 323 236 117 324 258 102 265 245 110 117  10
121 114 108 110 118 118 124 109 109 113 121 15000  11
