
Chip#1
132 114 111 112 120 104 122 127 109 107 102 102  0
156 146 124 165 175 127 347 352 131 123 131 105  1
150 147 124 158 181 133 339 338 129 126 131 107  2
135 124 115 121 121 114 144 159 112 113 106 107  3
190 180 125 129 130 124 351 360 134 118 111 107  4
165 162 122 129 128 125 342 349 123 122 131 108  5
134 120 117 121 118 114 144 159 118 114 131 107  6
178 179 120 123 122 128 366 348 126 126 131 105  7
163 154 124 129 130 127 353 332 131 129 131 107  8
115 115 110 111 109 105 149 135 104 107 104 101  9
178 179 129 127 120 138 363 315 122 134 131 113  10
161 145 120 124 118 135 336 300 116 136 131 15000  11
Chip#2
112 102 102 94 99 102 97 93 89 104 97 105  0
128 113 107 103 116 105 243 251 89 107 102 105  1
128 119 108 111 130 108 446 434 89 109 106 105  2
112 107 108 100 106 108 127 123 89 108 98 107  3
128 119 109 105 114 110 282 316 89 112 108 109  4
112 126 102 102 118 109 312 330 89 108 103 104  5
112 113 109 105 110 113 115 110 89 111 105 114  6
112 119 107 95 109 104 265 283 89 104 103 102  7
112 121 110 104 114 108 220 228 89 108 104 112  8
112 113 108 102 110 110 130 131 89 106 105 110  9
112 133 112 104 110 106 461 529 89 113 105 107  10
91 123 108 99 106 98 226 267 89 112 105 15000  11
