
Chip#1
92 52 30 173 0 110 115 29 33 57 76 0  0
92 52 34 173 0 126 113 27 36 50 77 0  1
92 0 39 173 0 110 114 28 35 54 69 0  2
93 68 364 429 0 511 376 33 389 256 78 0  3
85 68 315 429 0 350 263 30 207 167 70 0  4
94 52 35 173 0 126 113 30 85 52 71 0  5
79 52 207 388 0 126 128 24 101 60 61 0  6
89 52 195 372 0 142 128 29 101 58 69 0  7
84 52 27 196 0 110 109 27 85 44 71 0  8
89 52 30 196 0 142 133 22 49 65 69 0  9
94 52 36 196 0 142 128 30 101 67 79 0  10
88 52 26 196 0 126 114 26 85 43 69 15000  11
Chip#2
265 319 261 288 114 164 148 186 260 184 193 223  0
265 323 261 289 114 162 148 183 258 185 192 223  1
259 321 261 288 114 160 148 178 258 180 185 223  2
261 321 261 284 114 236 148 183 281 202 185 223  3
262 321 261 286 114 215 148 183 278 200 191 223  4
266 324 261 289 114 162 148 184 258 188 195 207  5
267 330 444 377 114 186 148 192 288 212 196 223  6
268 327 396 351 114 180 148 194 280 202 191 223  7
264 319 261 291 114 160 148 186 262 185 188 223  8
261 321 508 437 114 434 347 185 419 388 192 223  9
262 327 460 391 114 341 299 183 373 356 190 223  10
270 324 261 291 114 162 148 187 265 189 195 15000  11

Chip#1
93 0 37 180 0 110 110 23 31 52 73 0  0
89 52 23 180 0 110 104 16 85 47 65 0  1
94 52 39 196 0 126 114 31 37 57 76 0  2
80 0 297 420 0 512 359 24 373 250 64 0  3
88 52 316 452 0 350 258 27 200 164 68 0  4
83 52 27 180 0 110 98 12 22 45 61 0  5
84 0 217 388 0 126 124 16 43 58 63 0  6
84 52 195 356 0 126 125 25 41 55 69 0  7
85 52 36 196 0 110 110 21 85 48 72 0  8
77 52 25 196 0 126 126 17 101 65 61 0  9
89 52 35 196 0 126 121 28 101 58 73 0  10
89 52 34 180 0 110 110 22 85 48 67 15000  11
Chip#2
257 318 261 286 114 159 148 179 254 184 188 223  0
260 314 261 284 114 155 148 181 255 185 186 223  1
261 318 261 284 114 162 148 184 256 188 191 223  2
261 314 261 282 114 238 148 182 280 204 188 207  3
265 321 261 288 114 213 148 184 277 201 189 223  4
256 318 261 287 114 160 148 177 255 185 189 207  5
258 320 428 375 114 183 148 180 281 208 190 223  6
259 321 380 345 114 172 148 183 277 200 190 207  7
260 311 261 289 114 161 148 178 256 189 189 223  8
265 322 508 439 114 437 347 186 421 388 194 223  9
266 324 460 389 114 334 199 187 370 356 195 223  10
268 323 261 291 114 166 196 187 259 190 196 15000  11
