Chip#3
125 133 125 117 119 116 119 117 112 117 130 116  0
125 365 425 121 419 368 116 386 398 124 412 375  1
125 461 487 122 499 406 122 420 489 120 439 471  2
125 133 127 121 134 125 125 125 119 121 114 121  3
125 346 346 120 408 406 123 356 382 126 412 410  4
125 421 397 124 406 442 125 354 421 124 382 477  5
125 117 128 115 117 120 124 125 123 117 115 118  6
125 318 347 127 319 358 131 381 453 124 374 437  7
125 421 424 122 390 409 124 352 421 123 442 497  8
125 133 127 121 119 120 124 121 123 121 114 118  9
125 405 411 118 424 430 124 386 437 120 390 440  10
125 432 476 121 426 370 121 405 469 119 389 402  11
