
Chip#1
94 107 96 98 108 98 105 105 105 90 99 101  0
96 99 95 98 104 101 97 104 99 88 97 94  1
97 107 105 104 119 110 108 118 110 103 108 106  2
105 112 111 106 114 114 112 112 113 107 106 108  3
104 102 107 104 118 110 104 110 109 100 107 106  4
107 109 112 104 111 108 105 116 107 101 110 110  5
104 106 106 103 108 103 105 105 104 101 103 101  6
103 107 107 101 106 106 105 98 101 96 103 104  7
105 107 110 101 108 109 106 110 109 100 107 108  8
109 115 108 108 113 113 118 110 114 105 111 113  9
111 116 114 108 117 114 113 119 116 102 110 110  10
107 107 106 101 112 106 106 106 104 96 101 97  11
Chip#2
184 200 227 241 249 225 249 228 215 234 222 284  0
184 200 259 241 249 253 249 228 246 2806 1748 258  1
184 200 277 241 249 273 249 228 279 2806 1748 274  2
255 259 258 289 290 252 292 279 248 446 390 246  3
255 259 277 289 290 281 292 279 277 446 3901 258  4
255 259 281 289 290 293 292 279 303 446 3901 269  5
294 285 277 308 307 265 321 305 270 343 312 255  6
294 285 282 308 307 279 321 305 277 343 312 251  7
294 285 289 308 307 293 321 305 315 343 312 264  8
310 282 273 316 296 265 321 290 259 334 293 254  9
310 282 283 316 296 277 321 290 287 334 2239 267  10
310 282 292 316 296 286 321 290 367 334 2239 298  11
