
Chip#1
109 106 101 105 104 108 102 102 101 108 110 109  0
106 106 102 107 105 107 103 101 98 105 106 107  1
111 107 105 109 104 112 104 109 104 110 110 108  2
111 108 130 129 109 140 126 110 134 132 110 112  3
103 105 124 129 102 126 118 105 117 119 109 104  4
104 105 103 106 101 111 108 102 104 115 106 105  5
109 107 131 145 106 603 582 114 458 413 109 108  6
111 105 131 145 106 525 503 110 324 303 115 109  7
112 106 102 109 110 120 116 108 114 119 112 109  8
109 106 103 107 106 544 530 105 614 578 108 111  9
117 107 107 110 105 381 352 110 361 370 110 117  10
116 113 109 114 110 116 107 112 108 112 114 15000  11
Chip#2
118 111 108 109 118 115 121 108 106 117 116 124  0
118 107 111 110 121 117 125 104 106 113 122 128  1
111 102 106 104 111 110 117 97 110 112 106 119  2
118 111 111 108 125 478 371 113 553 498 114 119  3
118 114 115 108 125 353 274 118 409 341 118 118  4
119 117 115 114 123 124 128 109 112 117 118 111  5
111 106 129 119 123 645 462 106 430 395 112 110  6
109 109 126 115 121 448 330 106 307 277 111 111  7
115 111 106 112 118 115 124 108 104 110 112 118  8
119 110 132 121 123 138 141 108 127 128 114 115  9
106 107 118 108 111 120 127 98 117 117 111 109  10
114 106 109 105 118 111 115 104 103 112 111 15000  11

Chip#1
116 117 103 129 106 111 108 112 107 117 118 122  0
109 106 101 109 106 104 102 105 106 104 108 112  1
115 112 103 107 102 112 104 105 107 109 109 109  2
113 107 130 129 105 139 127 106 133 130 105 109  3
104 102 124 145 105 127 114 104 120 118 104 104  4
108 106 106 111 106 111 108 109 108 110 105 111  5
107 109 126 145 109 608 581 110 456 422 108 103  6
113 106 131 145 109 525 513 114 321 307 111 108  7
104 105 102 106 100 113 107 102 108 112 106 100  8
107 106 99 107 101 545 530 101 617 576 108 107  9
111 114 107 114 109 382 355 112 360 376 110 120  10
108 106 103 109 98 104 100 104 101 104 111 15000  11
Chip#2
109 106 105 106 113 115 116 106 104 113 118 121  0
105 105 99 101 108 108 112 102 97 106 114 118  1
108 103 103 101 110 114 116 102 108 110 110 118  2
108 106 105 105 117 479 362 108 545 493 112 111  3
114 111 108 109 117 350 272 111 406 334 114 115  4
107 110 108 106 114 118 116 105 109 110 111 110  5
107 101 127 118 121 643 460 109 429 395 110 109  6
105 102 124 112 111 441 322 104 302 272 110 109  7
111 105 108 109 115 115 112 106 102 106 112 111  8
114 109 129 123 120 138 137 106 127 128 113 118  9
114 111 124 121 115 130 133 109 118 122 117 114  10
112 103 103 102 111 107 109 99 100 106 110 15000  11

Chip#1
111 107 106 129 105 111 104 105 108 109 112 117  0
108 105 99 105 101 110 103 102 102 107 105 111  1
109 106 107 109 104 113 105 105 106 113 109 108  2
113 113 135 145 105 145 130 112 133 129 114 112  3
103 99 128 145 101 126 115 102 114 114 104 104  4
104 107 101 109 101 111 102 104 104 108 104 101  5
108 107 130 145 109 610 584 109 460 414 111 109  6
108 105 127 145 107 522 509 109 321 307 110 107  7
102 101 101 107 100 113 107 106 113 113 104 104  8
108 106 101 115 106 549 539 109 625 585 115 111  9
108 105 105 129 105 387 353 105 360 374 109 114  10
108 107 103 106 104 106 100 102 101 104 109 15000  11
Chip#2
112 106 105 104 113 110 119 106 105 112 113 119  0
114 106 105 105 115 114 115 105 102 110 118 124  1
112 107 108 104 117 120 117 108 110 118 114 122  2
115 109 106 105 123 478 368 112 549 497 111 117  3
108 103 106 101 115 343 257 105 403 332 110 109  4
112 107 112 108 114 120 119 106 109 113 107 109  5
109 105 124 115 123 648 470 105 433 393 110 110  6
102 101 114 108 113 440 323 102 298 271 100 105  7
112 110 114 113 120 114 117 109 109 116 111 111  8
117 109 126 125 117 135 136 106 127 126 110 113  9
108 102 121 112 113 127 123 104 119 120 112 110  10
108 105 111 104 114 110 115 105 106 109 107 15000  11

Chip#1
109 109 107 129 107 111 108 110 105 114 111 117  0
108 103 100 105 104 102 96 102 98 108 105 105  1
109 107 107 109 102 107 104 106 105 109 109 105  2
102 102 123 129 101 131 119 101 125 127 104 104  3
103 101 120 129 98 120 114 102 117 114 102 101  4
105 105 102 107 102 108 105 104 104 110 104 105  5
112 113 136 145 114 615 599 116 460 423 115 114  6
108 101 128 145 101 520 517 106 327 302 106 101  7
108 109 103 105 105 112 108 104 113 114 106 103  8
105 105 103 110 104 545 538 102 624 585 111 107  9
111 105 99 107 104 379 349 105 356 375 109 108  10
113 110 109 115 104 112 107 109 107 112 112 15000  11
Chip#2
104 99 100 97 107 104 109 104 101 107 113 111  0
111 106 105 102 110 111 113 106 105 110 121 123  1
112 106 108 105 113 117 119 108 113 117 118 122  2
112 107 106 102 120 481 365 113 556 501 111 113  3
111 102 105 104 115 348 272 106 403 336 108 109  4
108 110 102 104 113 115 115 104 104 107 108 105  5
111 103 124 121 118 644 470 106 429 396 112 113  6
112 105 121 114 117 446 326 111 304 277 116 110  7
112 105 105 108 115 114 117 108 103 112 108 111  8
111 103 120 113 113 131 128 104 117 121 111 105  9
108 101 120 112 111 123 125 106 117 118 107 108  10
117 109 109 106 115 110 115 108 105 110 112 15000  11
