
Chip#1
104 101 103 151 165 112 103 102 101 98 101 99  0
104 105 124 548 621 184 109 107 101 104 109 96  1
100 105 121 501 618 200 109 102 97 107 131 95  2
98 102 106 188 211 113 106 107 104 107 106 96  3
116 117 147 582 595 184 120 116 109 119 131 101  4
106 104 124 455 489 133 110 106 102 109 101 98  5
202 211 116 121 130 111 107 104 107 112 107 101  6
670 687 199 112 117 109 110 104 107 112 110 103  7
513 525 150 110 112 107 105 104 100 110 106 98  8
208 239 119 109 109 105 104 100 102 107 104 93  9
557 596 192 106 103 103 103 100 97 110 109 96  10
420 438 134 103 100 97 101 99 96 103 106 15000  11
Chip#2
80 100 102 97 103 100 98 97 99 101 100 100  0
81 101 100 323 490 108 95 96 99 101 100 99  1
112 104 103 594 899 136 102 93 99 99 98 99  2
79 104 101 128 165 98 97 97 99 102 100 103  3
88 110 106 405 629 116 105 103 99 106 100 109  4
84 106 107 466 764 123 106 101 99 101 98 104  5
84 117 100 103 113 98 97 95 99 96 92 98  6
348 934 222 108 110 106 110 108 99 111 106 112  7
313 827 194 103 104 104 101 106 99 105 100 104  8
85 163 103 95 99 96 102 93 99 94 100 103  9
307 914 255 93 96 98 102 102 99 102 99 102  10
213 530 163 105 101 104 103 109 99 107 105 15000  11
