
Chip#1
113 122 116 129 113 118 113 110 113 115 126 124  0
117 118 114 129 113 115 104 106 114 115 120 120  1
113 120 122 129 115 117 109 113 114 115 119 118  2
117 124 309 281 115 314 254 113 284 232 126 118  3
109 116 320 292 109 256 197 113 210 179 114 117  4
113 120 118 129 114 121 105 110 112 117 120 116  5
115 118 268 281 107 130 122 113 121 123 114 113  6
115 118 258 261 110 130 121 113 116 120 115 114  7
113 116 115 129 109 116 108 110 112 112 120 121  8
121 128 124 129 114 153 142 114 135 130 122 122  9
117 120 114 129 110 140 126 112 122 122 118 120  10
124 124 120 145 116 120 113 114 117 114 123 15000  11
Chip#2
112 102 100 105 115 111 120 99 104 109 110 110  0
115 106 100 108 111 107 115 104 103 109 110 110  1
121 115 111 112 123 120 121 105 110 117 113 118  2
121 115 108 109 120 127 129 106 113 118 116 118  3
111 106 103 102 113 118 117 101 104 109 106 106  4
114 110 103 104 114 114 119 99 105 109 110 111  5
117 109 139 127 118 117 120 99 112 114 108 113  6
115 109 130 119 115 112 116 101 109 110 108 110  7
114 114 100 108 117 111 115 105 106 110 108 109  8
114 110 145 132 113 148 143 101 131 129 111 113  9
112 111 135 126 115 135 136 97 125 128 112 111  10
122 111 109 106 118 114 121 104 109 114 114 15000  11
