
Chip#1
183 196 203 166 260 124 118 237 254 132 117 252  0
176 196 190 155 260 108 118 237 241 116 101 241  1
170 196 193 160 260 124 118 237 245 124 105 242  2
169 196 204 424 396 124 118 389 498 127 110 242  3
172 196 202 256 292 124 118 309 451 131 113 245  4
172 196 193 162 260 124 118 237 240 120 110 243  5
165 196 195 160 260 124 118 237 239 119 106 239  6
177 196 199 256 308 124 118 261 272 128 114 249  7
173 196 204 424 444 124 134 493 461 129 113 245  8
89 196 194 168 260 124 118 237 249 122 106 241  9
173 196 196 162 260 124 118 237 250 125 109 246  10
187 196 201 165 260 124 118 237 248 127 114 15000  11
Chip#2
154 29 0 0 120 97 110 169 35 79 47 0  0
155 36 0 0 124 100 107 172 35 81 47 0  1
103 30 0 0 119 89 109 170 35 76 45 0  2
154 32 0 0 143 99 107 171 54 94 45 0  3
151 29 0 0 139 94 106 169 57 100 45 0  4
103 32 0 0 123 97 112 171 37 79 53 0  5
155 31 0 0 122 95 107 171 40 79 49 0  6
103 31 0 0 135 97 111 173 45 84 53 0  7
153 28 0 0 151 107 110 170 66 99 45 0  8
103 35 0 0 132 97 108 169 45 81 48 0  9
154 29 0 0 114 92 105 167 36 79 45 0  10
163 38 0 0 132 100 113 172 44 84 51 15000  11
