
Chip#1
178 196 203 162 260 124 118 237 244 126 114 247  0
169 196 195 156 260 124 118 237 241 123 111 245  1
170 196 201 164 260 124 118 237 245 127 114 247  2
169 196 200 424 392 124 134 389 502 124 106 239  3
170 196 199 256 276 124 118 309 455 123 105 241  4
89 196 194 156 260 108 118 237 241 120 105 238  5
89 196 196 159 244 108 118 237 245 120 108 241  6
170 196 200 240 308 124 118 261 272 123 117 241  7
183 196 214 424 444 124 118 493 465 132 115 253  8
169 196 195 168 260 124 118 237 250 118 110 241  9
89 196 199 159 244 124 118 237 243 122 110 244  10
191 196 203 166 260 124 134 237 250 131 120 15000  11
Chip#2
150 29 0 0 118 98 109 170 35 79 43 0  0
155 25 0 0 120 93 105 171 34 74 43 0  1
103 30 0 0 118 93 108 172 37 81 47 0  2
155 32 0 0 143 94 107 169 54 97 45 0  3
103 35 0 0 141 102 114 174 66 105 49 0  4
157 36 0 0 127 102 113 176 38 84 49 0  5
103 39 0 0 128 102 110 178 43 89 53 0  6
155 32 0 0 133 93 106 168 43 81 45 0  7
103 31 0 0 151 103 105 173 61 98 45 0  8
103 35 0 0 130 100 105 172 42 85 46 0  9
155 33 0 0 122 95 110 172 40 80 43 0  10
168 41 0 0 130 102 113 174 47 93 53 15000  11
