
Chip#1
116 118 107 106 106 110 99 104 106 104 116 117  0
124 113 102 105 105 107 99 101 102 112 111 113  1
108 106 106 103 104 115 104 105 108 107 110 113  2
104 109 618 509 107 720 581 106 671 504 105 107  3
115 117 660 567 113 523 390 112 456 337 111 113  4
105 105 105 103 101 107 100 101 100 105 102 101  5
111 106 513 513 109 139 133 106 132 129 106 105  6
107 105 458 456 107 132 128 106 116 117 109 109  7
107 107 103 109 105 107 100 101 101 105 109 105  8
107 106 102 111 102 140 137 101 135 133 105 107  9
115 109 109 129 107 131 125 102 118 128 110 111  10
109 106 103 105 105 106 102 100 104 105 108 15000  11
Chip#2
109 99 103 101 111 107 116 106 105 105 108 110  0
108 103 106 108 107 114 115 106 102 106 110 109  1
108 103 102 104 113 110 117 106 108 101 106 105  2
111 106 98 105 111 194 168 105 126 124 110 109  3
109 105 106 108 114 165 145 105 123 120 111 110  4
102 99 103 102 111 105 113 99 100 102 103 102  5
102 103 291 216 110 131 127 102 129 122 110 104  6
108 106 247 183 113 121 125 105 117 117 106 106  7
108 103 103 105 111 110 113 102 105 103 100 105  8
108 110 362 292 117 395 321 106 314 273 112 108  9
112 111 316 235 115 316 253 106 253 239 110 110  10
117 109 109 108 117 117 117 109 106 110 114 15000  11
