
Chip#1
158 131 112 106 97 101 101 103 104 105 120 141  0
145 108 117 112 103 112 112 115 118 108 114 119  1
110 108 118 129 114 109 109 119 122 107 112 100  2
119 108 302 129 1450 124 122 2899 3262 126 114 106  3
114 108 164 3888 175 128 131 1918 2389 123 124 105  4
115 108 121 125 122 122 122 123 124 116 112 103  5
113 108 114 117 116 112 120 120 119 115 116 96  6
108 108 123 2189 734 115 117 1452 2417 118 112 100  7
114 108 241 2189 2344 123 127 1452 2417 127 121 109  8
110 108 122 214 120 119 125 282 263 121 114 98  9
132 109 112 112 108 112 117 114 118 111 113 116  10
199 123 119 116 113 120 123 119 119 121 136 15000  11
Chip#2
122 110 115 106 89 113 116 100 114 109 109 118  0
108 102 108 99 89 104 110 99 109 103 104 108  1
110 104 111 102 89 108 111 99 110 104 104 108  2
107 101 106 120 787 174 111 99 302 337 100 105  3
111 104 110 157 734 171 113 100 404 521 113 108  4
112 105 121 110 89 114 121 100 117 111 114 113  5
111 105 111 109 89 106 113 99 114 110 109 105  6
106 108 117 107 255 112 113 102 254 161 110 104  7
112 109 112 125 541 237 117 100 783 602 112 111  8
114 107 115 108 219 110 119 101 184 176 113 111  9
121 106 115 106 73 111 111 91 114 109 109 114  10
126 114 115 109 89 110 116 91 118 107 110 15000  11
