
Chip#1
379 379 303 416 391 363 363 333 317 297 308 363  0
379 379 294 413 389 347 363 330 314 290 306 347  1
363 363 293 413 388 363 363 330 317 291 296 347  2
363 379 891 814 391 988 867 339 974 744 302 347  3
363 363 941 907 392 732 697 335 721 544 301 347  4
363 363 296 414 388 363 363 334 312 292 302 347  5
363 379 765 820 391 395 423 335 338 316 302 347  6
363 379 724 762 391 395 415 329 327 304 302 347  7
363 363 300 418 390 363 363 334 316 291 304 347  8
379 379 300 419 394 453 430 334 363 324 302 347  9
363 363 297 420 390 379 415 334 330 309 304 347  10
379 379 302 422 393 363 363 340 319 298 305 15000  11
Chip#2
395 449 299 392 394 295 287 448 347 408 329 293  0
395 448 302 392 391 297 286 450 347 411 332 295  1
395 448 302 393 393 298 287 452 347 409 331 295  2
395 448 297 390 391 389 298 452 363 413 331 287  3
460 450 302 397 396 387 347 454 363 412 334 292  4
395 447 302 391 390 296 285 447 347 405 327 291  5
460 450 379 423 394 305 292 450 363 414 331 290  6
395 449 363 415 393 299 288 453 363 413 329 293  7
458 446 300 394 394 298 287 452 363 411 328 292  8
459 452 455 449 396 455 409 454 427 454 331 295  9
461 453 444 432 397 431 393 453 411 448 335 296  10
456 443 299 387 391 296 347 450 347 408 330 15000  11
