
Chip#1
122 122 116 129 107 115 107 109 110 115 125 122  0
124 117 110 129 109 112 102 105 110 108 116 117  1
117 121 116 129 113 120 111 112 116 119 114 112  2
112 113 627 511 105 736 584 108 680 507 110 101  3
112 118 662 568 115 522 389 108 463 338 115 113  4
108 113 109 129 102 111 97 102 106 105 106 100  5
115 116 524 522 110 139 131 106 133 132 110 111  6
111 113 484 461 106 135 125 106 124 119 114 108  7
112 116 116 129 111 116 108 110 112 113 120 113  8
108 109 110 129 107 141 130 102 141 134 110 107  9
115 116 113 129 106 132 120 108 126 125 115 111  10
113 117 110 113 110 116 104 108 110 110 112 15000  11
Chip#2
112 106 105 104 111 111 116 102 106 107 107 110  0
114 111 105 108 115 114 116 104 106 110 108 109  1
111 113 103 106 115 112 117 104 108 106 107 111  2
119 114 109 109 127 176 163 111 126 126 112 114  3
107 106 100 102 108 145 139 98 108 112 107 106  4
112 111 105 105 116 117 117 101 103 106 107 114  5
112 115 262 205 114 133 129 104 126 122 111 111  6
108 110 218 169 117 119 124 99 113 117 110 106  7
114 110 106 106 117 117 120 104 103 113 104 110  8
115 113 319 262 118 350 290 108 281 249 106 111  9
115 115 283 215 120 283 230 106 222 224 113 114  10
119 114 111 108 124 118 124 108 109 113 117 15000  11
