
Chip#1
105 110 104 97 107 101 99 102 102 105 105 107  0
106 112 105 94 104 102 96 106 105 105 106 110  1
97 106 158 145 103 139 160 103 140 171 103 103  2
107 132 782 793 124 732 973 133 726 954 134 107  3
110 121 494 535 112 476 629 122 518 646 121 105  4
109 114 143 140 105 115 121 107 118 127 102 103  5
105 119 664 716 109 113 111 106 109 116 101 103  6
105 118 574 609 114 106 108 102 109 114 103 107  7
110 118 127 120 112 104 106 108 109 112 105 110  8
113 119 110 108 112 119 119 110 113 120 114 115  9
110 113 113 104 111 112 115 113 113 116 113 111  10
107 113 105 97 108 104 103 104 105 112 109 106  11
Chip#2
108 113 113 114 113 109 99 105 107 113 116 115  0
104 115 111 112 110 108 102 107 117 110 116 115  1
103 110 111 109 113 108 97 108 108 113 111 112  2
105 117 118 106 116 119 102 107 121 118 114 113  3
99 107 112 107 120 119 97 110 116 107 107 107  4
103 142 144 112 116 117 104 112 113 117 112 113  5
112 959 1111 125 119 117 99 112 113 115 109 113  6
108 1122 1296 124 117 121 94 116 121 104 104 107  7
105 182 197 115 153 141 102 131 134 117 111 116  8
113 880 1031 129 799 926 112 750 785 121 109 115  9
124 1237 1345 146 1433 1580 126 1310 1535 132 108 113  10
115 182 187 119 217 218 104 231 230 118 112 111  11
Chip#3
107 106 116 111 106 102 111 112 95 106 108 125  0
103 89 194 166 97 181 174 106 154 189 105 117  1
101 145 693 631 158 681 654 138 552 697 163 117  2
107 121 523 489 128 516 466 121 437 504 128 114  3
96 88 107 102 96 95 104 102 121 139 99 109  4
103 100 116 109 111 110 115 129 590 723 157 119  5
101 93 113 103 99 101 107 116 526 622 132 115  6
95 94 103 99 100 95 104 100 95 109 100 107  7
97 90 108 101 103 98 101 108 91 97 100 110  8
101 94 112 103 103 98 103 109 94 98 103 115  9
112 103 115 105 109 102 109 116 101 103 107 123  10
111 104 113 105 111 101 111 116 99 105 108 117  11
Chip#4
99 106 100 102 113 102 100 104 103 106 100 112  0
99 110 108 108 110 106 103 102 107 108 99 111  1
99 103 104 180 186 105 175 177 109 171 178 109  2
99 103 156 2414 2137 155 2315 2337 152 1973 2246 161  3
99 96 124 1641 1578 131 1540 1586 130 1613 1695 140  4
99 100 102 161 148 111 107 113 106 115 110 109  5
98 103 168 2372 1784 116 114 117 111 118 110 117  6
99 105 154 1972 1472 120 110 111 110 110 110 112  7
99 97 100 119 122 106 103 102 105 104 99 107  8
99 93 99 105 115 102 108 111 109 106 102 107  9
99 103 99 111 115 110 110 111 111 111 102 112  10
99 99 100 105 115 106 106 108 105 108 104 110  11
