
Chip#1
115 106 104 104 101 105 106 108 106 103 97 110  0
95 89 138 165 100 124 178 98 103 159 91 89  1
93 90 619 825 105 578 1123 141 371 990 189 89  2
104 104 237 325 112 269 480 119 235 527 135 106  3
97 97 97 96 101 100 100 98 106 107 90 95  4
102 97 123 131 101 116 124 105 286 606 135 95  5
98 100 108 115 104 110 117 107 235 478 123 101  6
98 99 100 98 100 95 101 98 100 96 97 94  7
98 104 115 121 102 112 121 104 108 99 100 94  8
101 88 110 113 96 108 114 102 102 93 91 95  9
99 99 102 103 100 95 102 102 106 101 96 101  10
104 104 104 102 105 105 106 107 104 103 102 15000  11
Chip#2
106 103 106 105 105 102 102 99 98 104 99 105  0
109 109 107 104 104 102 105 99 100 102 100 104  1
102 101 99 98 101 98 100 100 99 101 104 105  2
106 104 120 291 173 109 325 243 106 246 275 106  3
103 101 135 425 259 113 412 317 102 273 297 111  4
101 98 99 128 111 99 111 109 94 101 104 99  5
101 104 107 172 138 103 107 106 100 105 110 104  6
105 110 133 369 255 109 117 116 107 115 119 106  7
102 103 103 145 123 102 101 100 94 98 100 100  8
104 100 104 103 105 99 99 106 99 99 107 106  9
106 106 107 107 108 108 112 116 100 111 119 108  10
97 99 103 99 100 99 95 97 94 98 101 15000  11
