
Chip#1
132 117 108 117 121 111 126 125 110 107 131 101  0
159 157 124 180 191 135 358 355 129 122 131 106  1
147 148 114 169 183 131 348 343 123 118 131 99  2
132 119 101 113 116 106 142 159 104 109 106 98  3
207 196 129 139 135 128 385 394 136 123 131 108  4
180 196 110 122 126 124 379 388 133 115 112 96  5
119 122 110 121 115 119 149 141 109 110 104 99  6
194 187 125 132 125 137 401 371 127 123 131 102  7
176 187 117 129 128 136 393 364 121 129 131 108  8
132 124 106 111 106 111 161 159 101 107 104 98  9
193 188 122 119 122 145 431 363 119 141 131 101  10
182 188 117 119 121 141 417 360 122 145 147 15000  11
Chip#2
112 103 106 99 99 100 102 97 94 108 104 110  0
112 114 109 104 115 105 238 245 94 109 102 109  1
128 121 109 111 127 105 416 392 94 111 104 105  2
128 108 104 100 109 108 127 121 94 107 100 112  3
128 121 103 100 109 106 278 301 94 111 105 109  4
128 130 107 104 118 110 297 324 94 108 106 109  5
128 108 110 104 110 113 120 109 94 104 100 110  6
112 119 104 100 103 97 260 282 94 106 102 98  7
128 120 109 108 113 109 212 222 94 109 110 107  8
112 107 108 103 104 111 133 135 94 113 106 110  9
112 131 112 99 106 105 461 525 94 111 105 107  10
128 121 109 98 110 105 226 267 94 108 106 15000  11
