
Chip#1
115 117 107 117 118 108 132 179 103 99 107 98  0
162 179 120 184 193 138 445 459 135 113 131 93  1
150 179 122 184 199 141 434 438 164 122 131 101  2
119 129 108 121 118 113 152 159 107 104 112 96  3
218 212 125 135 132 122 472 493 164 114 131 100  4
190 196 124 133 136 127 461 490 142 124 131 101  5
117 130 108 113 113 113 158 159 106 100 102 99  6
208 203 128 128 131 139 523 492 136 128 147 101  7
183 174 122 129 125 133 487 465 129 132 147 103  8
139 137 114 117 114 117 181 175 104 115 115 102  9
211 211 133 124 126 168 527 453 121 150 163 102  10
184 179 119 122 122 146 487 433 123 146 147 15000  11
Chip#2
112 102 102 95 103 97 101 98 99 101 102 105  0
90 117 108 109 119 107 295 314 99 112 105 111  1
112 130 113 116 135 111 578 558 99 109 109 112  2
112 114 112 108 113 111 136 137 99 111 109 115  3
112 126 108 99 114 108 330 395 99 114 106 108  4
112 139 112 105 120 113 385 434 99 107 102 112  5
112 110 112 109 111 106 115 112 99 107 105 114  6
112 121 104 102 111 102 322 359 99 107 102 108  7
86 120 107 100 109 100 245 263 99 102 100 100  8
112 107 103 98 99 100 128 137 99 101 92 109  9
128 136 113 98 108 104 567 674 100 117 104 105  10
112 123 108 100 105 94 257 320 99 105 97 15000  11
