
Chip#1
73 176 150 6 36 92 38 149 92 126 170 185  0
25 164 295 252 36 236 470 101 138 457 178 171  1
9 167 1852 2288 52 2780 3910 309 1638 4026 686 168  2
25 162 511 652 36 964 1998 188 698 2475 333 163  3
92 162 150 16 52 108 54 101 106 175 170 169  4
25 159 219 123 36 196 150 101 1121 2779 349 162  5
25 160 182 43 36 124 102 150 749 1950 268 157  6
91 160 148 9 36 92 38 149 92 124 159 156  7
25 165 219 117 36 196 118 101 89 117 159 163  8
9 160 219 62 20 196 102 85 84 117 158 158  9
25 162 146 3 36 92 38 149 84 111 151 160  10
25 165 146 9 20 92 22 85 85 126 159 15000  11
Chip#2
239 191 204 82 36 259 131 137 168 157 150 99  0
239 92 193 70 22 259 120 129 157 145 138 90  1
239 191 192 140 29 259 124 131 160 148 147 92  2
239 191 246 395 150 259 451 302 167 325 363 100  3
239 95 267 613 312 259 451 418 167 335 353 99  4
239 93 202 127 45 259 141 138 166 162 153 100  5
239 91 200 221 94 259 128 141 162 156 156 93  6
239 89 226 478 277 259 133 143 164 157 157 98  7
239 93 198 188 56 259 126 131 166 153 142 94  8
239 191 196 81 34 259 127 137 164 155 154 97  9
239 98 199 77 36 259 135 149 166 163 163 99  10
239 94 195 77 36 259 128 133 163 156 150 15000  11
