
Chip#1
120 109 106 107 105 108 105 104 107 108 112 114  0
117 108 100 106 102 106 99 105 102 107 109 108  1
108 112 106 107 105 111 107 105 107 110 105 111  2
113 107 500 412 110 573 475 112 536 412 112 108  3
106 108 510 442 104 404 314 104 363 268 105 104  4
106 105 101 105 100 104 100 98 101 104 102 100  5
113 110 384 401 105 131 125 109 122 129 106 109  6
112 109 358 362 109 130 124 109 118 122 111 112  7
107 105 105 110 102 110 100 105 106 107 108 107  8
111 106 105 110 101 126 122 104 120 125 105 107  9
108 105 105 111 107 120 115 106 117 119 109 108  10
115 110 109 111 106 113 108 108 105 112 114 15000  11
Chip#2
112 106 106 105 117 112 116 106 104 110 113 111  0
111 109 105 108 117 111 120 108 106 112 112 114  1
111 111 106 105 115 117 121 109 106 110 111 114  2
112 114 109 109 115 222 185 111 138 139 116 117  3
117 111 111 113 118 184 163 115 127 128 116 119  4
107 110 102 106 111 112 115 106 100 106 108 110  5
108 111 350 258 108 135 136 111 135 135 108 106  6
112 113 286 212 115 130 131 111 123 126 113 113  7
118 111 112 113 118 126 129 119 113 120 113 118  8
112 115 446 353 115 482 383 108 371 322 107 114  9
109 113 372 270 111 369 298 105 293 278 106 111  10
124 114 117 110 120 117 125 118 110 114 122 15000  11
