
Chip#1
112 106 99 103 100 102 99 96 100 104 110 108  0
122 112 109 111 104 112 107 106 106 113 111 117  1
116 107 110 129 107 113 105 105 108 118 110 111  2
109 102 581 481 105 677 544 105 625 471 101 103  3
105 109 612 527 105 480 359 104 430 314 106 104  4
107 109 106 107 102 110 99 102 104 107 108 104  5
107 106 465 485 102 132 126 104 126 127 108 107  6
104 108 435 431 101 127 120 104 116 114 105 100  7
113 113 113 129 109 108 105 109 107 110 111 111  8
111 109 109 129 106 139 131 105 133 134 108 107  9
111 107 106 114 107 130 121 105 120 127 111 109  10
115 117 111 129 111 120 109 108 113 113 118 15000  11
Chip#2
98 99 102 98 104 108 109 99 98 103 100 104  0
107 95 98 104 107 107 112 99 97 101 102 105  1
102 101 100 102 105 105 113 101 97 102 104 105  2
104 103 98 100 105 154 142 97 110 114 100 101  3
101 99 102 104 105 140 131 101 109 109 104 104  4
108 106 108 106 107 111 117 105 103 106 110 108  5
102 103 220 174 107 124 120 104 113 114 102 105  6
98 99 182 147 104 114 113 95 104 106 99 98  7
102 102 105 104 108 111 112 105 102 103 102 105  8
109 101 267 216 113 289 236 102 233 209 106 101  9
105 99 227 177 104 236 194 105 187 178 99 104  10
102 97 97 101 104 104 107 101 96 99 103 15000  11
