
Chip#1
111 114 110 143 110 112 103 106 105 112 115 116  0
105 116 100 143 106 110 98 102 101 110 108 108  1
108 117 109 143 110 116 110 113 107 113 112 113  2
111 111 127 143 107 136 121 106 122 127 111 112  3
107 118 132 143 107 132 116 110 114 122 116 114  4
112 118 109 143 111 117 110 108 105 114 115 117  5
111 116 127 143 110 116 110 108 106 110 110 116  6
108 116 119 143 110 115 107 104 105 109 111 113  7
108 110 102 143 110 112 104 108 106 110 108 112  8
104 105 100 105 102 108 99 97 93 102 100 108  9
109 113 107 129 105 116 104 109 102 109 110 114  10
108 109 103 109 105 108 100 105 100 105 108 15000  11
Chip#2
105 102 102 102 108 111 119 101 101 107 107 104  0
104 105 102 101 113 112 120 98 101 110 107 106  1
104 106 102 100 107 110 116 99 98 107 104 100  2
101 101 99 96 105 108 115 93 93 105 103 102  3
104 105 106 100 110 108 119 97 101 106 103 102  4
104 103 100 100 103 104 113 98 97 103 102 98  5
99 101 102 102 107 107 113 101 98 103 102 100  6
107 106 103 100 110 107 119 104 100 107 108 106  7
104 102 100 98 108 107 115 100 96 102 103 102  8
105 106 105 105 108 115 120 98 98 105 104 105  9
102 102 103 104 104 110 116 99 101 106 102 102  10
99 99 100 94 107 108 112 100 98 102 99 15000  11
