
Chip#1
117 115 115 116 122 113 126 125 110 113 110 103  0
158 153 120 172 181 127 321 331 127 119 120 103  1
151 139 115 167 179 128 316 321 126 118 131 100  2
118 117 106 113 117 109 140 137 108 108 106 101  3
195 178 119 128 126 123 347 350 128 118 131 102  4
180 178 120 130 130 125 355 363 129 121 131 105  5
132 112 109 115 111 111 151 159 104 112 131 105  6
187 172 121 127 124 130 370 344 122 131 131 103  7
174 154 117 125 121 132 360 333 122 127 147 106  8
134 124 111 116 112 109 153 159 106 115 131 103  9
193 184 125 125 125 149 397 337 121 141 131 109  10
164 152 112 117 112 131 373 328 115 132 131 15000  11
Chip#2
112 106 107 102 106 108 106 102 102 106 102 112  0
112 109 98 98 109 100 216 217 102 104 100 102  1
112 115 100 103 118 104 373 357 102 106 102 99  2
128 115 120 112 115 122 130 126 102 117 111 113  3
128 124 114 105 114 114 260 287 102 118 112 112  4
112 125 108 100 114 114 277 296 102 113 108 109  5
128 105 108 98 103 109 111 107 102 108 103 105  6
128 120 106 100 110 109 250 265 102 112 105 108  7
112 118 108 99 109 108 198 206 102 106 105 108  8
128 109 107 104 111 111 132 129 102 107 106 114  9
128 135 116 108 115 114 431 494 94 120 117 112  10
128 120 109 103 110 106 217 256 94 109 109 15000  11
