
Chip#1
102 100 96 102 97 105 102 103 102 99 101 101  0
97 96 99 104 98 105 104 102 101 97 98 98  1
104 100 114 124 102 120 127 103 114 122 102 99  2
99 97 102 110 104 107 115 98 104 113 102 99  3
112 109 127 131 112 123 135 110 112 107 108 110  4
108 106 545 552 112 556 937 130 121 125 107 104  5
106 102 282 294 112 350 566 114 114 121 109 101  6
106 101 120 121 107 111 109 104 109 100 102 102  7
101 106 696 672 102 366 433 108 104 99 103 100  8
104 104 464 417 103 369 434 105 112 101 102 100  9
104 101 103 109 97 108 107 107 102 96 101 101  10
112 102 100 110 104 104 108 102 106 103 105 15000  11
Chip#2
106 106 101 102 106 103 106 103 100 93 101 109  0
104 108 106 105 107 107 105 96 100 101 104 105  1
104 104 105 102 105 108 102 103 96 97 102 106  2
109 111 107 114 113 112 119 114 105 108 115 112  3
103 108 105 120 118 107 114 109 101 107 111 105  4
106 109 106 103 113 108 110 103 99 101 104 108  5
110 112 112 114 114 111 248 246 105 171 221 117  6
106 109 110 119 117 117 483 478 104 248 329 120  7
110 109 110 108 111 111 141 140 102 112 124 109  8
106 110 109 110 112 108 148 166 102 161 266 120  9
113 114 110 113 113 113 283 341 116 289 475 160  10
102 109 106 104 110 108 124 145 104 119 162 15000  11
