
Chip#1
115 117 113 129 106 116 103 106 105 114 116 120  0
113 113 105 111 106 113 106 106 104 109 115 114  1
109 109 105 109 109 116 106 108 113 112 106 111  2
112 117 442 385 114 530 407 112 491 365 114 112  3
117 120 458 412 114 388 296 112 330 247 118 114  4
112 116 115 129 111 116 108 110 112 113 116 113  5
107 109 349 361 111 134 122 110 125 124 112 112  6
105 109 326 320 106 127 116 112 114 118 106 111  7
107 110 106 129 110 115 105 105 105 107 108 112  8
107 105 106 129 106 132 121 101 120 123 108 111  9
117 113 113 129 110 129 119 110 118 124 112 113  10
109 114 114 129 110 117 106 108 110 114 114 15000  11
Chip#2
105 103 103 104 108 111 116 101 101 106 107 109  0
104 103 100 101 105 110 116 97 96 107 103 104  1
105 103 106 105 111 111 119 101 100 107 102 108  2
107 106 106 108 111 134 135 98 114 113 107 106  3
114 110 114 110 117 131 133 108 112 116 110 114  4
96 98 102 104 104 100 113 92 94 102 103 100  5
94 97 152 132 103 110 111 94 103 103 96 102  6
108 111 150 132 108 115 121 101 105 112 108 109  7
107 103 106 108 110 111 120 101 103 106 103 106  8
101 101 188 161 110 205 185 99 165 155 103 101  9
101 105 176 148 104 180 163 97 148 147 104 110  10
109 103 106 105 108 110 116 99 102 112 107 15000  11
