
Chip#1
104 98 100 105 100 99 102 100 99 100 96 92  0
132 119 116 128 128 115 175 177 113 108 111 105  1
132 114 110 125 131 114 173 177 112 107 131 99  2
110 106 107 110 113 107 114 112 103 109 102 100  3
124 122 110 109 111 108 174 179 106 105 104 101  4
132 116 109 115 107 107 173 176 107 107 131 97  5
108 109 111 111 108 109 116 112 107 107 105 100  6
132 117 111 111 103 108 175 175 109 108 102 95  7
134 117 108 111 106 108 174 175 106 110 131 94  8
109 104 108 110 106 107 116 112 102 107 102 100  9
135 127 115 111 109 115 179 175 108 113 110 103  10
112 115 105 105 105 107 173 159 100 108 105 15000  11
Chip#2
112 98 97 92 91 97 91 89 72 100 98 100  0
112 104 103 93 104 100 136 136 72 104 96 103  1
128 111 107 103 108 108 188 194 102 112 103 109  2
112 104 102 95 99 103 103 102 102 102 97 103  3
112 112 110 105 105 109 148 154 102 108 103 109  4
128 114 108 97 106 110 156 178 102 113 105 108  5
112 102 106 97 105 104 102 101 102 105 105 109  6
112 104 107 98 101 102 144 139 102 105 98 104  7
112 111 114 102 106 109 130 126 102 106 103 113  8
128 108 106 102 104 106 110 108 102 106 105 109  9
112 114 104 99 106 108 189 194 102 111 106 108  10
128 102 103 87 95 93 128 129 102 98 97 15000  11
