
Chip#1
109 102 101 102 101 104 100 100 97 108 111 112  0
122 106 107 129 105 108 103 109 105 109 110 112  1
115 107 111 129 105 112 109 108 109 114 112 112  2
115 108 559 464 102 655 528 110 611 458 110 107  3
107 105 589 507 101 464 351 104 408 303 106 103  4
107 101 102 105 100 107 99 104 97 104 101 103  5
103 105 450 464 101 135 126 105 124 124 102 103  6
106 104 417 412 101 126 117 100 112 115 102 101  7
109 106 107 129 107 111 105 106 104 107 106 109  8
115 103 106 113 106 143 135 106 135 134 106 108  9
109 101 102 107 104 124 120 102 114 123 106 105  10
103 102 98 101 98 104 96 97 100 103 102 15000  11
Chip#2
104 97 105 101 105 107 108 101 98 101 102 105  0
108 103 102 105 107 111 115 104 100 102 103 109  1
102 98 102 101 105 108 111 104 97 97 100 108  2
108 101 99 104 111 151 135 98 110 112 102 109  3
98 97 98 96 107 131 125 101 104 103 102 104  4
102 95 103 100 107 103 107 91 96 99 98 100  5
101 101 202 164 114 120 119 102 117 116 106 106  6
99 102 176 140 107 111 112 102 102 105 103 106  7
102 99 97 104 111 110 111 104 101 106 102 109  8
102 99 249 205 105 268 222 99 222 200 96 105  9
104 99 218 168 107 216 184 99 175 171 104 105  10
111 101 103 104 110 108 112 105 102 107 107 15000  11
