
Chip#1
121 125 117 129 106 115 107 113 109 117 122 124  0
126 117 116 129 111 115 105 109 110 113 116 117  1
113 110 111 110 101 117 103 105 110 112 112 107  2
112 114 635 517 110 736 582 116 686 511 115 113  3
111 113 665 568 113 522 385 112 461 340 115 111  4
113 112 120 129 107 117 105 112 113 113 114 109  5
111 114 520 516 111 144 128 109 129 128 109 111  6
111 113 489 465 111 135 126 112 126 122 110 111  7
112 117 117 129 111 116 108 113 114 112 118 113  8
112 110 113 114 107 143 133 105 133 135 109 108  9
113 118 115 129 106 131 119 105 118 128 115 112  10
117 117 116 129 114 118 111 112 110 109 120 15000  11
Chip#2
109 105 102 104 113 108 112 104 100 105 108 110  0
115 107 100 105 113 114 117 104 102 107 113 111  1
114 109 105 108 114 118 116 104 103 109 110 110  2
115 110 102 108 118 174 155 104 125 124 112 111  3
112 109 105 104 115 147 137 105 110 118 108 110  4
114 114 106 112 118 115 115 104 103 112 113 114  5
117 114 275 210 123 133 132 111 126 124 116 115  6
112 111 228 173 117 126 131 108 117 116 116 111  7
112 111 106 109 117 114 112 102 103 110 108 109  8
114 115 336 270 115 367 300 104 288 254 110 109  9
117 118 291 219 124 296 239 108 240 230 112 114  10
121 113 109 104 118 118 113 108 103 109 114 15000  11
