
Chip#1
107 110 105 109 105 111 105 105 104 109 108 111  0
112 107 106 109 109 108 103 106 104 109 108 109  1
109 110 102 109 109 113 105 104 101 107 106 105  2
104 106 101 107 101 110 104 100 100 100 102 107  3
104 110 98 129 102 110 103 102 105 107 106 104  4
96 97 94 98 97 103 98 96 94 99 94 100  5
108 107 103 107 106 111 102 108 100 107 105 109  6
109 109 105 129 106 110 103 106 104 103 105 105  7
105 102 99 129 97 103 96 95 101 102 101 103  8
107 106 98 129 100 104 102 98 102 103 104 107  9
105 103 99 105 98 104 99 101 97 102 102 104  10
100 103 98 107 100 106 104 100 101 102 101 15000  11
Chip#2
108 99 102 102 105 108 115 101 103 107 108 109  0
105 97 102 101 101 103 111 94 98 102 107 101  1
105 102 103 105 107 108 111 102 101 106 107 106  2
101 99 100 101 100 105 112 98 97 105 104 102  3
104 99 103 102 101 107 111 99 96 105 107 102  4
104 105 111 102 105 110 116 101 100 107 110 104  5
105 102 108 105 108 108 119 99 101 106 111 108  6
101 101 99 97 104 104 111 99 97 102 102 102  7
104 102 106 104 107 112 116 101 101 112 111 108  8
107 101 106 98 105 108 117 102 98 106 107 104  9
101 99 102 96 98 107 112 99 94 103 103 104  10
98 97 103 96 100 104 111 101 96 102 102 15000  11
