
Chip#1
92 68 37 173 0 126 111 21 85 52 75 0  0
90 52 30 173 0 110 109 20 25 47 72 0  1
159 52 37 173 8 126 121 38 101 57 78 0  2
89 52 294 404 0 446 360 27 322 252 75 0  3
90 52 305 436 0 334 256 30 205 170 79 0  4
85 52 34 196 0 110 110 21 85 48 69 0  5
90 0 207 372 0 126 131 30 49 68 72 0  6
84 52 186 356 0 126 125 25 39 57 67 0  7
86 0 32 196 0 110 106 20 85 44 71 0  8
90 52 36 196 0 142 138 25 117 71 75 0  9
81 52 23 196 0 126 116 17 37 55 63 0  10
88 52 36 180 0 110 111 25 27 45 69 15000  11
Chip#2
263 319 261 286 114 160 148 181 258 181 186 223  0
268 326 261 288 114 162 148 183 260 185 189 232  1
265 320 261 289 114 160 148 182 262 187 186 223  2
266 325 261 290 114 244 148 183 288 206 188 223  3
266 323 261 284 114 213 148 180 277 200 186 223  4
264 322 261 291 114 163 148 179 263 187 191 207  5
268 324 428 373 114 187 148 181 286 206 189 223  6
265 323 380 345 114 174 148 184 277 200 189 223  7
261 320 261 289 114 160 148 175 255 185 182 207  8
268 322 476 428 114 424 331 179 415 372 186 207  9
266 325 460 382 114 332 197 182 374 356 191 223  10
272 321 261 292 114 163 148 182 263 187 194 15000  11

Chip#1
89 0 32 180 0 94 106 15 23 47 73 0  0
94 52 28 180 0 110 107 15 26 45 72 0  1
89 52 32 196 0 126 116 23 85 42 67 0  2
87 0 289 388 0 430 356 21 308 240 68 0  3
83 0 294 420 0 318 242 23 190 153 67 0  4
86 0 31 180 0 110 107 18 85 44 65 0  5
86 52 207 372 0 142 128 22 51 63 69 0  6
90 0 195 356 0 126 124 22 39 54 71 0  7
88 52 39 196 0 110 113 24 85 47 69 0  8
86 52 31 180 0 126 126 17 49 66 69 0  9
85 52 28 180 0 126 118 16 85 54 71 0  10
88 0 30 196 0 110 109 18 85 41 64 15000  11
Chip#2
264 321 261 288 114 163 148 179 259 188 190 223  0
265 319 261 288 114 161 148 182 258 187 189 223  1
262 319 261 286 114 161 148 183 263 186 190 223  2
264 322 261 285 114 243 148 181 284 204 190 207  3
264 318 261 288 114 211 148 184 276 195 190 223  4
261 323 261 288 114 164 148 179 254 186 188 207  5
261 321 428 368 114 181 148 183 282 209 188 207  6
262 325 380 344 114 176 148 183 273 200 191 223  7
265 321 261 293 114 166 148 186 262 192 189 223  8
262 322 492 426 114 422 331 181 415 388 190 207  9
260 321 444 381 114 327 192 182 365 356 190 223  10
268 320 261 288 114 160 148 186 263 189 194 15000  11
