
Chip#1
99 100 105 140 164 105 97 95 96 98 96 93  0
106 106 126 548 619 184 112 107 102 105 105 98  1
102 102 120 502 608 184 109 108 102 99 105 98  2
106 98 107 188 212 111 106 103 102 103 105 96  3
111 113 142 576 584 168 112 110 103 107 111 102  4
108 107 125 454 487 136 116 106 106 108 106 96  5
197 203 111 117 122 106 103 95 100 98 97 98  6
667 684 196 115 114 104 106 105 104 112 106 98  7
511 529 154 113 117 111 111 108 108 114 131 102  8
212 237 117 106 106 106 105 101 104 101 104 99  9
558 601 194 112 108 108 106 101 103 110 106 99  10
429 447 140 107 108 106 107 102 107 112 112 15000  11
Chip#2
112 102 102 99 105 98 96 98 100 106 100 108  0
112 111 106 319 471 116 103 103 99 107 104 108  1
112 108 104 571 860 132 103 103 99 104 105 105  2
112 113 109 130 168 109 102 103 99 108 99 109  3
112 108 104 384 591 115 109 102 99 109 102 104  4
112 106 102 466 720 120 102 101 99 102 97 99  5
112 125 108 110 111 106 110 101 100 107 105 109  6
337 890 217 108 111 109 112 108 99 111 109 113  7
297 772 179 103 104 97 100 102 99 104 98 103  8
112 165 109 104 103 102 107 98 99 101 100 103  9
297 867 253 103 106 100 106 108 99 108 104 110  10
202 499 163 94 98 92 97 90 99 101 97 15000  11
