
Chip#1
108 110 107 129 107 112 103 109 107 112 114 116  0
108 110 110 129 109 112 104 108 106 109 112 113  1
105 107 109 107 109 111 104 105 105 112 109 116  2
112 112 115 129 114 113 111 112 110 113 112 114  3
113 114 110 129 110 113 109 108 110 109 109 118  4
107 109 106 129 106 108 103 104 104 109 106 107  5
116 117 115 129 111 117 114 112 110 115 111 118  6
115 107 114 129 109 110 104 108 107 107 114 113  7
111 107 107 129 111 116 107 105 106 107 109 112  8
107 109 106 129 105 104 102 104 102 108 106 109  9
112 114 109 129 107 111 103 110 109 115 112 117  10
121 117 115 129 115 122 111 112 112 113 119 15000  11
Chip#2
102 101 102 100 107 103 112 101 100 105 107 106  0
111 103 100 102 111 112 112 99 104 109 108 109  1
111 107 106 108 111 108 115 105 105 113 110 109  2
108 109 106 102 113 111 115 106 104 109 111 113  3
112 105 108 106 110 112 120 102 106 112 111 109  4
111 105 103 104 108 105 117 94 103 107 108 104  5
108 106 105 104 113 111 121 105 108 110 112 111  6
118 111 108 105 117 119 123 109 109 116 114 117  7
105 105 100 97 108 105 112 99 102 103 104 109  8
108 99 103 100 104 108 115 98 100 105 106 106  9
112 105 105 102 111 112 120 105 105 112 107 113  10
108 103 109 108 113 112 119 101 105 112 110 15000  11
