
Chip#1
25 153 139 0 20 92 38 69 81 109 156 164  0
9 155 199 70 20 124 150 69 98 213 164 159  1
9 153 639 680 36 780 1486 209 521 1492 318 159  2
9 144 219 176 20 300 534 69 265 729 203 150  3
9 147 144 0 20 92 38 69 81 115 152 151  4
9 157 165 17 20 92 54 69 366 859 217 160  5
9 145 144 0 4 92 38 69 268 650 180 146  6
9 149 146 0 20 76 38 69 82 114 155 151  7
0 153 163 13 4 92 38 69 81 105 154 156  8
0 148 154 0 4 92 38 69 76 105 152 154  9
9 153 142 0 4 76 38 69 80 108 150 150  10
9 146 140 0 20 92 38 69 78 108 154 15000  11
Chip#2
239 89 190 72 26 259 114 120 155 143 136 87  0
239 95 197 79 39 259 125 128 161 152 146 94  1
239 90 195 79 29 259 123 127 159 151 142 93  2
239 94 215 261 98 259 219 214 162 264 203 98  3
239 94 255 367 169 259 267 222 167 273 203 98  4
239 95 200 105 43 259 132 135 162 155 147 97  5
239 92 200 188 68 259 125 131 159 153 147 90  6
239 83 209 294 147 259 123 128 157 147 146 88  7
239 98 203 172 55 259 131 133 166 154 148 95  8
239 89 196 140 38 259 125 133 162 153 147 95  9
239 98 203 89 40 259 133 140 166 159 161 100  10
239 89 199 140 34 259 126 127 159 153 145 15000  11
