
Chip#1
111 109 109 110 102 107 114 105 112 103 108 108  0
104 97 106 110 102 107 112 103 112 101 108 106  1
101 97 104 107 98 103 108 100 104 100 103 104  2
105 97 102 108 105 108 114 101 108 101 107 110  3
109 104 102 106 102 104 116 101 109 97 107 108  4
108 105 106 112 103 104 116 104 111 101 103 107  5
109 112 111 110 109 114 121 110 114 108 111 111  6
105 104 105 101 102 106 112 101 108 93 106 105  7
104 104 108 109 103 105 109 101 107 100 106 107  8
105 99 103 102 100 105 109 96 103 90 97 101  9
104 100 100 102 100 103 107 95 104 93 105 102  10
104 99 105 104 102 104 108 101 108 93 105 15000  11
Chip#2
111 109 114 115 116 116 113 107 108 109 105 111  0
100 104 103 103 107 106 107 99 101 102 101 104  1
111 113 111 110 112 112 113 111 105 107 110 117  2
107 104 106 105 108 109 108 102 102 101 105 101  3
105 110 115 110 113 114 112 107 106 108 106 111  4
106 108 109 108 112 113 110 105 102 105 106 112  5
109 105 111 108 115 113 110 107 105 105 106 108  6
107 109 112 109 108 111 108 112 105 108 109 110  7
109 103 107 107 110 108 107 106 105 103 107 108  8
105 109 110 107 108 108 110 103 104 105 104 105  9
105 105 107 109 110 112 111 105 105 107 104 109  10
105 106 106 103 110 109 105 105 100 103 102 15000  11
