
Chip#1
132 107 112 156 181 114 107 108 107 109 131 101  0
147 131 152 645 716 207 138 132 123 132 131 114  1
133 119 139 595 701 201 131 122 116 126 131 101  2
132 108 112 210 234 116 111 110 107 118 131 103  3
135 110 154 673 676 184 122 120 110 118 131 103  4
133 117 139 551 583 168 122 119 113 122 131 105  5
214 219 121 127 128 111 107 107 108 112 102 99  6
780 792 219 128 126 122 127 122 116 134 147 106  7
606 607 162 117 118 114 115 110 108 122 131 102  8
237 265 122 115 112 114 112 107 113 114 110 105  9
659 691 216 121 124 115 124 116 110 129 131 105  10
520 528 154 123 125 115 127 116 114 138 147 15000  11
Chip#2
131 121 112 121 127 123 114 108 89 115 117 115  0
131 119 118 1297 2116 181 120 115 89 122 120 119  1
130 135 147 2644 2116 295 133 127 100 132 127 122  2
131 130 121 262 451 158 118 116 100 121 122 120  3
131 137 147 1758 2841 205 138 129 97 133 122 118  4
131 142 147 2144 3607 247 144 137 101 135 127 119  5
130 219 147 157 204 158 137 133 112 125 126 124  6
1343 219 691 136 152 158 139 143 109 139 134 122  7
1167 3848 546 129 139 133 136 129 98 126 123 117  8
149 433 163 125 124 131 127 118 98 120 119 117  9
1196 433 915 123 133 119 130 125 100 141 127 115  10
680 2415 435 114 125 119 119 118 97 122 125 15000  11

Chip#1
103 105 108 156 170 105 102 103 100 99 101 95  0
116 117 138 648 715 193 125 126 103 118 116 100  1
113 117 130 606 712 197 127 124 107 121 131 108  2
132 107 115 211 243 119 110 111 109 112 131 108  3
132 108 145 678 684 184 112 116 106 108 131 95  4
132 114 138 560 588 168 121 122 113 119 131 109  5
224 231 121 128 133 115 116 105 106 112 131 103  6
783 796 209 115 113 112 115 109 102 117 131 98  7
622 628 172 124 125 120 127 119 114 129 131 114  8
232 263 116 112 108 107 110 107 103 110 105 99  9
671 693 214 121 118 116 121 115 113 131 147 109  10
519 526 150 115 114 111 116 112 110 127 131 15000  11
Chip#2
112 111 102 113 113 109 103 104 97 105 106 105  0
112 114 113 722 1118 158 112 114 97 114 115 115  1
112 118 114 1373 2157 202 119 113 97 114 116 113  2
112 111 112 179 279 117 106 107 97 107 104 108  3
112 114 110 921 1476 158 121 109 97 112 108 105  4
112 110 104 1128 1848 162 119 109 97 109 108 100  5
128 153 116 128 143 121 116 116 97 107 108 114  6
728 2274 387 118 116 116 112 115 97 115 108 100  7
649 2006 329 112 120 114 118 114 97 114 109 110  8
141 275 147 110 115 116 110 113 97 106 109 113  9
664 2343 519 114 111 109 111 119 97 120 110 110  10
397 1297 269 104 109 108 106 107 97 106 108 10000  11

Chip#1
106 106 107 161 180 114 107 103 106 113 105 103  0
111 120 138 643 717 194 125 120 104 115 131 106  1
132 121 135 606 714 198 127 124 113 119 131 106  2
108 104 112 210 234 109 109 103 103 108 104 101  3
132 119 152 685 687 184 121 118 108 118 131 107  4
132 112 137 555 583 168 117 116 108 114 131 100  5
224 229 119 123 130 112 110 109 109 107 110 107  6
784 802 210 119 115 112 121 108 106 118 131 102  7
617 625 167 124 118 113 119 111 108 124 131 106  8
234 268 119 107 106 107 107 102 101 107 104 99  9
670 696 215 119 115 113 120 115 114 131 131 107  10
519 530 158 119 114 115 119 118 109 126 131 15000  11
Chip#2
144 111 108 111 113 109 102 102 97 106 110 112  0
112 105 109 714 1111 139 110 113 97 109 106 109  1
144 119 122 1371 2155 203 127 120 97 122 121 114  2
112 118 114 179 278 116 112 112 97 118 109 115  3
144 123 114 924 1483 156 123 120 97 115 119 115  4
112 123 114 1129 1850 172 121 118 97 112 112 109  5
112 154 119 126 147 117 115 112 97 109 106 112  6
730 2267 403 113 119 111 118 116 97 117 109 107  7
648 2006 340 120 127 120 123 121 94 118 120 115  8
141 275 122 109 108 111 106 107 94 106 103 105  9
668 2342 525 114 119 114 119 121 94 124 122 112  10
395 1291 270 105 113 104 105 110 94 112 112 10000  11

Chip#1
106 112 112 157 175 109 109 102 104 103 105 100  0
123 126 148 658 722 202 133 130 114 129 131 113  1
132 113 129 597 704 189 119 115 101 115 131 101  2
100 104 106 205 231 111 107 103 97 104 106 103  3
132 119 154 679 682 184 122 119 108 117 131 105  4
110 113 128 551 578 144 115 116 107 109 109 99  5
214 219 112 124 124 111 109 102 102 105 104 98  6
788 804 211 121 114 114 120 111 108 121 131 103  7
613 624 159 122 117 109 116 112 102 118 131 101  8
243 276 124 117 114 111 114 109 109 118 131 108  9
666 690 214 119 113 111 117 116 112 127 131 107  10
516 530 145 112 109 111 115 108 104 119 131 15000  11
Chip#2
112 108 106 107 116 108 102 101 94 108 108 107  0
112 105 107 706 1104 137 105 109 94 112 108 104  1
112 115 114 1355 2140 198 118 113 94 114 114 107  2
112 115 116 180 279 122 114 113 94 113 110 112  3
141 108 109 912 1466 158 107 114 94 112 106 107  4
112 121 116 1119 1848 171 121 125 95 117 109 112  5
141 148 115 126 142 117 111 107 95 107 105 108  6
727 2266 403 116 123 119 116 119 96 117 112 109  7
640 2006 333 110 118 111 115 115 95 114 109 108  8
128 269 124 110 110 109 107 106 95 106 104 109  9
667 2332 517 111 115 111 119 118 96 121 119 113  10
398 1290 275 109 115 110 107 113 95 118 114 10000  11
