
Chip#1
180 196 199 164 260 124 134 237 245 125 115 252  0
173 196 201 164 260 124 118 237 250 124 114 245  1
89 196 199 165 260 124 118 237 247 119 110 244  2
174 196 214 424 401 124 118 389 510 133 115 249  3
167 196 193 256 276 124 118 309 449 122 106 242  4
170 196 197 162 260 124 118 237 245 120 110 243  5
170 196 192 161 260 124 118 237 240 120 105 239  6
183 196 203 272 308 124 134 277 288 131 117 249  7
166 196 200 424 444 124 118 493 459 120 106 238  8
89 196 195 168 244 108 102 237 253 120 108 238  9
178 196 204 168 260 124 118 237 247 128 117 247  10
180 196 196 159 260 124 118 237 244 123 110 15000  11
