
Chip#1
132 124 109 125 124 114 126 129 107 109 131 101  0
186 193 134 210 225 139 377 392 164 136 147 102  1
176 185 135 203 227 168 371 376 164 148 163 107  2
149 138 117 124 130 119 153 175 112 115 131 108  3
246 236 133 152 164 129 385 415 164 128 147 103  4
215 211 126 146 164 131 383 403 133 142 147 107  5
143 138 119 124 122 120 154 175 113 119 131 107  6
230 223 136 144 144 141 431 415 133 142 147 107  7
201 195 126 147 140 138 405 388 129 147 147 109  8
145 144 115 115 114 112 168 159 106 115 111 96  9
233 237 142 145 139 168 438 377 127 170 179 108  10
201 195 121 134 127 137 401 360 121 159 163 15000  11
Chip#2
128 107 103 99 103 104 102 99 98 104 103 109  0
112 118 113 113 123 111 262 277 98 113 110 118  1
128 127 115 121 135 117 474 461 98 117 115 109  2
112 111 108 105 110 114 129 127 98 108 104 114  3
112 123 107 102 113 106 291 328 98 107 102 104  4
112 133 115 105 118 113 322 352 98 109 106 109  5
112 106 107 100 108 114 111 112 98 106 100 107  6
128 125 110 104 111 109 291 319 98 111 106 107  7
112 119 107 98 105 111 221 239 98 102 100 108  8
112 106 108 99 106 109 127 136 98 106 104 112  9
128 136 110 100 106 105 474 546 98 108 110 107  10
128 121 114 104 110 106 231 280 98 108 109 15000  11

Chip#1
115 117 107 116 121 103 125 124 107 108 104 99  0
188 196 138 213 233 168 384 415 164 140 163 106  1
165 185 133 205 226 135 379 381 139 148 147 112  2
143 136 116 124 130 115 151 175 113 121 131 106  3
236 236 129 149 149 123 387 415 132 127 147 98  4
211 213 121 142 149 127 381 399 133 141 131 106  5
139 134 116 121 122 119 158 175 117 119 131 111  6
226 222 130 139 147 137 430 406 133 147 147 107  7
196 191 121 140 144 131 401 383 127 150 147 106  8
141 140 115 112 116 109 167 159 110 119 112 105  9
233 237 135 139 139 168 447 384 127 164 163 107  10
201 198 125 133 133 168 416 366 125 163 163 15000  11
Chip#2
128 109 108 99 100 105 106 101 98 106 100 110  0
112 113 104 107 116 105 263 275 98 109 106 114  1
112 138 119 126 143 114 489 477 98 117 115 116  2
112 111 103 99 101 108 129 126 98 108 97 110  3
128 127 112 110 119 113 302 340 98 114 110 115  4
112 138 112 109 115 115 330 357 98 114 108 108  5
112 113 108 103 105 113 116 113 98 106 104 113  6
112 130 113 105 115 113 303 328 98 112 108 115  7
112 129 113 105 111 111 233 247 98 109 102 110  8
112 113 109 99 109 106 137 137 98 107 108 110  9
128 137 116 102 111 105 522 596 98 115 110 110  10
112 125 107 99 104 105 245 298 98 112 103 15000  11
