
Chip#1
132 110 106 111 118 105 121 123 101 104 104 102  0
162 179 124 180 195 132 368 369 122 115 131 101  1
151 151 117 174 189 133 363 364 126 119 115 101  2
140 125 116 119 124 115 152 159 114 110 131 108  3
206 196 125 130 131 128 395 415 128 118 131 102  4
186 182 121 124 132 127 399 415 128 123 131 105  5
117 119 108 111 112 107 147 144 107 107 101 100  6
200 193 131 134 135 168 425 415 128 131 147 106  7
175 165 119 121 126 131 408 383 125 126 131 99  8
139 134 117 115 118 112 173 159 110 118 131 107  9
202 197 131 123 124 168 453 382 121 147 147 106  10
181 197 119 116 118 145 428 378 120 138 147 15000  11
Chip#2
112 99 101 95 98 99 98 95 94 100 96 103  0
128 115 109 107 119 109 250 257 94 113 109 107  1
128 131 110 120 129 115 452 450 94 112 111 110  2
112 104 101 99 103 103 124 116 94 102 97 102  3
128 126 106 100 111 110 293 325 94 107 102 104  4
128 131 110 105 118 116 330 351 94 113 104 108  5
128 107 108 104 106 113 111 107 94 106 102 108  6
128 125 115 108 114 114 287 308 94 112 108 105  7
112 115 107 103 111 104 222 229 94 107 106 105  8
128 113 110 105 109 113 137 141 94 108 106 112  9
128 130 110 103 110 108 501 574 94 112 110 109  10
128 126 115 108 111 111 243 285 94 117 115 15000  11
