
Chip#1
373 373 291 411 381 372 363 332 311 288 303 347  0
372 372 294 413 388 372 363 335 317 292 305 347  1
372 373 291 417 389 372 363 335 312 291 304 347  2
372 372 382 441 382 375 418 330 363 313 300 347  3
372 373 385 446 385 374 412 334 363 303 303 347  4
372 373 291 410 385 372 390 328 312 285 299 347  5
372 372 363 446 388 372 363 334 315 291 300 347  6
372 372 377 442 386 372 363 329 313 287 297 347  7
372 372 293 413 389 372 363 335 311 289 305 347  8
372 372 285 409 379 372 397 328 310 283 295 347  9
372 372 292 415 386 372 363 335 316 292 303 347  10
372 372 284 405 378 347 335 327 306 281 296 15000  11
Chip#2
411 455 306 391 399 300 295 454 363 409 335 302  0
462 454 303 393 397 298 347 455 363 414 333 301  1
468 461 306 393 400 304 296 457 363 411 336 300  2
411 458 307 392 401 309 301 460 363 415 338 302  3
466 455 306 391 399 306 295 456 379 414 335 302  4
469 457 306 393 399 300 295 457 363 410 336 300  5
469 459 363 416 401 305 298 458 363 413 336 304  6
466 458 327 408 403 304 298 459 363 416 338 299  7
411 454 303 394 400 298 294 458 347 413 334 300  8
463 455 363 412 399 363 363 453 379 428 335 298  9
411 458 363 410 398 386 363 458 379 425 334 302  10
476 460 314 397 405 305 363 459 379 417 363 15000  11

Chip#1
372 372 293 408 387 347 363 330 311 289 302 347  0
372 372 288 408 379 347 339 326 308 278 295 281  1
372 372 290 406 381 363 388 322 308 284 298 283  2
372 372 384 439 384 395 420 329 363 306 298 286  3
372 372 386 447 387 395 411 332 333 303 303 347  4
295 295 290 404 379 347 340 325 308 282 298 284  5
363 363 363 444 385 363 363 331 318 287 301 289  6
363 363 363 441 383 363 363 331 315 287 299 285  7
363 363 285 407 381 347 337 326 310 282 296 280  8
363 363 294 409 385 363 363 329 315 291 298 286  9
363 363 291 408 382 363 363 330 315 288 300 347  10
363 379 295 412 387 363 363 329 311 283 301 15000  11
Chip#2
411 453 307 394 397 300 347 457 363 415 332 298  0
463 452 304 391 395 297 288 454 347 406 334 297  1
460 447 299 391 391 297 290 452 347 409 330 295  2
458 450 300 388 391 303 292 450 347 408 330 293  3
460 453 303 393 393 306 347 455 363 413 333 296  4
463 450 303 392 394 296 289 452 347 410 332 293  5
459 447 363 409 391 296 289 451 347 411 332 296  6
457 452 320 400 393 300 285 453 347 409 330 296  7
411 450 305 392 396 297 290 457 347 407 335 296  8
411 455 363 417 399 363 363 456 379 431 335 298  9
411 453 363 409 397 316 305 454 363 423 333 301  10
411 449 305 388 392 299 347 455 363 410 336 15000  11

Chip#1
363 363 292 410 387 363 363 332 317 291 304 286  0
363 379 290 411 385 363 391 329 311 286 300 284  1
379 363 289 414 384 363 389 333 315 286 299 347  2
363 363 363 436 382 395 415 323 363 304 296 282  3
363 363 380 443 382 379 363 325 329 295 299 282  4
363 363 285 406 381 363 381 324 306 283 291 331  5
363 363 363 441 386 347 346 328 313 285 295 281  6
363 363 363 439 386 363 363 331 312 289 299 285  7
347 347 280 402 377 347 334 323 305 276 293 276  8
363 363 283 404 381 363 390 322 310 278 294 331  9
363 363 286 408 386 363 391 328 312 284 296 284  10
363 363 291 411 387 347 338 329 312 282 301 15000  11
Chip#2
458 449 301 388 392 296 286 455 347 409 334 292  0
457 447 300 388 389 296 287 449 347 407 328 292  1
458 447 301 390 389 297 283 452 363 407 333 292  2
458 449 301 390 390 303 292 450 347 406 331 291  3
457 447 301 389 390 301 289 451 347 408 332 295  4
462 452 305 395 392 302 288 455 347 411 332 298  5
459 448 363 408 391 302 289 458 363 414 340 298  6
460 453 325 405 395 302 290 454 347 411 336 296  7
461 448 302 388 390 299 286 452 347 408 330 294  8
411 454 363 417 397 363 311 455 379 431 338 297  9
458 449 324 403 391 386 299 455 379 421 333 295  10
471 458 310 394 397 306 347 462 363 415 343 15000  11

Chip#1
363 363 291 412 385 363 363 329 315 287 302 347  0
379 363 289 410 384 363 389 333 308 285 299 347  1
363 363 289 407 381 363 387 334 308 285 297 280  2
363 363 385 444 384 411 420 330 363 312 299 347  3
363 363 384 445 384 395 410 332 332 300 302 347  4
363 363 286 406 381 347 340 321 306 282 298 285  5
363 363 363 440 383 363 363 327 313 282 298 283  6
363 363 363 435 384 347 344 328 314 284 298 285  7
363 363 293 415 386 363 391 334 315 288 304 286  8
363 363 290 408 383 363 363 328 316 287 299 347  9
363 363 288 408 384 363 363 329 313 287 299 347  10
363 363 290 407 385 347 340 328 309 283 297 15000  11
Chip#2
461 454 302 393 397 299 347 457 363 410 335 294  0
462 450 304 395 395 300 288 454 363 410 333 296  1
460 452 301 392 393 298 285 454 347 411 332 292  2
467 456 307 396 399 308 296 460 363 421 334 300  3
411 454 305 393 396 311 347 455 363 415 337 296  4
411 456 307 399 395 302 347 455 363 413 336 298  5
459 449 363 410 391 301 287 454 363 410 331 295  6
460 452 363 403 395 299 347 456 363 410 335 298  7
458 445 300 389 391 295 282 448 347 405 327 292  8
459 450 363 410 393 363 363 455 395 428 329 290  9
411 453 363 410 395 363 363 456 379 424 335 299  10
463 452 303 390 394 299 288 458 363 410 331 15000  11
