
Chip#1
105 108 102 107 111 106 107 110 107 101 106 107  0
100 113 112 101 125 112 108 117 112 95 114 107  1
96 137 140 100 138 134 103 143 124 96 144 123  2
103 106 101 104 113 106 106 104 105 99 103 103  3
101 118 119 100 124 115 106 121 114 95 120 107  4
107 142 149 106 124 140 111 143 126 103 145 119  5
105 104 102 104 112 109 108 106 105 99 103 103  6
100 115 113 98 125 116 107 125 111 90 121 112  7
104 137 140 106 141 131 107 146 131 99 143 119  8
102 102 105 104 107 106 106 105 104 97 100 106  9
89 113 117 98 119 112 99 118 106 86 120 102  10
101 120 125 97 135 128 102 135 118 97 130 109  11
Chip#2
102 98 103 104 103 105 105 104 100 107 101 102  0
115 133 108 128 136 113 119 120 110 112 109 104  1
117 132 98 137 153 104 137 148 103 146 141 99  2
100 132 103 107 103 105 108 106 106 105 101 104  3
120 132 102 125 119 105 120 118 103 115 101 100  4
131 130 105 130 123 106 142 145 104 151 129 104  5
89 93 94 97 93 94 97 92 88 92 87 97  6
131 121 107 143 128 106 128 120 104 123 109 107  7
120 121 94 139 123 98 142 127 97 158 124 96  8
94 100 101 107 103 103 105 99 99 105 91 101  9
138 130 96 143 111 100 133 106 100 140 104 100  10
128 114 96 145 116 96 150 117 98 159 106 98  11
Chip#3
125 117 121 108 107 104 105 115 104 107 106 106  0
107 149 175 101 152 154 106 157 165 105 152 152  1
116 181 189 104 171 165 108 164 181 103 157 180  2
116 117 121 104 104 99 102 107 101 104 157 105  3
116 165 157 104 151 159 103 148 152 109 150 166  4
116 181 168 109 157 174 107 156 165 107 148 181  5
116 117 122 108 113 106 112 116 106 110 111 110  6
116 149 155 109 150 152 107 158 181 104 144 168  7
116 165 171 99 166 155 97 144 165 101 155 172  8
116 117 109 105 101 103 103 112 102 104 107 103  9
116 165 169 109 157 164 112 159 165 113 150 174  10
103 165 180 101 151 146 102 158 165 101 145 156  11
Chip#4
97 109 107 101 102 104 100 102 106 101 100 101  0
99 178 161 104 171 167 107 172 185 99 196 177  1
100 178 158 107 171 150 103 139 156 103 162 155  2
100 112 112 110 111 109 109 107 113 108 104 111  3
99 186 176 106 168 146 102 183 188 103 178 194  4
96 186 165 101 152 132 97 147 152 99 136 149  5
96 106 111 104 105 105 100 102 106 99 103 102  6
100 172 172 106 168 171 106 151 195 100 163 197  7
96 162 162 103 184 165 99 143 172 97 132 153  8
103 102 111 110 112 105 100 102 109 100 104 103  9
102 171 110 109 168 158 106 156 202 108 197 211  10
96 157 173 100 152 151 100 139 166 100 141 143  11
