
Chip#1
112 121 107 129 111 117 108 105 108 115 119 125  0
112 116 102 129 110 108 103 105 107 110 111 120  1
109 117 109 129 113 120 109 108 110 117 114 114  2
107 114 526 438 113 629 501 112 556 426 114 114  3
108 120 552 478 116 448 339 116 388 297 114 116  4
112 120 111 129 114 117 109 109 108 119 115 116  5
112 122 415 433 116 141 137 115 133 135 116 117  6
105 118 376 385 111 139 127 110 122 123 116 113  7
104 113 107 129 111 113 104 106 106 112 109 113  8
102 109 103 145 105 134 126 97 128 129 112 107  9
111 116 110 145 115 130 121 108 120 129 111 113  10
116 121 118 145 119 125 115 115 113 119 120 15000  11

Chip#1
117 118 110 129 107 115 106 109 108 114 115 122  0
119 117 114 129 113 115 109 110 107 112 112 120  1
116 114 114 129 111 118 108 113 110 119 114 116  2
113 114 527 441 113 627 506 118 560 432 116 116  3
112 114 547 474 110 445 333 112 384 293 112 111  4
104 109 105 129 105 112 100 105 104 110 106 108  5
115 114 407 428 113 139 130 113 129 129 116 113  6
105 114 375 385 105 129 120 105 116 118 106 107  7
117 117 110 129 110 117 103 109 106 110 112 109  8
105 114 110 129 110 140 131 106 130 130 109 112  9
107 110 103 129 104 126 115 104 110 119 108 107  10
109 113 107 113 106 111 104 105 106 109 108 15000  11

Chip#1
116 117 107 114 105 111 103 104 104 112 115 116  0
122 117 110 129 113 117 106 106 108 117 118 118  1
109 105 102 109 104 112 103 105 105 109 108 108  2
111 113 521 425 110 612 498 109 549 421 111 105  3
111 111 544 473 113 445 336 109 382 295 110 111  4
112 116 115 129 113 116 105 110 105 117 111 113  5
112 114 412 424 109 136 126 105 125 128 111 108  6
116 118 381 377 114 135 122 109 121 125 112 112  7
109 113 109 129 107 112 103 108 104 110 112 109  8
112 117 110 129 110 140 131 109 128 135 112 113  9
111 111 110 129 109 127 116 102 110 122 109 107  10
115 114 111 114 107 110 109 105 107 113 110 15000  11

Chip#1
113 120 110 129 110 117 109 112 105 118 118 122  0
119 116 113 114 114 115 110 113 107 114 114 118  1
113 114 114 129 110 120 110 113 114 117 111 116  2
116 121 537 441 118 632 512 121 565 432 116 113  3
103 111 552 476 113 464 339 109 385 298 109 113  4
103 107 107 103 105 108 100 101 102 105 110 104  5
111 113 415 428 113 141 128 110 126 133 112 112  6
109 113 382 385 110 134 125 113 118 123 111 109  7
112 113 113 129 109 117 108 109 107 113 112 108  8
116 114 118 145 118 144 137 114 139 144 114 114  9
109 110 103 109 109 127 117 109 118 125 109 112  10
111 112 113 129 113 115 104 106 106 108 110 15000  11
