
Chip#1
111 109 105 105 104 107 107 105 106 112 106 107  0
111 107 105 114 107 113 103 105 106 112 109 107  1
111 110 103 107 107 112 110 106 102 109 105 107  2
109 109 106 105 104 107 103 104 104 107 108 103  3
115 110 109 129 113 113 111 108 108 110 111 112  4
111 113 103 110 106 110 102 102 105 108 108 107  5
113 114 110 129 109 116 110 110 108 114 109 113  6
103 107 107 110 105 107 100 102 101 105 104 105  7
108 110 105 114 107 115 104 108 107 112 111 109  8
119 112 107 129 110 115 108 106 109 108 115 112  9
105 110 105 107 104 110 105 104 104 108 108 105  10
111 107 102 107 104 110 103 102 104 109 109 15000  11
Chip#2
107 105 106 102 110 114 120 104 102 107 113 109  0
105 102 106 105 108 114 117 99 97 109 111 110  1
108 103 105 101 107 110 117 99 102 106 108 109  2
111 105 109 104 107 111 120 106 103 109 112 108  3
107 107 108 102 107 114 115 105 100 106 111 110  4
112 109 109 109 114 115 117 102 105 106 112 109  5
107 101 102 102 108 111 115 99 104 105 108 109  6
109 103 105 102 114 115 113 105 103 107 107 109  7
112 106 105 106 117 118 125 108 109 109 112 113  8
109 105 106 106 117 114 119 105 105 110 112 110  9
115 109 111 109 117 114 119 105 106 110 113 113  10
112 102 105 97 107 112 115 104 101 107 110 15000  11
