
Chip#1
120 116 106 107 102 111 103 105 98 109 112 116  0
125 122 113 129 110 120 106 116 108 114 115 124  1
117 114 118 129 111 125 111 114 114 118 114 114  2
113 111 612 496 110 720 564 112 644 477 109 113  3
112 114 645 548 114 513 376 114 437 323 114 113  4
115 121 120 129 110 120 113 113 112 115 119 116  5
117 116 505 501 115 149 138 116 137 138 114 118  6
116 114 448 442 110 139 128 110 122 127 112 117  7
113 109 110 113 107 115 102 106 104 108 106 109  8
111 112 109 129 110 149 136 106 134 135 110 116  9
113 118 113 129 110 139 127 109 121 128 114 117  10
121 113 113 129 109 117 110 112 106 109 111 15000  11
Chip#2
105 106 105 109 113 112 119 106 105 109 108 111  0
112 110 105 110 113 112 120 104 108 107 110 115  1
108 109 103 108 108 112 115 102 102 102 110 109  2
107 107 108 104 114 173 153 102 125 121 107 113  3
112 109 108 110 114 152 141 106 117 117 111 113  4
111 111 111 109 111 112 121 106 105 107 108 111  5
108 111 242 205 113 133 133 111 127 124 113 114  6
115 114 208 161 113 121 125 106 114 118 106 115  7
108 111 111 114 118 118 124 109 109 114 114 114  8
115 110 300 244 118 324 274 113 256 235 112 110  9
108 114 267 205 120 270 219 109 222 212 112 121  10
121 110 111 113 117 120 124 109 109 113 118 15000  11
