
Chip#1
103 101 98 104 100 100 101 109 101 103 98 95  0
103 101 98 102 103 103 105 108 102 99 100 95  1
93 94 93 99 94 92 99 95 97 92 86 87  2
95 99 95 102 98 95 100 101 99 96 95 94  3
98 94 92 93 97 99 97 98 97 93 92 90  4
98 97 95 102 97 99 100 96 100 96 89 89  5
101 99 95 99 98 100 100 101 103 96 89 90  6
104 101 99 99 101 99 99 98 103 96 96 96  7
100 101 100 104 97 101 104 104 104 99 98 96  8
93 97 94 98 97 100 102 100 99 95 90 94  9
89 94 94 92 91 97 94 95 96 91 89 89  10
97 98 97 95 101 95 99 103 103 97 94 15000  11
Chip#2
105 104 99 102 104 101 105 98 99 99 104 98  0
96 97 91 94 99 96 95 97 94 96 95 96  1
99 96 95 96 100 94 98 92 96 93 97 94  2
99 99 91 89 96 93 99 95 94 92 97 96  3
101 101 99 99 104 99 98 97 94 99 104 99  4
99 103 95 97 104 97 98 93 96 96 96 98  5
96 91 91 93 97 91 98 92 89 91 94 94  6
100 98 99 99 100 98 101 99 93 94 100 94  7
102 101 101 102 106 99 99 100 96 99 100 103  8
102 101 99 98 104 99 104 98 98 101 101 103  9
101 100 98 96 104 98 98 97 95 98 100 101  10
101 93 95 97 99 96 96 97 94 96 100 15000  11
