
Chip#1
115 116 114 129 114 115 108 108 108 112 119 122  0
115 114 113 129 109 111 104 106 104 112 112 117  1
113 114 111 129 107 116 110 110 109 115 109 116  2
105 109 519 430 109 605 495 109 559 424 110 112  3
104 110 553 479 106 439 332 104 383 293 109 112  4
105 106 107 106 106 108 100 102 101 107 102 105  5
112 111 420 437 114 139 131 108 124 127 112 113  6
107 109 393 437 102 132 117 98 114 118 101 109  7
112 110 107 129 110 115 107 105 107 110 109 114  8
105 109 105 129 109 138 132 102 126 133 108 108  9
104 107 105 109 104 127 120 104 112 122 108 105  10
108 110 109 106 106 110 107 105 100 104 108 15000  11
Chip#2
101 106 105 102 107 111 115 104 101 106 107 109  0
112 103 102 104 110 108 109 101 101 109 107 110  1
112 107 105 105 111 115 120 105 104 114 110 113  2
104 109 103 104 111 141 135 104 114 117 106 109  3
108 105 105 102 107 127 125 99 110 110 108 109  4
105 103 103 100 105 111 112 97 98 107 108 106  5
109 107 182 151 111 123 119 104 114 120 110 110  6
108 106 160 132 111 118 117 106 109 110 107 106  7
109 105 105 108 110 117 120 104 102 107 110 110  8
112 106 212 178 108 230 198 102 186 174 113 111  9
108 107 195 156 113 204 171 99 164 159 112 114  10
111 106 109 106 114 118 116 101 102 113 112 15000  11
