
Chip#1
104 109 101 98 103 97 98 100 93 101 99 102  0
111 112 100 101 104 102 99 107 105 109 103 107  1
110 114 162 150 111 146 179 108 144 182 106 110  2
111 127 785 800 120 732 983 139 738 967 134 110  3
105 121 495 536 116 476 634 123 516 651 121 107  4
109 114 144 146 108 123 125 114 128 135 106 111  5
110 127 673 716 119 119 118 113 117 124 110 106  6
106 118 574 615 115 113 115 107 112 118 109 109  7
101 110 119 116 103 98 103 104 97 108 101 105  8
109 113 108 108 107 110 119 113 110 123 108 106  9
104 109 102 97 108 106 113 106 110 114 102 106  10
104 112 102 98 105 102 103 106 101 107 105 103  11
Chip#2
109 118 121 117 120 114 104 114 120 126 114 121  0
116 120 121 117 120 119 110 119 122 122 121 121  1
90 96 97 97 99 92 87 96 93 101 98 99  2
115 118 117 112 123 121 105 116 121 123 113 118  3
99 112 116 110 120 125 104 118 120 113 107 111  4
100 129 136 105 104 104 97 106 106 106 105 106  5
104 959 1101 119 113 112 97 106 106 106 104 99  6
124 1135 1304 139 138 136 110 128 134 123 119 123  7
112 182 196 116 153 145 107 135 134 121 113 117  8
123 882 1040 137 804 926 117 760 797 126 116 119  9
129 1252 1349 149 1449 1590 137 1323 1535 139 119 118  10
116 191 188 121 219 215 112 233 246 118 114 112  11
Chip#3
100 89 102 98 97 88 97 105 88 98 97 110  0
103 95 194 158 103 183 158 112 158 195 109 122  1
101 149 693 630 161 684 654 138 547 695 162 115  2
97 111 513 482 118 527 464 110 431 504 115 106  3
105 93 112 102 107 98 109 112 125 150 108 118  4
98 93 108 101 103 105 107 120 581 718 147 115  5
98 92 107 99 97 94 101 109 526 626 125 107  6
101 93 107 97 102 93 105 109 96 109 107 111  7
97 92 106 99 103 97 108 106 90 101 105 121  8
111 97 113 106 111 107 111 113 102 105 110 122  9
103 96 106 97 97 95 107 106 92 99 107 110  10
107 100 113 102 110 101 108 112 101 109 104 118  11
Chip#4
811 661 811 657 692 648 779 654 612 779 575 687  0
827 665 827 657 691 653 779 656 612 795 619 692  1
811 664 811 771 773 655 914 843 612 843 666 686  2
811 662 875 3707 3333 708 3643 3659 666 3227 3387 843  3
811 658 843 2715 2635 681 2651 2683 639 2784 2714 827  4
811 667 827 730 740 668 779 672 627 795 666 703  5
811 660 923 3675 2907 667 795 763 618 811 666 694  6
811 657 891 3147 2532 659 795 658 618 795 666 688  7
827 660 827 687 713 660 795 763 617 811 666 795  8
719 649 713 655 685 648 763 651 617 779 574 688  9
827 655 811 665 699 658 795 662 617 795 619 694  10
811 663 811 669 700 659 763 662 624 690 580 690  11
