
Chip#1
9 150 139 0 4 76 38 69 77 105 155 161  0
25 155 190 49 20 124 118 85 93 185 161 161  1
9 145 475 488 20 556 1030 101 378 1003 264 150  2
9 146 219 139 20 236 390 69 202 507 193 156  3
9 151 143 0 4 92 38 69 84 121 158 154  4
9 149 153 8 4 92 38 69 286 632 190 154  5
25 157 152 0 20 92 54 69 287 459 184 163  6
9 151 139 0 20 92 38 69 80 108 155 150  7
9 151 154 6 4 92 54 69 79 108 155 158  8
9 153 153 0 4 92 38 69 87 108 151 154  9
9 157 151 0 4 92 38 69 86 114 158 160  10
9 146 142 0 4 92 38 69 82 110 154 15000  11
Chip#2
239 96 200 86 40 259 127 133 168 154 149 98  0
239 91 199 81 36 259 126 127 160 149 145 90  1
239 94 204 140 37 259 127 135 166 154 148 99  2
239 92 205 197 59 259 189 169 162 184 179 91  3
239 92 211 223 93 259 195 182 160 188 179 93  4
239 92 193 90 36 259 126 128 157 148 143 90  5
239 89 199 172 54 259 128 130 165 152 141 93  6
239 89 208 197 92 259 131 131 163 154 146 90  7
236 85 190 140 36 259 118 123 155 145 137 84  8
239 92 198 78 35 259 126 133 162 152 146 93  9
239 94 197 81 34 259 129 131 159 152 146 95  10
239 97 199 140 36 259 131 133 171 152 147 15000  11
