
Chip#1
104 107 102 103 105 105 104 107 100 100 102 105  0
102 104 105 107 103 105 119 109 102 108 101 100  1
104 106 154 178 108 153 207 113 143 222 113 99  2
101 100 111 126 101 121 137 107 118 161 102 96  3
106 110 105 114 109 108 112 110 107 109 101 105  4
110 114 210 223 112 165 213 114 139 190 111 106  5
108 105 138 148 109 138 161 114 131 174 108 101  6
106 114 107 113 110 110 116 110 109 105 109 102  7
101 107 174 180 103 156 165 110 106 104 100 102  8
104 109 149 151 109 152 167 105 106 101 100 98  9
104 107 99 107 102 101 106 105 103 100 95 98  10
115 112 105 110 112 108 109 115 107 107 109 15000  11
Chip#2
112 113 105 105 111 109 104 105 110 107 109 108  0
103 100 98 94 104 101 101 98 94 99 100 101  1
117 114 109 112 113 113 113 110 113 111 110 116  2
102 99 98 104 102 98 111 100 100 107 107 99  3
109 109 105 124 121 109 120 116 108 115 121 108  4
106 113 107 109 110 108 111 106 110 112 107 110  5
106 105 104 105 111 108 113 110 105 111 120 106  6
106 112 106 117 117 106 116 119 100 117 125 105  7
109 110 104 105 110 107 111 106 105 109 109 106  8
112 109 107 107 110 113 112 113 108 111 116 112  9
107 108 105 105 112 104 119 121 106 114 126 111  10
112 113 109 108 110 111 112 114 108 111 114 15000  11
