
Chip#1
111 113 114 129 111 120 109 110 109 117 115 120  0
108 114 111 129 109 116 107 108 109 114 116 114  1
120 124 120 145 119 124 117 117 116 123 120 121  2
109 107 107 129 109 115 107 110 101 110 111 111  3
117 116 115 129 114 120 115 114 108 117 118 118  4
107 110 109 129 109 116 106 109 105 112 109 111  5
109 110 111 129 109 117 108 108 106 110 110 109  6
107 103 109 129 106 115 105 105 101 112 110 105  7
115 116 114 129 114 118 115 114 110 115 118 117  8
115 114 116 145 111 120 113 112 108 113 119 121  9
113 112 115 129 107 116 109 109 109 115 116 117  10
117 116 119 129 114 116 114 112 110 117 118 15000  11
Chip#2
109 109 106 106 115 111 124 105 104 113 114 111  0
108 109 105 106 113 112 117 104 104 110 113 114  1
117 107 114 105 117 115 123 109 112 114 116 115  2
111 107 109 105 110 111 120 105 105 106 112 109  3
114 110 112 108 115 117 124 109 108 117 117 117  4
111 111 109 108 115 118 124 106 106 110 113 113  5
109 105 108 104 113 112 119 105 105 109 112 114  6
115 107 111 108 115 118 123 108 109 114 118 117  7
115 109 108 105 117 118 124 106 112 116 114 113  8
112 105 111 106 114 117 121 105 105 114 112 115  9
114 109 111 112 121 119 125 109 110 113 116 118  10
121 113 112 110 117 120 124 106 112 116 116 15000  11
