
Chip#1
110 119 106 110 119 111 138 159 103 100 102 99  0
176 185 131 205 223 168 519 542 164 118 131 98  1
165 181 128 200 223 168 505 516 164 132 131 102  2
138 136 108 122 125 117 167 183 115 114 110 105  3
246 241 135 142 140 136 549 573 164 124 131 102  4
201 211 125 130 137 133 533 566 164 122 131 103  5
132 128 101 112 109 108 165 175 108 99 100 95  6
228 226 131 136 136 149 607 571 146 137 131 106  7
194 186 119 129 130 139 560 536 131 133 131 100  8
145 145 117 117 114 109 194 177 115 115 131 101  9
234 236 142 139 131 184 613 528 135 163 163 107  10
197 196 126 125 122 168 566 500 128 155 147 15000  11
Chip#2
87 105 100 99 101 98 100 100 98 99 99 102  0
112 113 109 104 120 104 349 366 98 108 108 110  1
112 130 106 116 139 109 676 674 98 111 106 104  2
112 114 108 98 109 108 143 138 98 107 103 107  3
112 130 114 105 118 116 409 477 98 112 111 107  4
112 139 109 105 120 110 451 507 98 112 103 104  5
112 112 110 100 108 108 119 112 98 105 106 117  6
128 133 109 100 115 108 385 434 98 108 103 105  7
112 127 110 104 115 106 292 304 98 107 103 108  8
112 106 104 94 101 103 139 147 98 101 98 107  9
112 135 107 92 106 96 658 791 98 111 105 98  10
112 125 110 99 109 99 300 383 98 109 108 15000  11
