
Chip#1
73 185 154 0 20 92 54 85 91 123 183 193  0
41 176 389 369 52 300 614 117 168 583 195 182  1
25 174 2723 3504 186 3676 3946 474 2296 3909 1035 175  2
25 167 731 1007 36 1212 2713 207 971 3467 437 172  3
25 167 159 8 36 108 54 85 105 181 174 167  4
25 168 219 103 36 196 150 101 1580 3915 457 172  5
25 163 184 38 36 124 102 101 1077 3019 348 163  6
9 155 150 0 36 108 38 85 89 119 161 151  7
9 160 219 93 36 196 102 85 95 122 160 159  8
25 169 219 54 36 196 102 85 91 119 165 165  9
9 164 153 0 20 92 38 69 81 114 161 161  10
25 161 154 0 36 92 54 85 88 118 165 15000  11
Chip#2
239 191 203 90 44 259 129 136 166 155 151 102  0
239 191 201 81 39 259 126 133 164 156 148 99  1
239 191 197 140 40 259 128 136 166 159 152 100  2
239 95 260 583 249 259 507 442 168 390 435 103  3
239 99 303 906 451 259 707 470 170 413 432 108  4
239 94 200 197 62 259 148 149 167 159 157 99  5
239 96 204 285 133 259 133 140 164 161 163 98  6
239 95 268 680 400 259 146 152 166 169 167 100  7
239 96 200 197 78 259 130 140 168 154 148 98  8
239 191 200 140 40 259 131 141 166 155 156 100  9
239 94 201 140 40 259 138 151 163 163 170 100  10
239 191 203 140 43 259 132 141 168 159 156 15000  11
