
Chip#1
388 386 306 422 395 389 404 342 325 304 387 379  0
397 380 306 423 398 390 404 338 324 303 319 379  1
394 379 311 425 400 390 411 345 363 312 314 363  2
394 379 2113 1808 409 2491 1931 355 2267 1635 309 299  3
394 380 2187 1947 406 1723 1333 350 1483 1068 317 363  4
394 379 363 428 401 390 408 341 327 304 309 347  5
394 379 1675 1767 403 421 481 344 451 363 309 299  6
394 378 1538 1561 405 417 475 353 433 348 320 302  7
395 378 363 428 403 412 412 345 330 302 313 363  8
394 377 303 425 401 426 488 337 461 439 308 363  9
394 377 308 429 404 398 458 346 423 353 314 305  10
394 378 312 430 407 394 412 347 331 304 319 15000  11
Chip#2
466 459 310 402 404 309 299 462 363 419 338 303  0
463 457 306 399 400 303 295 457 363 417 341 301  1
469 459 310 403 404 310 298 461 363 418 340 306  2
411 460 309 401 405 451 411 462 395 435 340 304  3
411 456 310 405 405 425 394 462 379 429 339 303  4
411 460 312 405 404 308 298 459 363 415 340 304  5
395 459 546 500 402 363 309 459 379 432 339 300  6
463 458 503 462 399 391 304 457 379 422 336 298  7
411 457 308 404 402 307 299 459 363 417 338 300  8
473 465 635 566 408 701 543 463 587 560 363 301  9
471 463 570 513 406 560 481 461 591 527 342 308  10
411 460 310 404 404 305 295 460 363 418 363 15000  11
