
Chip#1
169 84 206 240 132 282 167 207 200 121 255 90  0
231 82 206 238 148 321 165 207 197 121 230 89  1
175 81 206 233 132 323 163 207 202 123 255 89  2
173 83 206 238 132 282 157 206 196 121 255 85  3
172 86 206 231 148 282 157 206 196 117 255 85  4
172 84 206 237 132 282 166 207 200 120 255 88  5
231 86 206 233 148 321 161 207 197 120 255 85  6
168 78 206 234 132 282 157 206 200 116 255 82  7
171 77 206 232 132 282 159 206 195 119 220 83  8
184 89 206 241 148 328 166 207 204 126 264 97  9
231 83 206 237 148 323 160 207 201 122 255 84  10
181 89 206 240 148 326 163 207 202 125 227 88  11
Chip#2
234 81 145 174 210 29 169 185 0 105 260 213  0
234 92 145 195 210 149 179 190 0 120 260 213  1
234 92 145 204 210 29 181 90 0 119 260 213  2
234 86 145 193 210 29 175 194 0 109 260 213  3
234 82 145 184 210 29 170 186 0 110 260 213  4
234 82 145 188 210 29 180 90 0 114 260 213  5
234 82 145 184 210 29 172 90 0 109 260 213  6
234 89 145 195 210 29 185 90 0 114 260 213  7
234 89 145 204 194 149 188 204 0 121 260 213  8
234 80 145 183 210 29 170 184 0 106 260 213  9
234 89 145 193 210 149 179 193 0 119 260 213  10
234 82 145 183 210 29 172 186 0 105 260 213  11
Chip#3
73 36 0 62 78 112 143 165 103 79 167 80  0
71 32 0 59 62 112 127 162 103 14 168 75  1
79 41 0 68 78 177 143 171 103 30 175 78  2
68 32 0 58 62 112 143 164 103 74 169 74  3
71 33 0 60 78 172 143 163 119 76 169 77  4
75 36 0 66 78 112 143 165 103 81 172 79  5
78 46 0 68 78 112 143 168 103 30 176 83  6
75 38 0 63 78 174 143 167 103 82 170 79  7
76 39 0 65 78 177 143 168 103 82 172 79  8
72 36 0 57 78 112 143 165 103 76 170 78  9
75 38 0 66 78 112 127 167 103 76 170 77  10
78 36 0 62 78 112 143 162 103 74 169 79  11
Chip#4
232 45 240 101 127 107 271 171 83 41 137 167  0
231 45 240 117 127 102 271 171 83 40 137 183  1
236 45 240 117 127 111 271 171 83 44 137 183  2
240 45 240 117 143 114 271 171 93 48 137 183  3
238 45 240 117 127 110 271 171 86 48 137 183  4
238 45 241 117 143 111 271 187 89 50 137 167  5
239 45 240 117 127 117 271 171 93 48 137 183  6
235 29 240 101 127 111 271 171 78 44 137 167  7
239 45 241 117 143 112 271 187 89 44 137 183  8
231 45 240 117 127 106 271 171 85 40 137 167  9
238 45 240 101 127 111 271 171 89 44 137 167  10
239 45 241 117 143 116 271 187 86 48 137 183  11
