
Chip#1
102 108 102 94 101 97 95 100 94 104 103 98  0
100 108 101 97 103 100 96 104 101 101 102 106  1
101 112 160 144 104 140 166 106 134 173 102 105  2
110 129 786 798 128 732 976 140 737 956 137 114  3
107 119 495 535 120 476 624 125 515 651 125 106  4
101 109 144 137 97 115 114 103 116 126 102 99  5
107 126 668 732 123 117 118 111 117 131 106 110  6
107 117 573 609 116 110 110 106 105 119 107 109  7
102 114 121 120 100 101 98 103 102 109 105 103  8
96 104 100 93 97 106 104 96 102 111 98 102  9
109 123 114 106 109 117 114 114 114 122 112 117  10
99 101 100 89 96 92 88 97 96 103 98 103  11
Chip#2
108 115 117 111 117 109 103 112 115 114 116 115  0
109 117 117 116 118 113 105 115 112 115 113 116  1
100 110 115 106 108 101 99 110 111 114 108 109  2
111 117 118 114 121 121 104 118 120 118 114 117  3
105 112 120 115 126 126 100 116 125 110 111 108  4
113 134 148 119 115 117 107 115 116 111 118 112  5
113 959 1110 133 124 121 105 120 122 115 118 113  6
116 1124 1296 133 124 127 105 120 127 117 111 111  7
111 166 191 114 153 135 105 131 132 118 116 116  8
121 880 1031 135 808 926 118 748 787 123 112 117  9
129 1237 1342 147 1433 1577 130 1314 1535 135 116 111  10
113 182 186 115 214 217 108 232 230 117 113 111  11
Chip#3
108 90 112 101 106 100 108 113 95 103 107 119  0
105 99 199 173 117 188 174 113 159 189 109 119  1
105 151 694 633 167 684 654 142 545 700 164 117  2
105 123 517 485 124 527 463 118 437 504 128 118  3
105 100 118 106 110 105 109 113 129 147 107 117  4
96 89 108 101 106 100 100 117 576 708 147 114  5
92 84 98 92 88 87 89 104 524 615 120 104  6
97 86 104 93 97 91 97 102 101 106 100 111  7
95 86 104 96 104 95 100 101 96 95 98 110  8
106 89 112 101 111 104 112 109 98 102 108 113  9
95 88 102 92 97 91 96 104 86 95 98 107  10
107 93 106 99 107 98 104 105 102 103 102 113  11
Chip#4
722 653 717 654 683 641 747 648 612 673 565 678  0
811 665 827 664 693 649 779 652 612 795 581 692  1
728 658 811 710 733 645 827 702 612 811 624 687  2
730 660 843 2171 2013 674 2187 2171 637 1988 1904 725  3
715 645 811 1675 1643 649 1728 1726 619 1732 1627 699  4
724 659 811 687 708 650 763 660 619 795 586 687  5
724 655 859 2223 1787 653 763 655 619 795 575 689  6
722 656 827 1967 1595 648 763 654 619 779 573 684  7
811 655 827 673 700 652 779 656 619 795 579 690  8
811 653 811 660 694 647 763 655 619 779 574 687  9
723 649 811 656 686 646 763 656 619 779 575 684  10
731 662 811 663 694 651 763 661 621 685 576 692  11
