
Chip#1
103 101 98 109 102 108 104 106 101 105 110 107  0
104 102 103 129 102 107 102 106 101 104 102 101  1
108 105 105 109 104 111 104 110 101 105 106 105  2
107 103 103 129 104 110 103 104 102 108 105 105  3
104 106 107 129 105 107 107 110 105 107 106 111  4
103 102 101 98 95 102 99 96 100 103 101 99  5
100 97 94 98 96 102 102 97 94 97 98 101  6
107 106 109 110 102 111 102 108 106 108 109 104  7
115 112 110 115 110 115 113 108 108 110 110 112  8
105 109 106 129 102 111 105 102 102 107 108 107  9
104 103 99 110 102 107 103 101 101 104 101 103  10
109 102 99 106 101 106 105 101 101 103 104 15000  11
Chip#2
102 102 102 104 108 110 116 101 101 102 106 108  0
109 101 99 102 104 110 113 101 98 105 108 110  1
108 102 108 106 105 111 116 98 101 106 110 109  2
105 99 98 102 107 107 113 98 98 107 107 108  3
104 101 100 101 104 108 113 99 100 106 108 106  4
109 105 105 108 114 112 121 102 103 110 113 109  5
104 95 98 97 101 108 115 97 101 103 104 106  6
104 99 100 101 107 107 113 98 100 102 104 105  7
107 98 103 104 107 108 116 98 105 107 110 108  8
104 101 103 102 104 107 113 99 101 105 107 106  9
108 106 106 108 110 114 123 104 104 107 111 115  10
107 102 105 105 107 108 116 104 101 108 111 15000  11
