
Chip#1
102 102 102 96 102 112 101 101 102 98 100 103  0
97 98 96 96 98 96 95 95 95 96 90 98  1
95 99 98 93 99 103 99 95 99 90 98 98  2
100 105 104 97 111 105 107 106 102 95 103 107  3
98 98 101 95 100 101 101 104 102 92 98 102  4
105 105 106 105 110 108 103 101 103 98 105 113  5
105 104 106 102 112 111 107 105 106 101 102 107  6
102 100 101 100 99 105 103 100 103 92 100 105  7
102 102 101 93 107 101 105 105 102 97 98 105  8
107 108 107 104 110 108 109 106 106 102 103 114  9
105 105 102 105 107 105 105 107 105 97 106 109  10
100 97 104 95 103 105 100 100 104 97 100 100  11
Chip#2
101 99 102 98 99 104 101 100 101 100 97 103  0
171 326 109 180 250 104 153 174 113 133 124 105  1
231 384 108 304 397 105 312 377 108 489 469 104  2
99 101 105 104 102 105 105 95 104 106 103 97  3
251 261 102 275 250 109 225 222 110 193 143 107  4
254 291 105 331 325 108 366 377 111 489 350 104  5
103 102 104 103 101 103 107 99 108 102 98 101  6
310 286 106 253 202 102 250 190 107 233 156 104  7
310 314 104 297 234 109 418 299 105 587 327 101  8
97 99 102 100 96 102 106 96 99 98 93 100  9
376 275 113 404 218 111 366 174 113 290 133 111  10
260 209 110 382 218 114 500 241 110 457 172 111  11
