
Chip#1
117 120 111 129 100 115 104 109 109 114 122 121  0
124 118 115 129 106 118 108 113 108 115 120 120  1
115 116 119 145 106 116 111 112 112 114 115 117  2
104 107 526 430 102 613 495 106 579 434 106 101  3
117 118 565 488 114 464 343 118 409 309 118 117  4
107 111 114 129 104 112 104 106 106 109 110 108  5
112 117 428 442 106 146 141 110 141 143 116 113  6
108 113 395 401 105 140 127 105 126 125 108 108  7
108 114 116 129 107 115 106 112 108 109 114 111  8
116 117 119 129 111 155 147 113 151 151 120 118  9
115 116 119 129 106 145 133 117 129 137 112 118  10
115 122 123 129 106 116 110 110 112 119 119 15000  11
Chip#2
119 114 106 105 113 112 125 104 104 110 114 114  0
114 111 102 105 110 111 117 102 101 103 108 111  1
114 114 103 106 115 115 116 105 106 110 111 110  2
114 113 100 104 113 183 163 104 127 122 108 110  3
114 115 111 109 118 158 147 105 119 120 112 110  4
115 113 105 105 113 112 120 101 102 107 108 111  5
109 113 272 207 111 128 131 101 130 126 108 109  6
117 118 230 175 117 126 131 105 117 121 114 114  7
111 110 102 104 110 112 116 101 104 108 107 109  8
114 121 337 271 123 372 306 106 299 262 111 115  9
125 123 303 224 124 306 306 111 249 239 117 124  10
124 118 109 109 120 118 121 105 112 110 120 15000  11

Chip#1
119 121 119 129 109 117 104 110 110 114 127 122  0
119 118 111 129 105 113 98 108 105 112 118 118  1
111 112 111 111 105 115 102 108 110 113 115 113  2
107 114 530 433 106 617 494 109 574 436 112 109  3
111 117 555 478 106 445 333 112 396 300 114 112  4
108 116 113 129 110 121 105 113 112 110 116 114  5
111 111 425 438 109 149 133 113 141 137 116 112  6
109 118 393 401 107 143 127 112 129 130 114 112  7
111 117 114 129 109 117 103 106 108 107 114 112  8
108 117 113 119 115 155 147 110 147 148 120 112  9
108 107 109 129 105 135 124 102 122 128 108 113  10
108 112 110 129 107 113 102 104 104 105 112 15000  11
Chip#2
112 107 102 106 113 107 117 104 103 103 112 106  0
118 111 103 114 114 111 116 108 109 112 113 114  1
115 110 105 109 118 114 121 99 104 106 112 109  2
115 113 100 108 111 174 160 104 126 124 112 108  3
112 109 105 105 110 154 143 106 119 120 107 105  4
112 110 108 112 115 115 117 102 104 112 112 106  5
111 110 268 211 110 126 131 104 126 120 110 109  6
118 117 227 177 114 131 129 108 118 120 112 110  7
111 106 100 102 111 114 117 101 104 105 108 106  8
111 118 336 270 117 370 307 108 297 258 110 111  9
114 115 289 222 113 295 248 105 246 234 112 114  10
119 113 102 110 117 118 117 104 106 109 112 15000  11

Chip#1
119 124 115 129 110 117 107 113 114 117 127 126  0
116 116 109 129 109 112 105 106 110 107 116 116  1
107 110 109 129 102 112 100 104 105 112 111 113  2
108 116 526 438 107 617 496 114 578 438 112 112  3
104 109 553 476 105 443 330 102 397 295 106 104  4
107 113 109 111 105 116 99 106 109 109 110 111  5
111 120 424 438 113 146 138 112 139 137 122 114  6
111 118 395 401 106 145 126 108 128 128 112 109  7
113 117 111 129 107 115 103 106 113 110 118 111  8
112 117 117 129 109 153 137 113 146 145 114 114  9
115 112 116 129 109 141 126 109 129 134 116 116  10
105 110 106 129 102 108 100 101 106 105 112 15000  11
Chip#2
109 105 99 102 110 107 115 99 103 106 107 106  0
111 109 98 101 111 108 117 97 103 103 106 108  1
112 106 102 101 114 112 115 104 108 105 111 110  2
107 106 93 101 113 179 157 101 123 122 111 102  3
117 113 103 112 118 160 147 108 122 126 113 113  4
115 111 105 108 117 111 119 104 102 108 112 108  5
111 113 267 212 118 127 131 101 130 126 106 109  6
104 107 226 172 113 120 120 99 116 116 104 106  7
112 110 106 110 118 115 119 102 109 114 107 109  8
114 115 328 268 114 365 304 108 294 259 107 105  9
118 115 295 225 120 302 245 105 248 240 114 118  10
115 105 100 98 108 107 112 99 101 105 110 15000  11

Chip#1
115 116 109 107 106 111 98 101 107 109 119 117  0
122 120 113 129 109 113 104 110 109 114 119 118  1
116 113 113 129 111 118 106 110 114 117 116 112  2
119 118 531 443 113 622 506 113 587 446 122 112  3
109 120 559 487 111 464 342 113 409 307 115 109  4
105 113 109 129 105 113 102 101 106 108 111 108  5
109 116 426 437 111 146 135 113 143 139 114 113  6
108 113 396 401 107 140 128 108 128 129 116 108  7
105 112 106 110 107 112 105 102 107 109 111 108  8
109 116 111 129 109 149 142 106 141 144 112 114  9
107 109 105 107 98 131 122 105 118 127 106 109  10
116 122 114 129 114 116 107 109 116 113 119 15000  11
Chip#2
114 110 102 105 110 112 120 106 105 107 108 108  0
109 107 102 105 108 107 115 97 102 105 106 105  1
108 105 100 104 110 112 115 98 101 108 104 110  2
106 107 96 100 110 173 153 99 123 121 106 101  3
117 110 103 105 114 155 144 105 119 120 112 113  4
111 110 106 109 114 114 117 104 105 109 108 109  5
115 113 271 212 117 131 129 104 129 128 111 110  6
108 109 221 168 113 118 117 98 114 113 103 104  7
111 101 100 100 110 111 115 99 101 106 106 105  8
112 111 334 275 117 370 305 104 296 263 108 110  9
122 118 289 220 117 294 244 112 244 235 112 114  10
119 111 103 105 114 108 116 104 104 110 113 15000  11
