
Chip#1
117 121 115 129 113 116 110 113 114 115 120 124  0
129 126 122 129 122 121 111 117 116 118 123 125  1
116 124 120 129 116 120 110 116 113 115 118 118  2
122 129 321 292 124 329 268 121 297 233 123 121  3
116 121 330 312 118 258 204 116 235 181 120 120  4
121 133 128 145 120 126 116 121 116 120 125 120  5
117 122 280 298 116 135 124 117 126 125 125 121  6
119 121 277 277 118 136 121 117 125 124 123 118  7
108 116 116 129 109 115 106 110 110 110 114 117  8
117 121 122 129 118 155 144 116 135 133 122 126  9
119 124 120 145 116 144 136 114 124 125 119 125  10
129 130 124 145 123 127 116 121 121 120 129 15000  11
Chip#2
114 109 100 104 120 111 120 104 108 110 112 109  0
119 115 111 113 121 119 124 109 110 116 114 117  1
118 111 106 106 117 115 116 106 105 107 108 110  2
119 111 108 106 115 124 128 105 113 114 111 110  3
118 114 105 108 117 120 124 106 112 113 111 111  4
121 113 109 114 118 120 123 111 106 112 113 109  5
114 110 145 134 117 117 123 102 103 109 110 110  6
116 115 136 130 120 118 125 105 109 120 116 114  7
115 107 100 106 114 107 116 101 105 109 111 110  8
118 111 151 140 117 156 148 105 139 136 114 110  9
122 117 147 136 118 142 145 104 131 136 116 118  10
125 110 108 105 118 115 121 109 109 109 112 15000  11
