
Chip#1
272 314 405 413 404 314 474 363 395 397 481 355  0
262 309 363 363 400 315 469 384 395 385 481 363  1
267 309 400 411 407 315 474 393 453 391 481 379  2
263 307 403 411 405 305 469 393 454 396 479 363  3
264 305 403 414 405 312 475 395 451 397 485 363  4
269 316 363 363 410 312 469 363 457 398 483 355  5
269 308 408 411 410 314 475 398 453 401 485 363  6
271 312 410 417 410 318 479 397 459 398 486 363  7
271 317 407 416 415 320 477 395 459 400 491 363  8
272 317 413 413 412 315 479 397 458 405 491 363  9
271 316 363 411 406 314 469 396 457 396 486 363  10
269 312 402 363 402 313 475 390 453 393 481 15000  11
Chip#2
318 375 309 347 355 386 300 332 416 334 259 355  0
314 374 309 331 355 382 302 331 413 327 255 355  1
322 375 318 347 355 395 307 341 421 363 264 355  2
319 374 316 347 355 395 306 338 420 363 261 355  3
327 375 326 363 355 405 363 352 433 384 274 355  4
363 376 326 363 363 402 363 351 436 382 331 363  5
321 375 319 347 347 397 311 343 426 380 315 355  6
323 375 327 363 347 407 363 353 435 384 272 355  7
331 375 327 363 347 407 363 354 443 386 282 355  8
327 375 326 363 347 400 363 345 431 378 272 363  9
326 375 326 363 347 402 363 350 433 382 331 363  10
323 374 315 347 355 395 312 343 427 381 265 15000  11
