
Chip#1
293 338 285 331 373 283 243 306 284 311 278 344  0
294 337 287 331 372 286 243 310 288 310 280 339  1
295 339 390 379 373 320 299 311 379 420 279 343  2
347 345 1013 1002 374 907 1120 329 968 1131 303 363  3
294 341 729 743 373 711 793 322 741 866 287 344  4
293 341 317 363 372 297 265 311 298 326 278 343  5
291 342 864 907 373 295 258 310 291 322 280 344  6
287 331 782 800 373 287 244 302 282 311 272 338  7
292 340 301 347 373 289 252 309 347 318 285 363  8
288 338 287 331 372 291 257 306 347 317 278 345  9
292 339 287 331 373 293 257 312 347 323 278 346  10
297 338 290 331 372 286 251 312 290 314 279 345  11
Chip#2
376 363 210 363 412 355 287 355 355 338 355 380  0
376 379 210 408 412 363 290 355 355 338 355 381  1
375 363 355 363 410 355 284 353 355 334 355 380  2
376 363 355 363 414 363 292 355 355 336 355 381  3
375 363 355 363 418 363 289 355 355 340 355 380  4
375 379 355 363 410 389 283 352 351 334 355 380  5
376 1263 1379 363 414 363 288 354 355 331 355 380  6
377 1532 1589 425 423 408 296 355 355 343 355 381  7
376 427 347 363 427 413 291 355 355 335 355 380  8
376 1200 1297 416 1179 1221 295 1018 1054 333 355 380  9
376 1557 1621 425 1795 1995 311 1643 1792 351 355 380  10
376 508 331 363 516 503 296 488 508 346 355 380  11
Chip#3
314 372 363 373 379 277 394 409 293 305 394 439  0
306 372 463 416 379 392 442 363 339 416 394 433  1
320 408 986 923 425 943 982 440 797 958 449 442  2
312 406 813 755 388 741 775 415 678 753 406 434  3
309 363 363 363 386 279 391 363 315 378 392 433  4
312 363 403 379 379 280 396 418 823 973 431 435  5
311 363 363 379 379 273 388 413 763 863 410 432  6
309 363 363 363 379 277 393 363 296 312 394 436  7
311 405 403 379 382 283 395 413 297 314 397 440  8
311 363 403 379 381 277 393 363 288 307 391 434  9
314 405 404 379 379 279 396 410 299 309 399 438  10
323 405 405 379 385 286 399 413 301 314 403 445  11
Chip#4
457 411 460 363 363 388 402 402 304 402 276 436  0
448 363 454 391 345 330 393 393 294 395 266 425  1
455 363 459 432 379 388 430 435 308 421 304 434  2
451 363 479 1451 1379 401 1496 1451 318 1317 1337 453  3
458 363 470 1123 1113 363 1086 1102 317 1131 1081 447  4
457 363 461 424 430 363 406 409 307 411 284 439  5
448 363 482 1435 1147 387 399 400 300 401 273 427  6
450 363 475 1293 1076 388 399 396 301 401 275 431  7
448 363 454 363 363 338 395 398 300 399 268 429  8
452 363 455 363 363 388 400 406 302 402 275 432  9
454 363 456 363 363 337 396 401 301 400 274 428  10
457 363 458 363 363 389 400 402 303 402 276 431  11
