
Chip#1
115 117 111 143 106 111 102 108 108 114 115 114  0
108 114 99 143 102 107 98 101 104 105 109 109  1
109 107 109 143 105 110 103 110 108 110 111 109  2
113 113 135 143 110 139 124 110 133 125 115 113  3
111 114 137 143 106 130 117 106 126 118 114 112  4
112 117 113 143 110 115 103 110 112 107 112 113  5
108 113 128 143 106 113 105 106 106 109 109 109  6
112 114 126 143 104 112 99 105 107 105 112 105  7
111 114 110 143 107 115 104 101 107 112 114 108  8
109 111 111 143 106 112 104 108 109 108 110 113  9
111 116 110 143 105 115 97 108 112 114 114 111  10
111 110 109 143 102 110 99 106 106 107 105 15000  11
Chip#2
114 110 96 98 110 105 109 101 98 102 104 106  0
109 107 98 100 110 107 115 101 100 102 103 111  1
111 105 97 101 110 110 111 97 98 103 104 110  2
107 103 95 98 105 103 109 95 96 101 103 105  3
104 98 95 93 101 98 105 98 94 97 100 98  4
105 103 99 97 107 101 112 95 94 97 100 100  5
104 102 98 100 113 104 109 97 97 103 104 108  6
102 98 95 94 101 100 105 92 93 95 102 101  7
101 101 89 93 107 98 107 95 94 97 96 101  8
104 105 99 101 103 110 112 97 98 101 99 102  9
104 106 99 101 110 107 113 98 102 101 104 109  10
102 102 93 97 105 101 109 94 94 94 95 15000  11
