
Chip#1
112 109 104 113 105 108 105 105 104 105 103 107  0
101 96 145 166 104 124 173 102 109 157 92 98  1
95 93 587 760 112 538 1044 140 355 930 185 92  2
101 100 220 308 104 243 440 104 209 494 130 94  3
99 95 93 99 101 99 104 97 102 99 93 89  4
98 97 119 126 103 111 125 107 273 561 130 96  5
96 101 103 104 102 105 114 102 216 447 112 94  6
97 93 98 97 101 95 99 96 101 96 94 90  7
97 100 115 116 100 108 119 95 103 96 97 94  8
96 95 108 109 101 103 114 97 99 97 94 92  9
102 104 100 99 103 95 100 101 100 100 94 94  10
105 100 103 101 103 103 105 104 103 103 101 15000  11
Chip#2
103 103 99 103 101 96 100 97 98 99 100 101  0
105 103 104 104 102 102 102 98 102 101 100 104  1
107 100 101 103 107 104 101 99 98 99 101 101  2
103 100 109 178 133 104 199 164 100 159 184 103  3
100 92 110 234 173 96 231 187 94 170 184 95  4
104 106 109 122 114 107 112 106 104 105 101 109  5
106 99 105 133 121 103 105 105 100 102 104 104  6
93 90 100 201 159 88 94 91 92 92 95 89  7
101 98 94 119 111 99 96 95 98 98 96 95  8
99 95 94 94 99 97 95 97 94 97 94 94  9
99 99 101 99 101 97 101 102 98 102 102 101  10
106 110 107 107 110 104 108 106 105 108 106 15000  11
