
Chip#1
109 110 106 129 104 107 104 105 107 108 110 113  0
108 112 109 129 105 113 104 101 106 112 109 111  1
108 110 107 129 109 111 107 105 106 107 109 108  2
111 113 107 111 109 115 108 108 108 108 112 112  3
113 112 109 129 110 111 107 105 108 110 111 111  4
113 117 114 129 113 120 107 108 107 112 114 117  5
105 114 109 129 107 108 107 108 106 105 109 112  6
112 109 113 129 107 111 100 108 104 107 112 109  7
107 107 109 129 107 112 103 108 106 107 112 113  8
111 118 111 129 111 113 104 110 105 108 116 113  9
107 110 101 129 104 110 102 104 102 108 106 112  10
109 111 111 129 109 112 105 109 109 110 112 15000  11
Chip#2
111 106 105 105 113 111 124 104 105 107 112 111  0
115 106 108 108 117 118 121 106 103 109 111 114  1
109 102 100 98 105 110 115 99 102 107 108 113  2
108 105 106 102 110 112 116 104 98 110 110 106  3
107 101 102 98 105 108 111 99 98 105 106 106  4
111 110 108 106 110 111 116 102 106 105 106 108  5
108 103 102 105 107 108 116 101 101 107 108 108  6
104 98 100 96 104 107 113 98 96 105 107 105  7
108 103 100 100 105 108 112 99 102 105 104 104  8
104 102 103 101 111 111 113 99 103 105 108 106  9
108 101 100 102 105 108 111 101 100 103 103 105  10
107 99 102 98 105 107 113 99 100 106 107 15000  11
