
Chip#1
116 117 115 143 107 112 102 108 110 114 120 120  0
116 114 111 113 110 113 107 106 112 112 116 113  1
111 109 107 106 102 111 102 100 108 103 105 109  2
113 112 265 236 104 303 244 108 283 224 112 108  3
112 113 274 253 110 240 196 109 215 172 112 109  4
107 111 113 129 107 111 98 105 106 107 112 109  5
107 109 228 230 104 120 106 105 116 110 109 109  6
104 103 206 211 105 117 104 100 109 105 109 104  7
103 105 98 129 102 107 94 101 104 104 102 103  8
107 111 107 129 107 121 111 108 112 117 112 114  9
104 111 107 129 104 112 103 102 107 109 108 114  10
108 113 110 111 106 110 100 100 110 102 109 15000  11
Chip#2
104 97 90 94 103 100 105 91 92 97 99 101  0
104 99 93 101 103 100 108 94 89 102 100 102  1
107 105 98 101 111 105 113 97 96 106 107 108  2
105 103 90 96 103 108 116 91 96 101 99 102  3
109 99 95 100 107 108 115 97 98 103 102 105  4
107 99 95 93 103 100 104 91 89 94 100 101  5
98 98 109 106 101 101 107 90 94 95 99 102  6
107 105 114 109 107 105 109 98 101 103 103 105  7
107 99 90 98 105 103 105 92 92 99 102 100  8
107 99 121 113 105 130 127 97 110 116 98 101  9
107 101 118 112 111 126 121 94 104 110 100 102  10
109 102 97 100 111 104 111 98 98 101 104 15000  11
