
Chip#1
104 116 102 95 109 106 95 100 101 108 102 106  0
110 116 105 101 107 104 94 104 106 111 109 109  1
107 110 153 144 105 142 162 106 138 177 101 105  2
105 125 770 788 113 732 959 133 723 944 132 106  3
110 123 493 538 116 478 624 123 512 646 124 109  4
107 113 140 138 108 119 114 103 118 128 105 101  5
109 126 667 716 122 120 118 110 114 126 105 110  6
110 123 570 609 119 116 107 110 112 122 109 110  7
104 113 119 117 107 101 98 104 104 109 105 106  8
105 110 102 97 101 106 106 103 108 115 99 101  9
105 117 104 98 109 115 114 107 112 119 107 111  10
104 105 100 97 104 97 89 99 102 104 98 95  11
Chip#2
111 118 115 116 120 115 108 112 113 119 118 118  0
109 122 116 111 113 112 103 111 115 115 114 115  1
109 115 117 111 117 116 95 110 113 113 112 116  2
109 122 125 117 125 125 107 110 120 123 117 119  3
115 119 121 115 130 126 108 123 127 125 122 118  4
105 138 140 112 118 118 102 108 111 115 109 112  5
112 959 1108 128 124 115 105 112 115 113 112 111  6
108 1130 1296 128 125 127 99 115 122 111 111 107  7
116 182 197 119 146 141 110 136 137 123 117 118  8
109 874 1031 124 795 911 105 736 784 111 109 105  9
129 1244 1338 147 1433 1578 130 1309 1535 132 114 112  10
113 191 188 117 222 218 108 232 246 122 121 122  11
Chip#3
109 94 109 106 106 98 108 108 102 105 104 119  0
108 104 201 175 114 190 174 116 162 204 118 125  1
107 155 695 635 162 684 654 144 544 693 169 123  2
106 119 517 486 129 516 464 114 431 504 123 115  3
98 85 109 99 103 93 100 98 115 142 99 101  4
100 93 108 103 104 97 104 108 577 708 146 111  5
102 93 109 101 100 97 109 108 525 621 129 107  6
105 92 117 107 106 98 105 110 102 114 109 117  7
93 93 106 98 102 97 104 97 91 93 98 113  8
98 88 107 106 104 95 108 104 95 97 102 110  9
103 96 112 103 110 98 105 100 96 101 105 114  10
101 86 104 92 96 87 96 90 91 95 95 111  11
Chip#4
716 651 714 651 678 641 747 651 612 671 566 682  0
811 655 811 656 688 644 763 646 612 795 571 684  1
729 654 811 710 725 648 811 703 612 811 624 687  2
729 652 843 2171 2005 674 2171 2155 635 1989 1904 719  3
720 644 811 1675 1627 653 1675 1727 635 1733 1595 698  4
811 655 827 687 704 654 779 654 635 795 580 686  5
719 643 843 2155 1771 643 747 648 635 779 575 682  6
811 660 859 1967 1595 657 763 656 635 795 582 698  7
731 652 811 672 695 651 763 656 635 779 578 693  8
732 658 811 669 695 651 779 657 635 688 581 690  9
811 649 811 661 684 646 763 653 635 779 575 685  10
811 662 827 667 695 654 779 657 635 795 580 693  11
