
Chip#1
101 104 99 89 97 93 92 96 93 97 98 99  0
107 108 101 97 103 100 92 106 98 112 103 101  1
106 114 162 148 107 146 171 104 141 181 102 103  2
105 122 793 803 118 733 993 138 735 978 132 103  3
109 116 496 536 114 476 634 121 515 654 122 103  4
109 114 139 142 108 116 121 108 120 128 107 105  5
101 118 677 716 116 110 111 106 106 118 102 102  6
104 117 581 620 115 109 110 104 103 118 106 103  7
106 114 125 121 107 104 99 108 101 112 105 107  8
104 112 106 101 107 109 115 108 106 116 106 106  9
106 116 106 97 104 108 111 108 105 111 107 109  10
110 118 108 105 107 105 99 108 104 115 107 103  11
Chip#2
109 118 116 111 113 112 100 112 107 113 106 115  0
107 113 111 103 109 108 100 107 106 109 109 111  1
112 122 117 111 113 112 103 111 116 113 112 117  2
102 108 106 100 109 108 90 103 108 108 102 110  3
112 118 126 120 126 130 105 121 120 115 109 118  4
111 144 150 119 118 119 107 116 115 119 118 117  5
117 959 1117 125 121 117 107 119 119 117 112 118  6
119 1132 1308 133 124 131 104 121 122 115 108 118  7
117 182 192 121 153 145 109 133 129 117 111 122  8
117 880 1040 129 795 923 113 745 786 115 113 113  9
128 1250 1349 143 1449 1587 130 1312 1535 132 113 118  10
151 191 198 126 224 231 115 233 255 126 124 127  11
