
Chip#1
119 122 116 129 113 120 114 108 110 118 127 126  0
128 122 116 129 115 121 113 114 112 115 119 125  1
111 113 106 129 107 120 110 110 109 114 112 114  2
112 116 594 481 109 690 551 109 621 462 110 113  3
109 118 616 526 110 496 360 109 418 307 108 111  4
104 105 107 129 105 115 104 104 104 108 106 108  5
111 113 469 473 107 140 132 112 128 128 109 105  6
107 113 431 429 105 135 122 108 118 120 108 109  7
112 110 111 129 106 116 106 108 101 107 110 111  8
116 116 110 129 111 150 136 110 139 140 112 120  9
116 116 113 129 110 140 126 109 122 128 115 118  10
119 120 118 129 109 116 110 109 106 114 112 15000  11
Chip#2
107 105 100 101 111 114 116 101 101 106 103 111  0
111 106 105 108 110 114 117 104 103 109 110 110  1
109 110 108 112 114 119 125 106 108 110 110 115  2
105 102 99 104 107 166 145 98 119 118 104 109  3
114 105 102 108 111 144 141 101 114 114 108 111  4
108 106 108 112 118 120 120 102 106 114 111 110  5
105 105 223 172 114 128 129 102 118 121 110 110  6
109 109 191 153 113 121 131 105 116 120 110 110  7
104 101 103 106 111 114 120 98 103 107 110 105  8
108 105 269 222 115 292 243 102 238 212 110 108  9
108 107 242 178 114 241 202 102 192 181 108 113  10
107 101 105 104 108 112 111 98 105 107 111 15000  11
