
Chip#1
115 114 110 109 107 110 107 104 107 114 112 116  0
112 106 105 106 101 107 99 104 102 107 106 112  1
113 109 106 113 105 111 107 106 106 115 109 109  2
113 114 393 341 109 456 368 108 435 340 111 113  3
104 105 398 362 105 335 265 104 300 224 110 105  4
106 103 101 103 100 104 99 98 100 104 101 104  5
112 112 315 325 109 124 121 102 121 123 110 107  6
112 112 299 296 109 121 114 104 114 117 112 109  7
109 102 101 110 101 104 104 101 104 104 108 105  8
111 102 105 107 105 118 115 101 120 120 108 105  9
108 102 107 129 105 120 113 106 112 115 106 109  10
113 105 106 129 106 112 109 105 107 107 112 15000  11
Chip#2
104 103 108 98 110 107 109 105 101 101 106 106  0
95 95 95 97 101 103 111 95 93 97 99 100  1
102 98 95 98 101 105 111 98 97 95 99 100  2
95 95 96 94 98 119 120 98 96 97 92 97  3
96 101 102 100 104 118 115 101 102 103 102 104  4
98 98 99 100 105 105 107 99 97 97 100 101  5
104 97 139 125 104 107 108 98 103 105 103 102  6
105 103 138 117 110 111 117 102 103 106 106 106  7
101 98 100 98 104 108 108 95 93 99 102 104  8
99 102 152 143 105 170 153 98 139 133 100 105  9
102 101 141 127 105 148 142 104 127 125 106 106  10
101 99 100 98 103 105 109 101 92 98 103 15000  11
