
Chip#1
73 178 147 0 20 92 38 85 95 122 173 216  0
41 165 387 360 36 300 614 117 162 582 194 172  1
25 165 2726 3488 188 3676 3942 476 2283 3908 1029 176  2
25 163 731 1007 36 1212 2662 207 975 3397 435 173  3
9 156 154 12 36 92 54 101 106 182 175 163  4
9 155 219 101 20 196 134 85 1561 3883 443 160  5
25 165 192 45 36 124 102 101 1081 2995 348 166  6
25 161 150 10 36 108 54 101 96 130 168 160  7
25 163 219 95 36 196 102 101 98 121 163 159  8
9 159 215 50 20 124 86 69 89 115 161 155  9
25 164 154 5 36 92 38 85 92 121 164 160  10
41 166 159 6 36 92 54 150 96 122 169 15000  11
Chip#2
239 102 200 77 33 259 126 130 160 151 143 97  0
239 191 200 74 35 259 126 128 162 154 145 97  1
239 94 195 76 36 259 125 134 161 154 147 92  2
239 93 260 581 244 259 507 437 163 388 433 102  3
239 93 302 897 443 259 603 470 163 401 425 98  4
239 96 200 188 60 259 147 143 166 159 152 94  5
239 191 205 285 130 259 132 138 166 159 156 97  6
239 191 274 684 403 259 150 156 175 172 176 105  7
239 99 205 197 85 259 131 139 172 159 152 98  8
239 191 196 140 40 259 132 142 169 159 158 98  9
239 95 195 81 37 259 139 150 167 162 165 99  10
239 95 201 140 44 259 132 136 166 157 153 15000  11
