
Chip#1
107 110 109 129 109 108 100 102 105 110 112 118  0
105 109 105 129 105 108 100 104 105 105 109 109  1
109 110 110 111 107 117 109 106 109 114 111 114  2
107 107 326 289 110 385 311 109 355 285 114 112  3
112 118 341 315 116 298 239 113 264 207 118 121  4
107 113 110 129 104 112 102 102 104 105 109 112  5
108 110 272 279 107 129 120 105 116 119 111 113  6
112 109 259 264 111 129 114 110 112 115 109 116  7
105 109 109 129 106 112 104 106 107 107 105 116  8
112 110 110 129 109 126 116 104 117 120 111 112  9
111 113 113 129 111 121 114 112 114 118 114 118  10
107 107 111 129 107 113 105 110 106 109 110 15000  11
Chip#2
105 102 102 100 107 110 113 99 100 108 107 111  0
109 103 100 102 110 112 112 104 102 107 108 108  1
99 99 99 98 105 108 113 99 94 102 107 106  2
99 103 95 96 105 117 117 98 103 103 107 104  3
105 106 103 100 107 117 119 105 103 109 108 109  4
98 101 98 91 98 107 103 94 92 98 102 101  5
102 101 126 115 107 111 111 99 104 105 106 109  6
104 103 120 109 108 111 115 99 103 106 104 108  7
102 102 95 100 108 110 111 99 103 105 106 110  8
101 102 136 125 104 149 143 95 129 128 103 104  9
102 103 132 117 101 135 133 99 118 124 107 106  10
104 103 100 98 105 107 108 97 97 105 106 15000  11
