
Chip#1
124 122 118 129 113 124 109 113 108 117 120 129  0
122 121 113 129 111 122 109 114 109 115 116 122  1
115 114 110 129 109 115 110 109 110 115 112 113  2
115 118 631 517 115 736 589 118 665 498 116 113  3
108 116 661 557 115 531 387 110 446 331 109 114  4
103 106 109 113 105 112 100 100 102 104 108 109  5
115 117 517 509 113 147 136 113 132 135 112 118  6
115 114 464 454 114 144 131 112 124 128 114 116  7
112 112 110 129 107 118 102 108 104 110 111 114  8
108 114 110 129 107 149 137 104 138 135 111 116  9
107 106 105 102 104 134 119 106 114 125 104 108  10
109 114 113 107 106 120 99 102 102 110 111 15000  11
Chip#2
105 105 106 109 117 114 120 104 106 109 114 113  0
112 106 109 114 118 117 124 109 112 118 116 117  1
112 110 109 112 113 117 123 111 109 113 112 114  2
117 110 114 117 115 197 172 111 129 132 112 115  3
121 117 109 117 124 173 153 115 132 129 116 121  4
114 109 111 118 118 123 123 108 112 117 114 118  5
121 123 290 224 127 148 141 118 142 137 121 121  6
119 122 256 223 123 141 137 119 131 131 121 123  7
108 109 108 113 114 118 124 106 109 112 110 114  8
115 114 354 289 123 385 316 112 304 268 117 118  9
111 118 304 229 120 310 250 108 246 235 111 117  10
122 114 114 117 120 123 129 112 114 117 121 15000  11
