
Chip#1
104 107 106 129 102 108 99 102 100 107 111 111  0
111 117 113 129 114 117 107 110 106 114 119 118  1
107 107 110 129 105 106 103 104 102 105 109 105  2
111 112 110 129 113 113 102 110 106 112 116 120  3
112 114 113 129 114 115 108 110 109 114 116 114  4
104 105 106 105 106 107 98 100 98 107 106 108  5
109 111 113 129 109 115 105 110 107 105 110 113  6
102 105 101 129 105 107 98 102 96 103 109 105  7
102 106 102 109 102 111 99 102 100 108 109 109  8
109 112 110 129 111 112 107 108 105 112 114 112  9
102 109 103 107 101 108 98 104 98 105 108 108  10
112 111 113 129 110 112 108 113 109 113 116 15000  11
Chip#2
98 98 99 97 107 98 113 94 97 103 103 104  0
102 101 100 97 105 104 109 98 97 103 107 104  1
105 101 100 98 103 104 107 95 97 108 106 106  2
101 101 96 96 101 104 107 92 98 101 104 105  3
101 97 100 93 104 104 108 97 97 102 103 102  4
102 101 103 94 107 105 111 97 97 102 102 104  5
98 94 98 91 101 98 101 95 94 99 100 97  6
108 103 102 97 110 108 113 99 100 103 106 106  7
108 103 96 97 108 105 116 101 100 102 106 105  8
101 99 102 91 104 104 108 94 96 103 103 102  9
105 98 100 97 107 105 112 98 97 105 104 105  10
111 103 103 101 114 114 112 99 102 110 107 15000  11
