
Chip#1
166 141 123 113 111 116 117 117 113 118 135 154  0
145 109 117 111 106 112 110 112 111 115 109 124  1
114 108 122 132 121 117 112 123 124 115 112 104  2
119 108 308 132 1411 126 122 2870 3199 119 114 108  3
118 109 171 3836 181 132 131 1916 2368 126 117 110  4
107 109 111 117 115 113 115 116 121 110 103 99  5
109 109 116 119 115 118 112 122 120 116 109 103  6
110 108 127 2165 715 119 120 1450 2361 117 112 99  7
110 109 240 2165 2284 118 119 1450 3941 122 116 105  8
119 108 123 222 129 123 122 288 258 121 116 109  9
126 104 105 108 109 108 111 109 107 106 104 115  10
200 121 125 114 116 122 120 120 122 122 139 15000  11
Chip#2
110 108 105 98 89 99 110 99 106 98 104 99  0
119 114 113 111 89 114 114 99 117 113 113 114  1
106 104 105 102 89 104 110 99 108 103 101 105  2
111 106 116 124 783 180 110 100 316 344 112 110  3
106 108 115 158 727 173 112 100 399 515 108 107  4
111 109 112 110 105 110 114 100 116 115 114 113  5
109 108 113 104 105 110 113 104 120 110 109 110  6
104 98 109 102 251 104 105 100 249 158 104 105  7
104 102 110 119 529 236 105 100 764 591 104 104  8
109 104 111 103 215 113 113 100 180 174 102 108  9
114 116 118 103 105 112 119 100 115 110 112 113  10
125 113 113 111 105 112 112 100 117 110 109 15000  11
