
Chip#1
97 101 102 95 101 107 103 104 103 94 97 99  0
103 99 102 101 108 109 103 106 105 100 100 104  1
103 109 107 102 113 110 105 117 116 105 108 109  2
105 108 105 101 107 111 104 106 107 102 104 103  3
102 108 111 107 109 115 110 112 113 105 106 113  4
109 108 110 104 115 110 110 112 116 107 108 109  5
108 106 106 100 109 109 106 107 106 102 100 102  6
104 106 105 102 108 108 107 106 109 100 101 104  7
105 107 111 104 111 117 110 114 112 103 103 108  8
111 109 110 106 112 114 113 111 111 106 103 110  9
100 108 100 96 105 104 107 106 105 97 101 103  10
104 107 105 100 113 114 105 110 106 101 104 103  11
Chip#2
183 199 226 240 249 220 238 228 211 218 218 279  0
183 199 267 240 249 257 238 228 248 2778 1695 251  1
183 199 277 240 249 270 238 228 275 2778 1695 266  2
258 263 266 299 289 252 297 292 257 434 391 248  3
258 263 277 299 289 278 297 292 273 434 3787 254  4
258 263 277 299 289 286 297 292 301 434 3787 264  5
270 280 276 312 300 265 315 301 264 330 299 252  6
270 280 292 312 300 280 315 301 289 330 299 263  7
270 280 281 312 300 284 315 301 311 330 299 254  8
278 280 266 305 287 257 318 287 253 323 283 246  9
278 280 283 305 287 276 318 287 289 323 2350 258  10
278 280 288 305 287 284 318 287 370 323 2350 294  11
