
Chip#1
984 913 965 876 940 1007 874 1207 1125 1029 939 942  0
984 908 966 871 935 1003 874 1200 1109 1029 933 942  1
984 908 1015 871 938 1007 874 1204 1125 1029 936 942  2
984 914 972 881 943 1012 880 1210 1125 1029 942 942  3
984 914 968 882 940 1010 877 1206 1125 1029 943 942  4
984 909 966 876 940 1005 876 1203 1181 1029 939 942  5
984 913 968 881 944 1005 883 1206 1125 1029 943 942  6
984 918 1073 885 946 1034 882 1214 1185 1029 944 942  7
984 914 970 882 944 1010 879 1207 1125 1029 939 942  8
984 912 1072 880 940 1010 879 1209 1125 1029 940 942  9
984 919 1072 885 948 1034 884 1218 1188 1029 945 942  10
984 916 973 887 942 1012 885 1214 1125 1029 946 15000  11
Chip#2
533 259 301 422 354 355 305 296 392 343 333 469  0
549 259 299 422 350 363 182 280 392 354 341 469  1
533 256 295 422 353 362 289 280 392 346 335 469  2
542 258 299 427 362 366 289 296 392 349 336 485  3
540 256 304 423 351 367 305 296 408 351 340 485  4
533 249 295 413 350 355 289 280 392 353 335 469  5
540 259 301 416 351 355 289 280 392 347 339 469  6
544 262 301 421 355 361 289 280 392 354 343 396  7
542 261 303 423 357 366 289 280 408 358 341 485  8
536 259 304 425 353 355 289 280 392 349 344 469  9
546 259 297 418 349 358 289 280 408 349 341 469  10
542 253 301 418 348 361 289 280 408 347 335 15000  11
Chip#3
26 34 0 46 0 16 23 0 0 0 0 0  0
26 34 0 46 0 16 23 0 0 0 0 0  1
26 34 0 46 0 16 23 0 0 0 0 0  2
26 34 0 46 0 16 23 0 0 0 0 0  3
26 34 0 46 0 16 23 0 0 0 0 0  4
26 34 0 46 0 16 23 0 0 0 0 0  5
26 34 0 46 0 16 23 0 0 0 0 0  6
26 34 0 46 0 16 23 0 0 0 0 0  7
26 34 0 46 0 16 23 0 0 0 0 0  8
26 34 0 46 0 16 23 0 0 0 0 0  9
26 34 0 46 0 16 23 0 0 0 0 0  10
26 34 0 46 0 16 23 0 0 0 0 15000  11
Chip#4
1410 1379 1513 1671 1845 1810 1939 2115 2219 2552 2840 3256  0
1510 1466 1662 1783 1944 1884 2044 2115 2391 2645 2962 3432  1
1573 1536 1726 1862 2024 1964 2108 2298 2403 2752 3073 3555  2
1541 1501 1694 1824 1969 1906 2054 2218 2403 2669 2974 3448  3
1462 1420 1550 1720 1835 1843 1940 2090 2204 2542 2845 3313  4
1558 1514 1694 1824 1971 1910 2060 2218 2391 2674 3009 3480  5
1595 1539 1703 1862 2039 1976 2109 2298 2411 2776 3104 3613  6
1535 1482 1662 1794 1934 1871 2020 2179 2411 2627 2945 3416  7
1521 1482 1601 1781 1919 1860 2007 2180 2327 2604 2927 3400  8
1611 1578 1722 1897 2085 2030 2171 2346 2481 2852 3153 3688  9
1620 1603 1744 1932 2122 2075 2222 2410 2599 2886 3235 3752  10
1554 1524 1744 1838 2009 1970 2108 2298 2418 2771 3092 15000  11
