
Chip#1
108 105 108 185 209 106 105 97 103 101 101 101  0
108 114 147 907 1027 241 116 117 102 115 111 101  1
116 115 139 832 1011 242 128 123 113 120 119 108  2
106 102 108 246 289 114 105 104 101 99 101 98  3
117 114 164 950 966 206 125 120 112 115 114 107  4
111 109 138 724 795 168 116 112 103 110 106 100  5
270 294 119 130 138 114 107 104 106 108 105 100  6
1111 1193 276 117 120 106 112 108 108 117 117 98  7
847 861 191 118 118 113 111 114 109 122 131 102  8
291 354 129 113 111 111 111 107 103 113 107 105  9
929 1013 278 118 121 109 119 111 110 128 131 105  10
691 706 166 105 109 101 112 104 108 121 117 15000  11
Chip#2
90 110 114 114 118 108 103 103 89 109 105 110  0
91 116 115 1584 2635 188 111 118 89 112 109 112  1
112 131 127 3279 2635 345 129 124 89 128 120 110  2
112 123 119 287 531 130 114 113 89 115 109 113  3
112 125 116 2070 3598 217 133 121 89 125 121 110  4
112 139 128 2587 3598 264 141 133 89 124 120 109  5
112 205 139 159 200 138 130 127 105 113 112 115  6
1640 205 849 135 143 131 139 142 104 138 131 113  7
1417 205 691 126 131 131 137 133 99 121 120 115  8
150 504 163 120 113 119 120 115 99 109 106 110  9
1431 504 1171 119 126 113 129 129 99 140 131 115  10
798 3030 507 110 113 110 115 116 99 118 117 15000  11
