
Chip#1
121 125 118 129 114 116 110 113 109 119 125 132  0
108 109 101 129 101 103 98 101 100 102 111 112  1
111 111 114 129 107 116 108 106 108 113 110 117  2
107 116 596 497 109 696 567 113 649 491 115 112  3
105 113 635 552 111 496 378 109 444 328 112 112  4
104 110 106 129 105 112 100 108 102 105 106 111  5
105 112 488 488 104 138 128 108 130 129 110 109  6
107 113 453 450 113 141 133 110 124 122 115 113  7
103 106 106 110 104 110 100 102 102 104 106 111  8
107 116 115 145 113 146 136 112 139 138 114 118  9
102 112 105 111 105 131 120 108 118 124 111 111  10
107 113 111 110 106 111 103 100 102 109 110 15000  11
Chip#2
111 107 105 108 117 114 123 105 106 109 112 113  0
109 107 103 104 108 114 117 99 105 107 111 111  1
117 107 109 109 113 119 123 108 109 113 113 117  2
111 106 105 102 114 170 152 104 123 120 111 115  3
108 105 103 101 110 147 139 101 114 113 107 108  4
108 107 108 102 113 112 116 98 103 105 107 108  5
111 107 228 177 110 126 124 105 126 118 107 111  6
104 109 191 152 105 120 123 98 113 116 102 106  7
109 105 109 106 113 119 121 102 103 110 110 113  8
108 110 281 225 111 301 248 104 245 222 112 113  9
108 110 243 185 113 246 205 102 201 201 113 117  10
114 106 108 104 111 114 113 102 108 106 113 15000  11
