
Chip#1
954 805 919 726 891 955 823 1145 1030 900 883 797  0
961 873 923 742 897 962 831 1161 1038 1004 885 829  1
959 870 923 825 896 963 831 1170 1092 1004 889 829  2
958 867 920 822 892 961 832 1170 1033 1004 884 829  3
958 868 926 742 898 968 832 1170 1092 1004 889 829  4
959 870 924 742 893 963 831 1161 1092 1004 887 813  5
961 868 921 826 891 959 830 1170 1092 1004 885 829  6
961 864 920 828 891 961 829 1170 1092 1004 885 829  7
961 805 924 742 896 967 836 1170 1035 1004 891 829  8
961 870 926 831 896 966 834 1170 1092 1004 890 829  9
961 805 923 829 897 963 831 1161 1035 1004 887 829  10
961 873 927 834 893 967 837 1170 1041 1004 895 15000  11
Chip#2
637 358 485 579 504 525 393 440 521 507 506 607  0
641 422 487 597 516 540 393 456 599 512 514 610  1
656 434 507 619 539 562 393 472 599 533 526 625  2
653 434 511 624 551 569 401 488 530 531 526 625  3
678 460 535 653 569 591 423 520 530 560 549 709  4
698 487 564 676 596 620 452 536 633 588 566 725  5
767 515 600 718 637 656 576 624 665 608 588 773  6
801 563 640 795 729 747 624 624 713 641 687 798  7
825 597 728 832 771 788 672 648 745 675 728 798  8
863 635 758 878 814 842 659 696 777 711 733 822  9
903 720 805 917 864 886 705 760 786 794 763 844  10
951 761 846 961 886 915 722 760 786 763 728 15000  11
Chip#3
2 8 0 23 0 0 0 3843 3689 3554 3290 3004  0
2 8 0 23 0 0 0 3918 3857 3663 3549 3267  1
2 8 0 23 0 0 0 3925 3880 3810 3738 3533  2
2 4079 0 4030 3804 3856 3943 3903 3947 3869 3738 3887  3
3860 3775 3701 3710 3599 3665 3877 3850 3954 4026 3738 3887  4
3561 3364 3516 3534 3432 3585 3754 3849 3987 4026 3738 3887  5
3289 3139 3319 3351 3344 3505 3691 3719 3928 4026 3738 3887  6
3065 2991 3130 3310 3346 3483 3637 3626 3853 3884 3738 3963  7
2857 2824 3079 3310 3406 3498 3589 3580 3673 3826 3876 3906  8
2668 2735 3047 3294 3371 3497 3529 3460 3597 3675 3875 3843  9
2585 2571 2939 3214 3272 3424 3474 3386 3482 3586 3609 3562  10
2505 2568 2907 3095 3270 3358 3409 3324 3394 3462 3546 15000  11
Chip#4
0 0 0 0 0 0 0 0 0 0 0 0  0
0 0 0 0 0 0 0 0 0 0 0 0  1
0 0 0 0 0 0 0 0 0 0 0 0  2
0 0 0 0 0 0 0 0 0 0 0 0  3
0 0 0 0 0 0 0 0 0 0 0 0  4
0 0 0 0 0 0 0 0 0 0 0 0  5
0 0 0 0 0 0 0 0 0 0 0 0  6
0 0 0 0 0 0 0 0 0 0 0 0  7
0 0 0 0 0 0 0 0 0 0 0 0  8
0 0 0 0 0 0 0 0 0 0 0 0  9
0 0 0 0 0 0 0 0 0 0 0 0  10
0 0 0 0 0 0 0 0 0 0 0 15000  11
