
Chip#1
113 115 111 119 121 108 135 133 106 113 105 103  0
162 160 125 178 189 133 403 415 133 122 131 101  1
152 154 123 170 189 133 392 415 133 124 131 101  2
138 134 119 122 126 113 154 191 112 119 147 112  3
218 211 135 139 139 132 432 443 164 126 131 112  4
190 192 128 133 137 136 427 441 164 129 131 115  5
133 122 116 116 114 113 156 159 112 115 109 108  6
196 196 125 132 128 133 475 437 131 133 131 106  7
181 196 122 129 126 132 445 438 129 131 131 107  8
139 131 114 118 116 113 175 188 108 117 131 105  9
205 204 135 130 122 184 487 438 126 152 163 111  10
183 204 129 125 122 140 454 397 126 143 147 15000  11
Chip#2
112 108 109 104 106 105 105 100 89 107 106 114  0
128 115 108 103 119 108 267 269 89 108 110 113  1
112 126 110 116 125 109 497 478 89 111 109 113  2
112 104 103 98 104 103 124 119 89 99 97 108  3
112 126 114 104 118 115 312 340 89 114 111 109  4
112 139 114 113 115 119 347 366 89 113 110 115  5
112 110 109 102 106 113 114 106 89 105 100 109  6
128 133 116 110 118 114 301 321 89 119 114 120  7
128 131 119 109 120 115 239 245 89 111 111 114  8
84 110 101 94 103 104 128 136 89 105 103 104  9
128 130 112 100 104 106 501 573 89 108 114 108  10
128 125 109 107 110 108 241 286 89 107 103 15000  11
