
Chip#1
105 102 102 106 101 98 102 101 95 95 99 95  0
135 119 114 130 136 114 195 201 114 112 109 103  1
132 119 112 132 137 113 183 186 116 104 131 101  2
108 106 100 107 109 105 105 110 100 98 99 94  3
146 135 119 118 115 112 199 201 120 110 107 102  4
143 129 114 119 119 111 189 198 120 110 109 102  5
106 107 103 103 107 104 112 108 101 104 99 94  6
147 127 119 117 120 120 207 198 116 109 131 102  7
132 115 100 107 107 105 189 177 107 107 131 95  8
108 104 96 103 100 100 109 102 97 96 96 94  9
135 122 109 111 108 109 192 191 104 112 110 98  10
137 120 110 112 117 114 194 177 112 118 115 15000  11
Chip#2
78 98 94 89 93 92 89 91 89 93 93 100  0
112 102 100 94 96 96 141 138 89 98 96 104  1
112 108 106 100 108 100 202 210 89 102 104 108  2
81 95 98 93 98 94 101 93 89 98 96 103  3
112 112 102 99 106 105 157 178 89 106 104 113  4
112 112 106 103 104 104 164 162 89 101 103 110  5
112 101 96 93 98 102 95 91 89 96 96 107  6
112 109 102 97 99 100 144 149 89 100 103 110  7
77 99 96 94 99 100 127 125 89 94 98 105  8
80 98 98 92 98 96 97 103 89 98 99 105  9
82 101 100 94 95 97 190 208 89 101 97 102  10
112 106 102 93 95 102 128 141 89 101 97 15000  11
