
Chip#1
385 395 305 416 392 388 363 333 317 295 319 363  0
382 379 296 420 389 388 363 332 315 293 306 363  1
381 379 301 422 392 389 404 339 329 304 306 298  2
381 379 1691 1497 405 1995 1611 352 1857 1366 308 298  3
381 379 1779 1591 406 1403 1099 351 1211 867 311 301  4
381 379 307 425 395 388 363 335 324 297 306 347  5
380 363 1353 1435 392 393 457 338 431 345 302 292  6
381 379 1260 1285 400 393 454 340 416 332 308 295  7
381 379 308 432 403 389 407 344 331 305 316 299  8
381 379 307 428 402 410 469 342 448 424 312 363  9
381 379 307 430 395 383 442 345 363 338 312 300  10
381 379 304 423 399 379 363 337 322 296 309 15000  11
Chip#2
395 451 306 396 399 300 294 454 347 412 333 296  0
395 451 305 395 397 300 291 456 347 413 333 297  1
411 459 309 404 404 307 300 462 363 417 341 303  2
395 452 305 398 398 433 394 458 379 428 335 295  3
462 453 306 399 400 413 381 456 379 422 333 300  4
460 454 309 399 396 302 296 452 347 413 334 296  5
411 461 513 480 405 363 378 459 379 432 340 304  6
462 456 477 451 399 313 300 453 379 426 334 298  7
462 453 307 399 398 305 297 458 363 413 337 301  8
462 457 561 525 404 574 497 459 601 522 337 299  9
411 458 523 480 401 511 447 460 555 495 336 299  10
411 452 304 401 400 304 295 454 363 416 340 15000  11
