
Chip#1
106 106 112 111 109 105 107 108 101 102 102 101  0
134 124 120 136 134 120 199 201 121 117 131 108  1
111 117 110 124 127 109 184 182 110 105 102 99  2
132 115 120 123 121 112 125 125 114 109 131 108  3
146 130 120 119 116 113 195 202 115 113 106 109  4
133 119 109 109 108 104 189 187 110 108 97 99  5
109 108 112 113 111 108 117 118 109 108 101 105  6
135 124 121 115 113 117 202 196 119 109 109 103  7
118 119 108 112 108 107 188 181 107 105 101 101  8
132 108 110 112 109 107 122 112 106 107 131 102  9
138 128 115 115 114 116 197 181 108 115 131 103  10
132 114 111 111 106 114 184 181 106 110 109 15000  11
Chip#2
112 104 98 94 101 94 92 91 89 102 96 103  0
112 110 107 99 104 103 143 146 89 106 103 108  1
112 119 110 105 114 108 215 207 89 108 109 113  2
128 109 104 97 104 105 105 109 89 108 106 113  3
112 112 106 94 103 100 150 162 89 108 103 109  4
128 108 98 97 105 99 160 178 89 95 94 103  5
112 106 106 95 101 102 104 102 89 104 99 108  6
112 108 107 100 109 105 148 162 89 107 100 107  7
112 110 110 102 113 106 137 135 89 112 106 113  8
112 100 97 93 100 94 98 99 89 99 97 102  9
112 114 102 97 101 103 193 209 89 104 103 107  10
112 111 100 97 99 96 127 141 89 102 102 15000  11
