
Chip#1
132 116 111 112 119 106 126 125 101 102 104 100  0
174 176 130 197 208 168 400 415 164 122 147 105  1
159 159 124 185 201 137 390 392 127 122 131 101  2
137 129 111 117 122 107 153 159 108 113 107 106  3
219 211 134 134 137 129 432 446 164 126 131 103  4
189 193 121 127 127 125 432 446 134 119 116 101  5
143 130 120 124 121 123 164 159 119 115 111 108  6
206 197 122 125 126 135 448 415 121 123 131 98  7
190 178 125 129 132 140 443 415 132 136 147 108  8
134 127 108 108 107 109 168 159 101 109 105 100  9
206 202 133 127 122 168 487 415 120 143 147 103  10
180 174 114 115 119 146 459 399 122 145 147 15000  11
Chip#2
112 105 104 99 101 104 98 101 94 107 102 109  0
128 117 108 108 123 113 265 280 94 108 106 108  1
128 124 108 113 130 109 489 467 94 109 108 112  2
128 114 110 105 114 113 138 127 94 111 105 109  3
128 127 110 108 116 113 317 356 94 112 112 110  4
128 138 116 108 120 117 350 372 94 115 110 110  5
112 111 110 107 111 114 119 113 94 106 109 107  6
128 129 113 105 119 111 305 328 94 111 111 108  7
128 126 109 108 118 110 236 240 94 107 105 110  8
112 106 106 99 104 109 139 135 94 102 99 102  9
128 135 118 103 114 108 541 620 94 111 109 105  10
112 120 107 94 105 99 249 297 94 107 102 15000  11
