
Chip#1
117 124 108 118 121 107 140 140 107 103 107 99  0
180 182 131 203 218 144 507 521 147 124 131 103  1
164 175 129 198 210 168 490 493 164 126 147 100  2
135 130 109 116 116 106 162 191 107 102 131 96  3
239 232 134 145 139 136 523 551 164 123 131 100  4
211 209 130 140 141 136 522 552 164 132 131 106  5
134 127 107 116 112 108 169 175 104 109 105 101  6
232 228 139 146 140 168 591 559 164 141 147 109  7
196 190 121 132 130 139 545 521 164 137 147 107  8
146 143 114 118 117 119 192 191 112 117 131 107  9
226 228 139 130 130 184 594 506 131 158 163 102  10
197 193 122 128 125 168 555 483 128 155 147 15000  11
Chip#2
128 105 104 103 98 103 97 98 100 105 103 107  0
112 108 101 100 115 96 353 349 99 101 102 99  1
128 126 112 120 138 109 664 674 100 108 111 103  2
112 106 109 99 104 108 141 137 99 107 100 112  3
112 127 104 102 109 106 396 459 99 109 106 105  4
88 137 109 105 116 109 441 491 99 107 106 103  5
112 110 112 104 109 113 116 114 99 107 108 108  6
128 141 122 112 121 117 387 434 100 119 119 114  7
128 132 114 105 115 110 287 299 99 111 110 109  8
112 108 108 99 106 110 144 162 99 111 104 107  9
128 136 109 100 110 104 649 777 100 112 106 104  10
128 126 109 99 109 108 302 369 100 112 108 15000  11
