
Chip#1
111 115 101 116 116 103 132 159 101 102 96 95  0
177 181 134 198 214 168 489 500 164 129 147 105  1
166 174 129 193 219 168 487 485 164 128 147 112  2
144 136 119 123 128 115 168 173 118 113 131 107  3
237 226 135 140 141 137 519 538 164 122 131 107  4
202 203 129 139 139 168 512 528 164 128 147 106  5
134 128 112 112 115 112 172 175 107 109 105 102  6
213 213 126 133 130 141 566 522 138 133 131 101  7
196 189 126 136 135 168 534 505 164 141 147 111  8
141 140 117 117 114 113 192 191 112 117 131 103  9
219 220 137 125 125 184 574 487 128 151 163 105  10
199 189 126 128 125 168 541 474 131 157 163 15000  11
Chip#2
112 105 106 95 103 104 101 99 89 107 106 110  0
128 118 108 108 123 104 357 343 89 111 111 112  1
112 127 112 114 139 109 630 618 89 113 110 104  2
112 112 110 103 111 104 143 137 89 109 104 113  3
112 127 107 103 115 110 385 434 89 109 110 107  4
128 141 119 111 124 117 436 477 97 115 114 112  5
112 105 106 100 109 108 112 110 97 104 97 108  6
112 131 112 107 119 110 362 390 97 111 105 107  7
128 132 115 112 119 114 287 293 98 115 105 114  8
112 108 106 102 101 108 142 144 98 106 105 105  9
112 139 115 102 110 104 626 733 98 115 106 107  10
112 123 109 102 105 98 292 352 98 105 102 15000  11
