
Chip#1
308 374 319 221 286 301 285 264 243 335 420 433  0
252 374 635 708 296 507 837 282 363 651 434 400  1
244 373 3723 708 301 3547 837 585 2075 651 1110 404  2
238 373 1123 1635 297 1371 2683 306 1010 3019 599 363  3
244 373 329 235 294 311 291 276 258 256 363 363  4
243 372 509 435 291 431 427 275 1467 3563 611 363  5
238 373 363 280 290 394 355 271 1055 2603 544 390  6
243 373 323 225 294 308 284 269 253 338 419 363  7
240 373 467 393 292 428 423 269 247 335 363 392  8
240 373 429 289 286 419 363 268 243 336 363 363  9
238 372 315 215 281 294 272 262 237 325 355 386  10
246 373 319 218 286 298 271 262 242 332 363 15000  11
Chip#2
429 372 407 363 264 420 334 304 395 363 363 305  0
363 372 409 391 263 422 334 307 395 355 363 299  1
426 372 405 363 266 421 335 305 395 363 423 298  2
363 372 429 728 443 432 813 611 395 611 683 306  3
421 372 466 1006 600 441 907 768 395 667 778 305  4
363 347 408 446 281 418 355 319 395 355 429 294  5
363 363 410 506 328 418 338 310 395 363 379 301  6
363 363 437 836 562 417 345 315 395 363 440 347  7
363 347 409 461 301 418 333 306 395 355 363 295  8
363 363 409 363 266 421 336 310 395 363 379 297  9
363 347 405 363 266 416 345 323 395 363 445 303  10
427 363 410 391 266 420 341 306 395 363 427 15000  11

Chip#1
314 374 315 220 286 298 276 268 246 235 363 427  0
255 373 635 705 300 505 841 286 363 651 428 402  1
239 373 3707 705 355 3531 841 576 2059 651 1099 363  2
242 373 1123 1635 303 1374 2683 313 1012 3019 594 363  3
238 372 319 230 289 306 283 268 251 245 324 347  4
243 373 499 439 290 431 480 277 1519 3563 611 363  5
237 372 355 275 291 385 355 269 1049 2587 537 386  6
244 372 314 223 293 302 278 268 247 337 363 389  7
238 372 465 388 285 420 363 267 241 330 355 345  8
236 372 413 280 280 409 347 260 237 325 355 340  9
241 372 308 213 285 296 272 260 239 331 355 391  10
245 373 311 213 281 295 272 263 242 328 363 15000  11
Chip#2
363 363 411 363 267 421 334 306 395 355 363 300  0
430 363 412 363 267 422 334 308 395 363 427 300  1
363 347 401 334 253 412 324 298 379 353 363 291  2
363 347 427 721 435 429 809 605 395 611 683 299  3
363 363 468 1007 601 445 907 770 395 667 785 311  4
363 363 415 455 289 426 355 323 395 363 379 301  5
425 363 413 512 328 423 340 311 395 363 379 300  6
363 363 438 844 570 420 348 320 379 363 446 294  7
363 347 409 463 299 422 332 308 379 355 363 296  8
363 347 410 363 265 423 338 311 395 355 379 296  9
363 347 410 363 271 423 343 325 395 363 395 307  10
363 363 410 363 262 425 338 312 395 355 429 15000  11
