
Chip#1
25 163 149 3 20 92 38 69 91 118 166 170  0
9 151 194 55 20 124 134 85 97 191 168 154  1
9 151 553 598 20 708 1238 198 445 1201 295 155  2
9 154 219 168 20 268 390 85 272 665 200 154  3
25 151 149 0 20 92 38 85 84 119 161 158  4
0 145 157 8 20 92 54 69 324 683 204 153  5
0 146 150 0 4 92 38 69 325 573 184 151  6
9 150 144 0 4 76 22 69 78 104 154 151  7
9 150 161 9 20 92 54 69 83 110 154 150  8
9 149 151 0 20 92 38 69 81 105 158 153  9
9 151 143 0 4 76 38 53 81 105 155 155  10
9 155 150 0 20 76 38 69 84 110 164 15000  11
Chip#2
239 94 201 79 37 259 126 129 162 155 148 91  0
239 90 197 79 35 259 124 127 162 149 143 93  1
239 88 195 140 36 259 124 127 160 151 146 89  2
239 88 211 213 81 259 195 190 161 248 187 94  3
239 92 218 285 127 259 203 210 160 248 179 94  4
239 96 201 104 49 259 133 135 163 159 152 100  5
239 83 192 120 56 259 123 121 160 147 142 89  6
239 87 209 239 119 259 126 130 160 153 149 89  7
239 91 197 104 51 259 128 129 162 149 148 91  8
239 86 194 78 29 259 120 126 160 149 145 88  9
239 93 195 78 35 259 130 133 165 155 153 98  10
239 93 203 140 44 259 129 129 168 154 147 15000  11
