
Chip#1
105 107 103 109 104 107 100 105 100 105 111 113  0
112 109 106 129 107 113 103 108 102 110 115 114  1
108 109 105 129 107 113 105 108 102 110 109 107  2
112 117 244 223 111 286 232 116 251 203 114 114  3
104 110 243 227 105 208 181 100 185 158 109 107  4
105 109 106 109 107 115 103 100 100 108 110 107  5
107 112 205 210 102 117 108 106 109 112 109 111  6
105 113 192 202 109 118 105 106 108 112 110 108  7
105 109 105 129 101 111 99 102 101 108 108 108  8
108 109 109 129 106 120 111 102 110 115 106 109  9
108 112 110 114 109 118 108 104 107 114 108 116  10
111 112 103 110 105 115 99 102 100 108 108 15000  11
Chip#2
107 103 103 100 110 111 116 101 103 103 104 109  0
99 98 98 98 101 107 111 98 93 103 106 105  1
102 105 103 104 105 108 117 102 103 106 106 108  2
102 106 98 101 105 114 121 98 98 102 106 108  3
101 101 103 98 107 114 117 97 97 103 104 108  4
98 102 102 101 103 104 109 97 97 101 103 101  5
101 101 115 112 107 111 115 97 103 105 100 106  6
105 106 112 110 107 105 116 99 101 107 106 105  7
99 101 99 102 103 110 113 101 100 103 106 108  8
98 102 117 112 104 128 131 95 110 116 100 106  9
102 101 120 112 101 120 128 99 112 114 106 108  10
101 98 99 97 104 104 108 94 96 101 103 15000  11
