
Chip#1
117 120 111 111 109 111 105 105 107 112 120 116  0
112 106 107 107 102 107 97 102 102 104 111 114  1
112 114 113 129 104 117 104 109 112 110 112 109  2
112 116 439 370 106 513 398 112 478 371 112 109  3
108 110 451 404 106 380 280 109 332 242 110 109  4
107 109 111 151 104 113 103 104 107 109 109 109  5
111 114 352 360 106 127 115 102 118 119 112 112  6
111 113 332 326 106 134 119 110 117 120 114 114  7
109 107 110 129 105 112 102 105 105 105 109 112  8
105 110 105 109 105 127 114 100 114 117 105 108  9
107 113 109 129 100 121 106 108 116 112 108 108  10
112 114 106 129 106 111 103 104 106 103 109 15000  11
Chip#2
101 102 92 94 108 100 111 97 98 95 104 104  0
101 101 100 98 111 107 112 97 94 105 106 110  1
102 99 98 96 107 108 109 92 94 95 99 100  2
99 98 96 92 105 119 117 93 98 99 103 100  3
105 99 96 98 107 115 121 99 100 101 104 105  4
104 98 93 97 105 101 107 87 90 95 100 101  5
107 103 147 130 108 115 120 101 103 108 107 108  6
104 102 132 117 107 110 115 97 103 105 103 104  7
111 103 100 101 110 111 116 101 101 105 107 104  8
107 109 164 144 108 181 169 95 152 143 110 105  9
98 98 145 125 101 152 143 91 132 125 100 101  10
104 103 95 101 111 105 107 97 97 102 103 15000  11
