
Chip#1
116 124 114 108 117 119 123 120 116 117 119 119  0
121 124 120 108 125 125 120 132 128 121 130 117  1
122 132 133 108 143 138 124 157 141 121 150 131  2
123 126 123 108 124 129 124 123 124 123 127 125  3
125 132 127 108 137 133 130 127 125 126 144 130  4
118 131 129 108 146 134 122 128 123 121 162 130  5
115 119 116 108 117 121 122 121 115 117 117 119  6
118 129 123 108 127 129 120 127 123 120 130 124  7
123 136 133 108 131 127 128 136 125 127 144 130  8
116 121 117 108 116 122 122 120 116 124 117 117  9
123 135 134 116 130 126 122 132 129 120 127 123  10
127 137 138 108 137 135 127 134 133 126 138 126  11
Chip#2
178 193 217 234 251 214 234 221 211 217 212 267  0
178 193 255 234 251 248 234 221 248 2553 1595 249  1
178 193 266 234 251 267 234 221 268 2553 1595 258  2
251 258 252 285 290 248 291 283 251 414 379 243  3
251 258 274 285 290 266 291 283 272 414 3630 251  4
251 258 277 285 290 277 291 283 297 414 3630 263  5
278 280 269 299 300 257 312 301 270 324 299 246  6
278 280 277 299 300 267 312 301 274 324 299 250  7
278 280 278 299 300 279 312 301 309 324 299 257  8
294 275 261 290 280 252 307 284 254 309 284 241  9
294 275 277 290 280 266 307 284 282 309 2170 257  10
294 275 286 290 280 282 307 284 355 309 2170 290  11
