
Chip#1
143 138 126 139 137 125 130 125 118 131 131 118  0
206 207 148 258 271 141 231 226 128 234 240 126  1
192 202 150 254 271 152 232 228 139 261 254 128  2
147 140 121 147 146 119 130 129 114 143 147 109  3
243 240 156 296 290 168 231 229 135 286 275 128  4
211 209 147 262 268 168 231 223 164 292 286 132  5
176 173 138 146 146 130 144 132 122 153 163 124  6
353 360 176 259 239 168 231 217 164 307 295 132  7
297 292 158 249 232 168 231 220 164 321 319 139  8
180 174 131 151 140 123 140 129 120 157 147 120  9
325 332 176 228 208 138 201 184 140 252 220 120  10
286 282 158 210 196 168 201 189 164 252 232 15000  11
Chip#2
128 115 115 108 113 114 112 112 101 118 117 119  0
163 257 147 258 338 120 252 258 102 276 241 119  1
233 461 195 371 564 158 410 380 118 418 316 115  2
128 162 118 120 148 110 129 125 88 140 121 112  3
206 386 163 278 414 126 319 345 105 355 334 126  4
231 519 179 332 514 129 346 357 100 347 290 113  5
128 144 116 118 127 115 123 120 100 133 126 119  6
304 826 222 276 432 128 354 379 109 614 517 116  7
297 778 209 242 360 122 277 296 101 386 327 118  8
128 157 116 107 125 110 123 119 101 161 142 114  9
303 874 270 242 381 131 316 345 118 593 436 119  10
232 555 195 169 260 121 188 213 101 278 236 15000  11
