
Chip#1
116 106 104 107 104 103 107 104 103 100 98 104  0
102 101 145 174 104 130 189 108 112 166 106 99  1
103 101 578 763 114 542 1053 145 362 933 185 96  2
96 97 213 306 96 239 438 109 211 494 128 96  3
99 97 97 102 102 104 101 101 102 103 100 94  4
96 94 113 119 97 106 122 103 272 548 130 94  5
101 99 104 113 102 105 117 108 235 446 118 99  6
97 101 99 102 101 98 102 103 100 95 91 95  7
98 97 113 115 101 111 115 101 102 99 96 98  8
102 95 108 112 102 111 114 102 102 100 96 99  9
95 97 95 97 96 99 101 95 99 93 87 94  10
102 94 94 93 94 97 101 101 98 97 91 15000  11
Chip#2
111 108 106 110 108 102 102 104 104 103 102 106  0
100 98 96 100 100 96 98 95 90 95 93 98  1
102 95 95 98 104 99 98 95 90 103 99 99  2
102 100 114 314 179 109 363 258 100 263 304 106  3
106 104 143 485 290 121 462 355 104 302 320 112  4
104 104 104 144 119 103 123 109 101 111 107 105  5
102 101 107 188 145 104 106 103 99 105 107 103  6
99 98 124 399 273 102 111 107 98 110 113 100  7
105 106 107 161 134 109 110 105 106 108 109 109  8
101 99 103 104 102 103 102 100 99 103 106 103  9
96 98 94 102 104 98 105 109 94 103 109 103  10
101 98 100 104 105 99 102 102 96 101 102 15000  11
