
Chip#1
113 116 111 129 107 115 109 112 108 115 125 122  0
124 120 114 129 110 121 109 114 110 119 119 122  1
107 109 107 129 107 117 110 109 110 112 112 109  2
111 113 555 452 107 645 518 113 583 437 111 112  3
116 114 588 499 114 464 348 116 399 300 118 117  4
109 109 106 129 106 116 104 106 101 110 111 108  5
112 112 441 456 114 144 132 110 130 135 115 117  6
111 113 415 405 110 141 126 110 126 123 111 113  7
112 111 114 152 109 118 109 112 108 115 116 114  8
108 109 107 113 109 141 127 106 129 137 109 112  9
109 109 103 111 107 134 120 108 120 127 112 111  10
111 110 109 109 107 113 103 108 106 108 112 15000  11
Chip#2
101 99 102 96 107 105 115 97 96 102 102 104  0
104 99 98 98 107 107 112 95 96 101 102 102  1
108 105 103 102 110 112 116 98 103 107 106 109  2
108 105 106 105 113 152 142 105 113 120 108 109  3
109 109 106 109 111 140 133 106 112 116 111 110  4
109 109 109 108 113 117 117 104 101 107 107 108  5
108 110 192 162 115 130 129 102 122 117 106 110  6
107 103 169 139 110 118 117 99 106 110 107 108  7
109 105 103 110 113 118 119 102 105 106 106 109  8
109 110 233 205 113 261 214 99 196 179 111 105  9
111 110 207 168 114 215 182 105 173 166 108 111  10
112 106 106 106 115 114 119 108 105 108 111 15000  11
