
Chip#1
111 113 107 117 114 106 128 134 107 103 101 100  0
176 176 136 197 212 141 466 479 164 128 147 105  1
156 176 121 188 204 143 448 453 139 128 131 101  2
132 121 108 115 115 106 153 204 103 105 100 96  3
238 226 138 150 145 141 497 517 180 136 147 111  4
195 198 129 133 134 132 487 500 164 127 147 108  5
135 128 120 118 115 114 164 175 112 113 106 106  6
211 206 134 134 132 141 539 499 133 134 131 98  7
189 184 124 130 127 140 507 478 133 137 147 106  8
138 134 115 112 111 111 181 175 109 118 131 103  9
211 212 131 125 124 168 542 457 122 152 147 105  10
183 179 117 113 118 168 507 438 119 143 147 15000  11
Chip#2
128 114 109 103 111 109 109 107 89 108 109 117  0
112 110 106 104 114 104 300 304 89 106 104 104  1
112 129 108 116 132 109 578 556 89 112 110 107  2
112 109 108 100 108 109 134 130 89 108 106 110  3
112 126 106 107 116 109 357 395 89 114 105 109  4
112 138 113 109 120 114 394 434 89 113 110 108  5
112 109 106 102 110 109 116 114 89 107 102 108  6
112 129 112 105 116 106 330 367 89 114 105 110  7
128 125 109 103 111 106 257 270 89 111 104 109  8
112 108 103 97 95 103 127 138 89 104 98 98  9
112 135 108 95 108 102 578 666 89 108 106 104  10
112 117 101 100 101 100 264 327 89 101 102 15000  11
