
Chip#1
112 107 114 113 114 108 105 105 113 109 131 106  0
132 110 116 116 114 115 119 119 110 113 131 109  1
112 104 108 113 115 108 117 118 110 109 102 105  2
113 107 117 111 113 111 107 107 113 108 107 111  3
111 105 105 111 107 103 114 109 110 103 99 101  4
110 108 111 111 112 107 115 115 109 103 100 106  5
112 106 110 111 109 109 107 104 109 105 100 102  6
109 107 108 110 102 106 122 115 109 105 102 106  7
112 105 110 112 107 108 112 109 109 107 99 107  8
105 102 110 110 107 107 102 100 106 110 100 100  9
118 106 112 116 114 113 121 114 109 110 131 107  10
106 106 109 108 107 107 116 111 106 105 104 15000  11
Chip#2
131 110 104 99 109 104 101 103 89 109 100 114  0
131 113 106 102 110 104 105 107 89 109 103 114  1
131 109 103 103 111 108 112 109 89 107 109 109  2
131 104 102 95 106 102 96 97 89 105 97 108  3
131 109 102 97 111 100 104 107 89 106 100 108  4
131 113 102 98 108 108 110 109 89 107 102 115  5
131 105 102 95 103 102 95 95 89 102 98 103  6
131 102 104 94 101 103 102 103 89 99 99 102  7
131 104 100 94 104 100 101 99 89 104 99 109  8
79 106 100 92 101 103 98 100 89 101 97 105  9
112 110 100 95 100 103 109 115 89 107 98 105  10
73 102 97 89 98 96 92 98 89 102 93 15000  11
