
Chip#1
132 108 107 110 108 99 115 119 97 96 131 96  0
152 145 124 158 166 127 313 317 122 114 131 106  1
138 140 115 153 164 121 298 295 122 112 131 100  2
132 117 114 121 118 111 137 159 109 110 131 105  3
180 179 124 130 124 121 314 324 125 118 131 106  4
164 159 121 129 125 123 309 321 131 123 131 109  5
113 117 112 116 114 113 141 129 110 112 106 106  6
170 161 125 124 122 129 335 315 123 119 131 107  7
155 140 114 122 120 124 307 298 120 117 131 106  8
109 114 107 108 107 99 138 129 104 105 100 95  9
168 179 120 121 114 129 320 282 116 123 131 99  10
147 135 112 113 108 122 293 266 108 117 131 15000  11
Chip#2
112 109 100 99 98 105 100 93 89 104 103 108  0
112 118 106 105 109 106 210 218 89 107 111 109  1
128 118 108 111 120 109 362 340 89 108 105 105  2
112 108 109 103 104 105 116 118 89 108 105 109  3
112 118 110 104 104 100 228 253 89 106 102 108  4
128 121 104 98 111 105 252 265 89 104 108 107  5
112 106 104 99 105 106 103 103 89 107 97 107  6
112 111 98 88 94 99 202 220 89 95 95 100  7
112 115 110 102 110 100 178 222 89 104 106 105  8
112 107 103 102 106 100 115 118 89 100 99 108  9
112 125 113 98 105 108 330 372 89 111 106 109  10
112 118 107 102 109 105 180 209 89 111 110 15000  11
