
Chip#1
99 102 96 99 98 101 102 104 104 93 98 96  0
111 109 115 118 109 115 120 111 111 111 109 105  1
106 100 122 138 103 126 143 108 123 149 108 100  2
98 102 106 112 102 104 121 102 108 120 100 96  3
104 104 103 104 102 104 111 103 106 103 103 100  4
102 100 141 152 103 124 147 109 121 136 107 105  5
97 102 114 120 98 115 131 105 112 125 102 101  6
101 99 100 102 102 105 107 102 102 89 97 94  7
99 97 129 137 98 122 134 103 103 97 96 99  8
106 107 120 124 102 129 134 108 108 101 107 108  9
104 99 100 108 102 106 111 105 106 104 101 102  10
105 104 99 103 104 99 108 103 104 99 100 15000  11
Chip#2
102 104 101 103 104 103 105 98 102 103 104 103  0
102 103 104 105 105 103 102 100 102 99 101 103  1
103 105 105 107 106 104 105 100 100 96 100 106  2
106 108 109 112 107 107 111 109 102 103 110 104  3
103 104 103 110 105 101 110 109 96 107 104 100  4
101 105 100 103 101 101 105 103 100 103 102 101  5
106 105 106 109 107 107 108 104 102 104 109 105  6
109 109 110 116 113 109 117 113 106 110 118 109  7
102 101 103 109 104 101 101 99 95 96 99 98  8
113 113 112 112 115 114 111 109 112 110 114 110  9
100 100 100 99 106 101 108 105 101 99 110 106  10
104 101 100 105 101 102 102 100 104 98 102 15000  11
