
Chip#1
113 117 115 129 109 112 107 109 110 114 115 121  0
115 112 105 110 98 111 103 102 102 108 108 114  1
109 109 109 129 102 112 100 104 108 109 105 109  2
107 109 306 273 102 359 289 104 333 274 109 109  3
108 113 323 300 109 281 227 112 250 202 109 116  4
115 116 109 129 109 118 108 105 110 112 111 113  5
104 109 259 264 105 121 115 101 113 115 106 109  6
111 112 252 249 104 120 111 104 114 114 108 111  7
108 110 109 115 104 112 98 104 108 108 109 111  8
107 109 109 129 109 121 111 104 114 115 105 105  9
115 112 109 129 105 121 111 105 110 109 106 112  10
116 120 118 129 107 117 110 109 109 108 115 15000  11
Chip#2
106 101 103 100 114 112 120 102 105 107 111 110  0
105 99 100 102 115 108 116 101 101 103 107 108  1
98 98 99 94 105 105 111 98 98 99 104 105  2
99 95 95 93 104 114 116 94 101 99 100 101  3
105 103 105 100 108 117 124 105 104 107 106 104  4
102 103 105 104 113 111 119 102 104 112 111 102  5
102 99 133 115 108 111 117 99 105 107 104 108  6
107 106 126 113 115 114 119 102 102 107 107 110  7
96 97 96 97 104 105 108 97 96 101 104 100  8
99 101 141 123 107 151 144 97 131 125 107 104  9
94 97 128 115 101 126 127 98 118 117 104 102  10
101 101 99 97 101 105 112 97 102 105 106 15000  11
