
Chip#1
119 117 111 110 106 111 105 104 101 112 118 120  0
124 113 105 110 107 110 103 104 105 108 111 113  1
112 105 105 110 109 112 107 108 110 108 108 111  2
105 112 620 507 109 720 581 109 671 508 105 107  3
108 110 650 561 109 516 385 104 455 333 106 105  4
107 107 105 129 101 107 100 102 100 105 106 104  5
109 112 515 515 107 140 133 108 133 133 106 109  6
104 106 458 456 104 132 122 104 116 117 106 104  7
108 107 106 129 107 111 103 102 106 105 109 109  8
108 101 103 109 105 139 132 104 132 138 100 105  9
117 112 111 129 111 135 131 110 125 129 111 114  10
105 99 100 102 96 103 98 98 100 105 105 15000  11
Chip#2
108 103 103 106 113 110 119 104 101 107 110 108  0
112 106 100 105 110 114 116 105 101 109 110 109  1
111 105 103 106 111 115 117 108 103 105 110 111  2
112 105 108 108 113 191 165 111 129 125 108 110  3
112 105 108 110 111 161 147 106 119 117 110 108  4
111 109 106 108 111 112 115 104 102 103 108 105  5
107 105 280 214 110 131 125 108 121 120 107 106  6
111 109 236 181 115 127 120 109 117 120 107 108  7
105 103 105 109 104 114 117 104 106 106 106 111  8
109 107 358 285 116 383 312 106 303 267 110 109  9
105 105 296 219 105 299 233 104 241 230 106 106  10
114 105 105 105 113 112 115 102 105 106 112 15000  11
