
Chip#1
109 106 102 109 102 105 109 110 111 101 112 106  0
101 99 99 109 103 106 111 103 101 101 100 102  1
109 100 118 130 98 117 135 102 119 136 108 102  2
99 96 103 106 98 104 119 97 104 109 101 101  3
103 101 105 107 102 104 111 101 109 100 102 101  4
106 102 132 139 107 123 138 105 117 125 109 101  5
103 97 112 120 101 112 124 105 114 120 103 100  6
103 96 100 107 102 106 108 101 106 90 100 99  7
102 100 120 126 100 114 125 98 104 88 101 105  8
104 100 116 120 103 118 128 104 106 99 107 106  9
101 105 100 99 100 104 106 102 101 95 100 101  10
103 104 95 102 100 100 108 104 101 93 98 15000  11
Chip#2
105 108 106 105 111 108 110 109 105 104 106 105  0
101 104 103 103 108 99 105 98 100 101 99 100  1
111 109 110 112 108 114 112 109 106 108 107 109  2
103 104 104 107 108 102 107 102 105 97 104 100  3
99 105 103 105 102 101 106 100 99 97 102 100  4
113 119 116 112 114 117 113 111 108 110 110 112  5
100 97 95 99 101 97 99 98 95 93 99 96  6
105 105 109 114 111 104 112 110 101 103 107 106  7
110 109 109 109 114 107 107 109 107 103 109 105  8
107 110 107 112 111 108 108 107 107 105 109 106  9
105 108 107 105 107 107 107 110 104 104 110 110  10
107 110 105 109 112 107 106 107 107 104 107 15000  11
