
Chip#1
132 114 105 117 119 100 128 130 99 103 106 99  0
189 191 129 213 232 168 487 485 164 124 131 100  1
166 179 124 207 237 168 479 474 164 128 131 95  2
141 131 110 118 127 111 167 178 109 110 131 99  3
252 242 138 142 164 140 533 543 180 129 147 106  4
215 217 125 134 146 140 529 540 146 128 131 101  5
138 131 116 119 122 119 175 175 116 117 131 103  6
231 220 130 132 132 168 547 505 135 137 147 100  7
207 196 126 136 135 168 535 496 136 142 147 102  8
147 143 114 116 118 113 196 177 109 123 114 105  9
234 232 138 130 130 184 591 489 128 160 163 107  10
201 195 117 121 122 184 557 477 125 155 163 15000  11
Chip#2
112 105 104 97 106 102 100 98 102 106 100 108  0
128 113 106 109 120 106 355 327 102 106 105 103  1
112 132 109 120 139 113 600 585 102 114 109 107  2
112 107 106 98 105 104 138 130 102 105 97 107  3
128 130 109 105 118 113 386 434 102 113 105 107  4
128 147 120 111 123 117 426 467 102 112 108 104  5
112 113 114 107 109 115 121 118 102 113 108 107  6
128 142 118 114 121 116 366 418 102 120 120 108  7
128 139 116 108 121 117 281 289 102 115 112 110  8
112 113 104 104 106 114 146 152 102 109 104 104  9
112 148 119 109 115 110 648 766 101 119 110 107  10
112 125 108 99 106 108 292 356 101 109 99 15000  11
