
Chip#1
110 105 99 103 103 100 101 102 112 100 97 104  0
103 104 144 171 105 133 182 109 113 165 105 102  1
102 100 582 766 116 544 1053 146 359 931 189 101  2
99 101 220 305 104 239 437 107 210 510 129 96  3
104 106 107 109 107 101 114 108 111 115 100 100  4
98 99 114 120 101 105 122 102 271 553 128 94  5
90 93 98 104 94 99 109 98 209 441 113 92  6
95 93 96 98 100 95 100 95 100 93 92 89  7
101 102 115 123 100 114 120 107 106 100 98 100  8
98 104 113 114 105 117 115 105 106 104 97 99  9
97 99 99 103 97 95 104 101 102 95 87 90  10
103 99 98 102 102 98 99 100 104 99 96 15000  11
Chip#2
107 110 107 102 105 101 99 99 102 99 99 106  0
112 110 110 107 111 112 107 106 102 107 109 111  1
103 101 95 98 101 99 99 100 94 96 99 101  2
103 98 119 354 196 112 418 313 99 295 344 108  3
100 104 152 572 345 122 561 416 102 345 376 108  4
105 108 106 156 123 108 129 116 102 109 111 103  5
107 106 109 204 159 104 107 109 98 107 114 103  6
104 109 137 472 311 107 116 114 102 110 116 106  7
107 101 107 174 141 107 106 104 100 102 105 104  8
105 106 104 104 111 103 107 106 99 105 109 104  9
104 106 100 103 105 108 112 116 102 105 118 110  10
106 104 106 104 107 106 106 103 101 104 106 15000  11
