
Chip#1
99 105 106 105 104 108 109 105 104 98 98 102  0
95 94 96 90 96 100 92 94 96 86 92 91  1
109 109 114 101 117 114 109 119 113 108 118 113  2
104 104 104 101 105 107 108 105 106 102 106 102  3
102 101 107 97 106 108 107 102 103 96 109 105  4
97 99 100 96 104 104 97 100 98 94 106 93  5
102 101 101 96 99 108 99 104 99 95 105 100  6
95 97 97 90 93 99 96 94 92 89 96 93  7
102 105 103 95 105 104 101 106 104 98 105 102  8
111 110 107 104 112 115 110 112 110 102 110 109  9
104 107 109 102 104 110 107 107 105 98 111 104  10
98 97 103 95 104 107 101 102 99 92 96 99  11
Chip#2
192 204 233 248 250 227 244 239 225 233 226 293  0
192 204 275 248 250 271 244 239 260 2877 1834 269  1
192 204 277 248 250 281 244 239 286 2877 1834 278  2
266 274 269 297 305 257 304 298 261 473 420 261  3
266 274 278 297 305 282 304 298 288 473 420 263  4
266 274 286 297 305 293 304 298 310 473 420 270  5
294 295 277 314 310 272 324 315 275 342 319 261  6
294 295 292 314 310 287 324 315 285 342 319 262  7
294 295 295 314 310 295 324 315 321 342 319 267  8
310 294 275 317 305 267 330 298 263 336 298 260  9
310 294 296 317 305 282 330 298 297 336 2363 270  10
310 294 306 317 305 302 330 298 383 336 2363 313  11
