
Chip#1
147 138 124 139 140 123 133 159 116 129 147 114  0
240 246 164 298 322 168 319 324 164 266 270 131  1
211 229 154 288 319 184 315 317 164 286 272 134  2
156 144 122 150 165 120 146 159 115 151 147 114  3
277 270 159 307 304 168 298 308 164 306 304 131  4
234 232 139 269 277 144 300 304 164 318 315 133  5
203 208 131 139 138 121 147 133 120 156 163 115  6
582 601 210 259 245 168 286 278 164 321 307 130  7
465 471 167 245 230 168 282 279 164 334 329 131  8
176 175 133 147 145 127 143 137 125 163 163 119  9
305 302 177 228 220 168 231 207 164 312 259 122  10
263 254 150 204 192 168 231 205 180 295 269 15000  11
Chip#2
128 117 115 111 113 111 115 108 100 111 119 119  0
167 290 147 257 391 117 347 349 96 302 260 110  1
259 542 192 432 678 158 604 574 121 488 352 117  2
144 180 130 130 163 116 148 139 100 155 129 120  3
208 425 163 293 438 125 436 488 102 391 366 120  4
256 599 191 357 550 137 483 516 109 396 326 121  5
144 155 125 118 133 117 128 125 102 141 132 119  6
462 1446 307 275 443 131 491 518 113 665 556 117  7
447 1360 289 249 378 126 383 393 109 411 355 121  8
128 165 121 118 131 116 128 133 97 178 148 113  9
264 717 245 242 395 138 386 434 132 769 565 121  10
212 461 179 178 269 126 210 240 110 344 289 15000  11
