
Chip#1
118 122 108 117 120 108 136 139 103 105 107 100  0
182 181 134 204 214 146 487 501 164 127 147 102  1
168 174 134 193 215 168 487 473 164 129 147 106  2
124 127 110 117 120 106 156 175 103 107 105 99  3
234 229 136 138 138 132 504 524 164 121 131 102  4
194 192 124 130 128 129 487 516 164 121 131 100  5
135 128 114 112 115 111 165 175 108 107 102 98  6
215 209 128 132 128 140 551 518 134 127 131 94  7
199 186 129 135 133 168 528 502 164 141 147 107  8
146 149 121 125 122 117 192 175 114 123 131 106  9
217 220 135 132 125 168 560 478 127 150 147 102  10
195 187 126 125 128 168 530 467 125 150 163 15000  11
Chip#2
128 111 109 103 106 109 109 106 89 113 112 118  0
112 114 108 103 115 103 310 327 89 108 108 110  1
112 129 110 119 136 106 604 601 89 115 112 112  2
112 118 113 108 111 110 142 138 89 111 103 118  3
112 125 104 103 113 106 367 418 89 108 100 107  4
112 142 112 113 123 117 412 463 89 115 115 115  5
112 115 115 108 115 114 123 123 89 112 108 117  6
93 127 109 110 115 108 349 379 89 109 111 105  7
85 122 102 97 103 103 261 273 89 100 96 97  8
112 108 106 94 101 100 136 136 89 100 100 103  9
112 141 109 105 110 106 602 711 89 111 110 105  10
112 124 110 100 105 100 277 344 89 107 105 15000  11
