
Chip#1
961 883 942 852 913 986 849 1180 1108 1004 907 917  0
969 929 1080 910 987 1128 891 1321 1218 1044 1016 989  1
961 929 1081 918 987 1131 893 1321 1223 1044 1016 1021  2
961 928 1081 918 987 1129 894 1321 1220 1028 1016 1005  3
961 926 1080 918 987 1126 890 1321 1222 1028 1016 1005  4
969 928 1082 934 1050 1129 896 1337 1220 1044 1032 1021  5
969 929 1082 934 987 1132 896 1321 1223 1044 964 1021  6
969 928 1080 934 987 1128 891 1321 1219 1028 1016 1021  7
969 928 1080 934 1049 1132 895 1337 1222 1044 1032 1021  8
969 926 1082 934 987 1131 891 1321 1220 1044 1016 1021  9
969 930 1083 934 987 1132 893 1321 1223 1028 1032 1021  10
969 925 1083 918 987 1128 895 1321 1218 1028 1016 15000  11
Chip#2
841 563 621 730 646 667 592 624 649 613 671 789  0
828 564 622 724 639 665 483 624 665 614 671 773  1
808 545 618 716 628 652 472 536 633 600 590 757  2
791 531 596 697 617 639 458 536 530 582 573 725  3
779 513 582 691 603 620 446 520 530 565 553 709  4
772 513 584 687 608 630 452 536 530 571 555 709  5
762 498 575 687 605 634 448 520 530 565 542 709  6
703 500 578 697 624 646 466 536 530 567 546 709  7
694 506 588 715 648 673 483 536 530 567 548 646  8
714 534 621 782 686 746 624 624 649 579 555 709  9
788 555 696 809 753 775 656 624 665 587 559 644  10
813 577 712 816 751 778 656 624 681 591 558 15000  11
