
Chip#1
117 119 108 111 119 104 136 134 103 103 107 102  0
176 179 129 196 212 148 467 472 164 128 131 106  1
157 163 121 184 200 140 439 439 135 127 131 96  2
137 129 112 119 122 115 159 191 108 113 131 101  3
226 219 131 135 140 135 487 501 164 122 131 105  4
193 193 122 133 134 129 468 498 164 124 131 106  5
135 134 115 118 118 117 169 175 110 117 131 103  6
212 208 128 133 137 168 535 499 140 138 147 106  7
189 181 122 130 132 138 500 477 133 140 131 108  8
138 138 116 117 118 114 184 175 107 115 111 100  9
211 209 131 129 122 168 530 461 120 148 147 101  10
187 178 115 125 116 168 495 438 122 146 147 15000  11
Chip#2
112 107 102 102 101 105 105 101 89 105 106 107  0
112 117 106 108 118 105 306 324 89 111 106 108  1
112 121 107 114 126 105 586 582 89 111 103 104  2
84 108 104 102 104 98 139 130 89 102 100 105  3
112 132 114 105 118 115 364 418 89 112 111 115  4
128 135 115 113 120 115 412 451 89 112 112 110  5
87 107 113 107 109 113 116 113 89 109 104 112  6
112 127 113 105 116 109 344 379 89 109 111 108  7
128 125 114 111 118 116 266 280 89 114 110 112  8
112 113 110 100 108 108 136 143 89 105 104 110  9
84 126 106 97 105 102 578 690 89 109 98 100  10
82 117 100 91 101 96 266 327 89 104 99 15000  11
