
Chip#1
116 116 115 129 105 115 104 106 106 113 119 120  0
120 116 111 129 106 117 99 104 107 112 114 113  1
108 106 106 107 102 112 98 105 107 110 108 105  2
108 109 630 516 109 736 577 110 686 508 112 108  3
116 117 674 567 118 527 392 118 469 345 119 114  4
113 118 122 129 118 122 108 110 114 117 114 116  5
115 111 529 517 114 144 128 110 137 132 115 113  6
116 110 493 465 118 138 124 108 124 125 114 109  7
115 118 116 129 114 122 106 112 113 117 116 120  8
115 116 113 129 115 148 132 109 139 135 115 114  9
113 114 114 129 110 136 120 109 121 127 112 114  10
109 107 110 129 109 112 105 106 110 112 112 15000  11
Chip#2
115 111 108 109 121 118 125 112 109 116 116 117  0
114 113 102 109 115 117 123 101 106 112 108 111  1
112 107 106 106 113 118 120 101 104 109 108 110  2
112 111 105 108 120 186 164 105 129 126 112 110  3
117 113 106 112 120 161 147 109 126 126 113 118  4
115 113 108 113 118 117 120 99 105 112 113 111  5
112 121 286 222 117 134 132 104 125 128 116 115  6
111 110 233 173 114 127 127 102 116 117 107 110  7
111 111 106 109 118 119 121 106 105 113 111 113  8
115 114 354 284 123 385 310 106 308 268 112 114  9
112 113 304 225 120 310 248 104 248 235 110 111  10
117 110 108 106 117 118 121 99 106 112 111 15000  11
