
Chip#1
124 121 112 117 112 116 123 132 114 131 126 117  0
295 342 142 165 153 128 196 192 114 228 199 130  1
312 398 166 163 166 131 201 197 140 232 201 130  2
136 163 118 125 118 123 142 142 126 140 135 117  3
176 202 130 166 168 134 235 222 134 217 183 117  4
160 192 126 158 163 130 200 192 126 191 168 116  5
117 135 116 134 133 131 143 148 126 142 133 120  6
171 191 125 222 212 142 224 221 134 239 215 120  7
162 186 125 180 179 131 194 198 128 203 183 121  8
126 144 117 127 125 126 150 161 126 156 139 120  9
161 189 130 169 174 132 249 257 134 223 204 119  10
155 169 119 156 162 126 199 205 126 174 168 15000  11
Chip#2
135 134 127 124 119 119 121 116 122 136 119 124  0
147 145 124 122 117 119 121 118 126 137 120 121  1
139 141 122 119 120 119 123 116 125 136 118 119  2
123 123 122 120 115 125 117 116 117 136 116 118  3
126 125 122 120 114 118 123 118 121 136 124 121  4
115 117 116 112 111 112 113 108 113 136 114 119  5
128 126 124 120 118 122 121 118 122 136 116 122  6
126 121 116 118 113 121 119 113 116 136 115 114  7
131 128 128 151 122 123 123 121 127 137 128 124  8
123 125 124 122 114 122 119 114 120 136 116 123  9
142 134 129 131 126 130 131 125 127 137 127 122  10
141 131 126 127 133 126 123 121 129 137 123 15000  11

Chip#1
115 169 100 107 104 110 114 124 110 115 116 110  0
282 333 133 153 142 119 180 180 125 216 187 122  1
299 368 159 151 150 116 184 183 131 215 187 114  2
125 152 108 111 107 114 131 129 110 133 117 109  3
177 203 127 164 161 135 227 217 127 206 180 117  4
157 190 122 156 156 126 193 186 123 184 168 115  5
120 122 109 128 125 128 135 138 121 133 128 119  6
161 184 119 206 201 134 214 211 126 224 204 114  7
159 173 119 169 166 126 183 189 127 194 180 116  8
120 127 113 125 117 116 138 146 120 141 130 113  9
154 180 118 158 161 124 233 249 129 209 187 115  10
157 172 126 158 161 132 196 203 126 174 159 15000  11
Chip#2
129 131 116 119 115 113 114 116 118 136 118 121  0
133 132 114 108 102 105 106 103 113 136 111 112  1
133 135 116 118 113 118 119 112 120 136 112 119  2
119 117 111 111 114 111 114 109 113 115 110 114  3
123 122 118 112 117 117 116 117 120 123 114 114  4
120 117 115 114 113 115 110 113 116 131 111 114  5
124 120 116 118 113 116 110 108 120 118 115 117  6
123 117 114 114 118 117 117 113 117 131 118 117  7
120 116 119 118 121 117 113 114 118 122 120 115  8
119 117 115 112 117 115 112 112 114 115 107 117  9
133 123 118 120 122 119 117 114 124 131 114 117  10
129 125 115 118 122 118 119 113 118 131 114 15000  11

Chip#1
119 121 107 112 105 115 123 125 113 118 123 120  0
291 339 140 156 145 127 190 185 129 221 192 128  1
302 375 156 154 152 128 190 185 131 220 191 116  2
136 163 118 127 117 128 140 145 126 142 132 120  3
170 197 121 154 153 132 224 215 126 200 180 113  4
156 192 121 155 156 123 194 192 126 186 165 115  5
120 129 117 134 133 127 138 147 124 140 130 119  6
162 185 117 207 200 131 212 214 127 224 200 115  7
152 177 116 168 167 124 187 187 126 188 180 117  8
122 139 112 126 122 124 147 146 119 142 127 119  9
160 186 121 158 168 128 241 251 130 213 192 110  10
152 171 118 149 152 124 196 203 124 169 162 15000  11
Chip#2
129 126 112 114 115 117 108 112 114 131 112 117  0
139 139 120 111 113 113 117 111 118 131 116 119  1
134 132 112 111 113 113 114 107 120 131 114 119  2
119 115 114 115 112 116 109 111 114 131 118 119  3
114 112 107 105 109 107 108 104 109 131 110 112  4
116 121 115 120 121 118 114 114 114 122 120 117  5
116 111 111 114 109 107 106 104 109 113 110 112  6
126 121 116 122 118 117 114 116 117 131 120 119  7
116 117 110 112 111 112 112 108 113 131 112 114  8
118 117 118 115 110 115 108 111 114 131 111 115  9
130 127 119 119 121 116 120 121 118 123 115 121  10
130 127 118 123 123 116 119 112 118 131 123 15000  11

Chip#1
129 135 111 116 107 112 117 128 116 169 119 117  0
275 328 136 149 135 115 179 178 123 212 182 113  1
302 370 152 151 151 122 189 187 130 212 183 117  2
136 160 114 122 116 124 138 140 126 137 124 116  3
175 197 118 159 158 130 225 216 134 199 179 113  4
156 186 114 149 153 123 191 186 117 184 161 113  5
115 118 109 123 120 123 135 138 120 133 116 113  6
170 185 123 206 200 134 214 216 134 228 205 117  7
160 172 117 174 168 126 185 190 127 192 180 116  8
120 128 108 118 118 114 137 148 119 140 127 113  9
162 190 127 160 168 135 243 251 133 210 196 121  10
151 169 117 155 153 128 195 202 126 168 162 15000  11
Chip#2
122 120 107 111 106 109 104 107 111 113 110 114  0
137 141 115 112 116 113 112 109 118 121 122 117  1
123 128 107 108 112 109 108 104 111 112 112 108  2
119 121 111 112 110 111 112 108 114 115 115 115  3
116 117 110 110 110 111 108 105 111 131 111 109  4
118 120 116 114 114 115 113 112 116 115 115 117  5
120 120 119 114 117 117 109 112 117 118 116 115  6
122 118 115 115 116 115 112 107 117 131 119 117  7
114 117 114 111 112 111 104 107 116 117 114 115  8
121 118 115 116 113 115 113 111 117 131 116 118  9
129 126 118 123 123 118 120 120 124 131 118 119  10
128 122 114 114 118 116 117 108 120 116 114 15000  11
