
Chip#1
113 114 107 129 104 112 105 102 102 109 112 117  0
121 118 115 129 114 118 111 118 109 119 119 125  1
116 114 114 129 109 117 113 109 109 118 110 116  2
112 114 575 474 114 669 534 112 604 451 115 113  3
109 114 606 515 115 480 359 113 411 311 115 117  4
111 111 113 129 109 121 108 108 107 114 114 113  5
108 110 453 466 107 139 127 101 125 130 104 109  6
107 112 418 413 104 138 124 108 117 123 104 108  7
112 113 113 129 107 116 105 112 107 113 111 113  8
108 110 109 129 106 141 135 106 132 139 110 111  9
116 116 111 129 114 138 130 112 122 130 116 116  10
108 109 109 129 110 116 104 108 104 108 111 15000  11
Chip#2
108 110 103 108 110 111 115 101 104 107 107 109  0
101 103 102 102 107 108 113 97 101 105 104 108  1
108 105 106 108 111 115 120 102 105 109 106 110  2
111 107 106 106 113 161 149 104 119 117 111 110  3
105 106 109 108 113 145 135 99 114 117 108 111  4
104 105 111 104 108 111 116 97 101 105 104 106  5
107 107 207 166 110 123 128 105 118 120 111 113  6
102 105 177 144 108 115 123 99 109 112 103 108  7
108 105 109 112 114 118 119 102 106 110 110 110  8
105 105 257 208 110 276 224 101 222 204 108 111  9
104 101 218 166 111 220 185 98 174 167 102 110  10
112 109 111 106 113 119 120 105 103 109 112 15000  11
