
Chip#1
132 114 111 145 164 109 106 107 112 109 105 106  0
137 120 138 454 505 184 127 123 114 124 147 106  1
115 109 128 431 498 168 124 111 106 115 131 99  2
102 100 107 170 191 105 101 101 102 108 100 99  3
140 117 149 484 480 168 122 123 118 127 131 111  4
137 120 138 406 424 168 126 125 121 124 147 113  5
187 186 117 123 124 113 109 109 112 115 131 102  6
541 547 173 110 112 105 111 104 103 110 131 96  7
453 448 153 124 120 117 120 116 110 128 131 112  8
197 208 121 118 109 109 111 104 110 115 131 109  9
456 482 175 116 112 107 111 107 110 119 131 102  10
368 359 133 111 108 108 112 106 106 114 111 15000  11
Chip#2
112 106 108 103 106 109 98 96 95 107 100 109  0
112 111 107 317 461 119 105 99 96 108 106 112  1
128 113 110 547 800 158 110 102 96 107 108 112  2
112 112 110 132 169 113 106 104 95 106 108 110  3
112 113 107 369 549 121 109 98 95 111 103 108  4
112 115 106 436 662 131 109 107 95 115 109 112  5
112 121 102 104 115 110 103 102 95 102 97 108  6
323 805 204 118 118 114 110 110 96 113 110 115  7
285 704 204 104 110 108 111 106 95 112 104 112  8
112 160 110 103 108 108 107 99 95 111 105 113  9
285 778 239 109 111 109 110 107 95 112 110 110  10
199 470 163 104 113 108 103 103 95 111 105 15000  11

Chip#1
108 106 111 140 164 106 103 100 104 107 104 103  0
108 110 129 445 497 168 115 111 100 113 131 99  1
132 114 133 430 504 184 120 112 115 119 131 106  2
108 105 114 174 192 113 114 107 109 109 106 105  3
117 114 142 484 480 148 120 115 109 122 117 109  4
105 108 124 390 397 124 112 108 103 110 105 98  5
181 176 112 122 118 107 106 104 102 103 101 98  6
547 553 169 110 105 101 107 102 101 113 101 98  7
449 442 142 112 111 108 115 109 103 117 110 99  8
201 208 115 110 111 105 112 105 108 108 131 106  9
460 486 167 109 106 108 111 109 107 118 110 103  10
363 361 130 96 102 99 105 102 99 113 106 15000  11
Chip#2
112 95 102 99 104 100 98 93 95 101 102 100  0
112 99 101 315 452 110 100 95 95 98 98 97  1
112 110 107 553 811 139 110 109 95 108 105 108  2
112 106 106 130 165 113 102 102 95 109 100 109  3
112 112 109 382 559 123 110 103 95 108 106 105  4
112 106 102 443 668 120 103 99 95 105 99 96  5
112 124 110 110 125 109 107 108 95 106 105 109  6
317 814 204 105 110 108 106 106 95 112 105 112  7
290 717 204 110 110 113 114 108 96 108 110 110  8
112 157 110 99 103 110 102 103 95 108 103 104  9
275 780 233 98 99 97 103 97 95 102 97 97  10
198 461 163 103 104 104 102 102 95 105 106 15000  11

Chip#1
132 108 111 142 164 112 111 108 109 113 131 106  0
132 113 135 452 507 168 124 118 108 118 131 103  1
132 115 129 430 507 184 125 119 107 119 131 107  2
106 107 107 170 194 109 105 107 103 105 104 100  3
135 121 145 484 484 168 121 118 115 122 131 111  4
132 115 131 397 423 168 116 116 112 121 131 102  5
192 186 119 123 126 117 114 114 113 112 131 105  6
553 567 180 117 118 114 119 116 112 121 131 106  7
441 447 140 107 108 109 111 100 104 110 104 98  8
194 207 116 107 108 109 106 106 104 107 101 105  9
466 484 167 111 114 112 112 102 106 118 109 98  10
388 366 140 115 111 107 114 111 112 122 131 15000  11
Chip#2
112 108 110 104 110 111 107 104 95 107 106 109  0
82 106 106 312 458 117 105 100 95 105 105 102  1
87 110 107 547 810 134 105 97 95 107 106 100  2
112 106 106 130 162 111 106 103 95 109 99 107  3
112 109 101 370 558 121 105 98 95 105 108 105  4
112 113 106 439 676 127 114 107 95 108 108 105  5
128 124 112 110 116 110 109 102 96 106 105 110  6
312 805 201 99 105 100 104 98 96 105 110 100  7
290 717 201 105 109 113 112 101 95 105 110 109  8
128 154 108 107 105 109 107 106 95 105 104 107  9
289 790 239 104 106 108 110 108 95 111 114 112  10
197 461 163 97 103 103 100 100 95 105 100 15000  11

Chip#1
106 109 112 139 164 107 109 108 106 107 110 105  0
132 117 133 454 504 168 124 119 108 121 131 103  1
110 112 128 431 503 184 125 116 110 113 131 100  2
103 106 108 168 188 112 103 107 107 109 106 96  3
132 115 143 484 475 168 121 117 114 113 131 102  4
106 107 124 390 420 128 111 109 107 108 131 99  5
183 187 107 118 119 108 107 103 102 108 102 101  6
551 560 181 119 118 114 112 111 108 119 131 105  7
446 444 140 111 109 105 111 105 106 114 131 100  8
195 208 119 109 112 109 110 104 104 112 105 101  9
469 492 178 117 112 112 117 106 112 121 131 108  10
388 372 140 113 116 113 116 114 112 121 131 15000  11
Chip#2
112 102 106 105 106 100 101 102 95 102 103 107  0
112 105 108 315 458 113 110 102 95 107 104 105  1
112 105 102 546 804 132 101 98 95 104 104 102  2
112 104 103 124 165 108 105 101 95 105 100 105  3
112 113 108 373 561 126 109 108 95 111 109 110  4
128 109 108 435 666 122 111 102 96 105 106 107  5
112 125 113 109 116 110 106 99 96 106 110 109  6
319 808 204 104 109 106 111 106 95 108 106 105  7
279 703 204 100 106 100 105 102 95 100 102 105  8
112 155 112 105 111 110 105 102 95 106 109 109  9
287 777 236 103 109 104 103 103 95 100 106 107  10
202 461 163 103 109 105 110 103 95 107 106 15000  11
