
Chip#1
333 363 384 427 395 355 347 363 427 282 320 323  0
331 363 383 432 461 355 331 379 430 282 323 325  1
334 324 385 435 395 355 331 363 433 283 325 322  2
332 319 386 431 395 355 347 379 430 284 322 323  3
335 324 383 435 395 355 331 363 433 282 321 324  4
330 324 388 433 395 355 331 363 434 283 322 323  5
333 323 387 431 395 355 331 331 429 283 321 325  6
333 363 386 433 395 355 331 363 433 286 323 326  7
333 320 382 428 458 355 331 363 428 280 320 320  8
334 325 382 429 395 355 331 363 427 281 323 319  9
335 326 386 436 411 355 331 363 431 281 323 328  10
338 327 388 435 395 355 331 379 434 284 325 15000  11
Chip#2
195 414 284 398 363 363 347 379 380 331 309 410  0
939 2600 282 1026 1723 363 831 1016 380 651 529 395  1
1351 2971 287 2011 2861 379 2075 2836 380 3787 3707 410  2
204 423 284 395 403 379 391 381 381 363 329 407  3
1786 2098 285 1915 1789 379 1467 1470 380 1231 773 405  4
1691 2219 289 2358 2267 379 2539 2869 384 3979 2667 409  5
204 424 285 444 363 379 388 411 383 347 315 404  6
2395 2386 285 1856 1387 379 1723 1202 384 1787 947 403  7
2203 2459 291 2171 1561 379 2971 2143 380 1787 2398 405  8
205 421 286 395 363 379 354 379 380 347 321 402  9
2827 2095 292 3195 1467 379 2683 986 382 1995 557 410  10
1574 1403 291 2853 1301 379 3883 1606 386 3259 875 15000  11
Chip#3
449 413 488 379 442 337 394 452 376 432 478 383  0
456 418 495 447 446 345 401 458 377 440 481 388  1
446 411 489 379 440 333 389 449 377 428 473 388  2
449 412 490 379 442 337 397 453 377 432 476 386  3
452 417 490 439 444 340 397 455 377 440 476 385  4
448 414 489 379 443 339 392 451 377 433 475 383  5
448 413 490 379 441 338 395 449 377 435 474 386  6
443 406 482 363 433 327 383 440 376 425 467 382  7
446 407 488 379 437 333 390 448 377 428 471 383  8
450 415 492 379 439 335 397 453 377 436 476 386  9
452 414 494 379 444 338 393 455 376 436 481 384  10
449 411 489 379 441 337 392 453 376 430 473 15000  11
Chip#4
176 294 348 347 373 384 331 269 323 460 291 303  0
174 291 346 331 372 382 331 266 320 458 290 303  1
181 297 351 347 373 386 331 268 323 460 289 308  2
177 299 350 363 374 389 347 270 321 458 291 308  3
180 298 352 347 373 386 331 271 322 460 289 303  4
176 291 346 331 373 383 315 264 318 459 288 301  5
178 292 348 347 373 384 331 269 316 460 288 303  6
180 300 355 363 374 393 347 272 323 461 292 312  7
181 296 353 363 374 389 347 331 323 464 289 306  8
178 293 350 347 373 385 331 266 319 460 289 304  9
181 299 351 347 373 387 331 271 321 464 293 307  10
173 295 348 347 373 380 331 267 319 460 288 15000  11
