
Chip#1
106 110 103 106 105 106 106 108 111 101 103 102  0
97 100 99 103 100 99 104 97 100 97 96 92  1
104 102 113 116 98 106 123 105 109 120 94 96  2
99 94 97 101 97 103 113 100 108 109 96 93  3
109 105 106 113 108 111 111 110 108 108 102 101  4
93 95 111 119 93 106 119 97 101 111 92 92  5
97 96 104 107 104 106 109 103 106 107 92 95  6
102 104 103 103 107 104 107 104 106 104 96 104  7
99 101 111 120 101 109 115 107 99 99 96 96  8
102 105 106 113 104 111 116 105 101 96 95 103  9
97 96 97 104 96 100 101 103 100 100 95 98  10
102 101 98 102 101 98 98 98 98 99 95 15000  11
Chip#2
105 101 99 98 101 99 102 98 99 101 104 99  0
97 101 95 97 105 98 99 95 95 97 100 98  1
110 101 105 104 106 106 108 102 101 104 105 106  2
107 108 104 105 106 106 108 102 100 103 110 108  3
103 101 96 108 104 99 105 98 96 103 104 103  4
105 99 99 98 105 102 101 99 96 101 102 106  5
105 103 99 103 101 101 101 96 99 99 104 104  6
111 103 103 108 107 107 108 107 101 107 113 108  7
105 104 100 100 100 104 101 97 96 101 101 104  8
105 105 100 99 101 103 104 100 101 99 107 103  9
105 103 103 104 106 111 108 103 105 102 111 109  10
102 97 98 98 96 94 100 95 94 99 99 15000  11
