
Chip#1
73 189 156 5 36 92 54 101 97 126 176 193  0
41 168 380 356 36 284 614 117 167 575 190 180  1
9 164 2698 3384 84 3731 3937 465 2274 3902 952 170  2
25 164 731 988 52 1220 2662 206 967 3390 426 170  3
25 163 159 11 36 108 54 101 111 186 174 168  4
25 163 219 104 36 196 134 101 1569 3899 448 166  5
25 153 180 39 20 124 86 85 1069 2997 340 158  6
25 163 163 14 36 92 54 101 104 128 169 169  7
9 160 219 89 20 196 102 85 95 115 159 159  8
25 152 208 49 36 196 102 85 80 113 155 156  9
25 156 153 0 20 92 38 85 83 115 161 159  10
41 172 159 5 36 92 54 85 96 122 166 15000  11
Chip#2
239 100 204 140 35 259 123 133 166 153 145 99  0
239 100 199 76 31 259 124 133 162 152 146 97  1
239 191 203 89 40 259 134 138 172 163 152 104  2
239 191 265 586 255 259 507 439 174 387 434 108  3
239 94 302 894 441 259 698 470 170 397 423 98  4
239 191 205 197 62 259 148 142 172 161 155 98  5
239 98 211 295 135 259 140 145 174 165 165 99  6
239 94 270 675 399 259 143 151 168 165 163 100  7
239 95 203 197 82 259 130 138 167 155 151 93  8
239 92 197 140 40 259 133 142 168 153 156 98  9
239 98 204 140 47 259 144 152 172 170 172 104  10
239 191 203 140 40 259 134 138 170 159 153 15000  11
