Chip#2
122 113 114 108 105 111 117 108 115 109 114 114  0
120 109 107 109 105 113 116 100 117 107 113 112  1
104 102 104 99 89 101 107 100 107 99 103 99  2
108 106 108 125 784 176 114 100 309 339 105 105  3
109 105 109 161 719 171 114 102 396 512 114 108  4
106 105 109 106 105 109 111 100 112 107 111 101  5
123 117 116 109 105 115 119 105 117 114 113 113  6
109 104 109 104 251 108 109 100 248 164 112 105  7
112 104 106 127 531 238 110 100 767 593 103 107  8
115 111 112 105 217 109 119 106 183 178 112 112  9
118 107 112 110 105 112 116 100 115 110 111 108  10
130 117 113 108 105 113 119 100 116 113 116 15000  11
