
Chip#1
363 363 287 408 385 347 339 324 308 286 302 347  0
379 379 293 412 390 363 342 328 313 289 309 347  1
363 363 292 410 384 363 336 325 311 288 298 347  2
379 363 730 713 391 766 737 338 772 599 303 347  3
363 363 734 727 385 651 559 331 579 474 299 284  4
379 363 298 416 392 363 346 335 315 292 307 347  5
363 363 619 698 393 379 410 333 332 310 304 347  6
363 363 566 664 396 379 363 334 324 304 307 289  7
363 363 294 412 389 347 341 326 311 285 300 286  8
363 363 294 416 391 379 412 327 334 309 304 291  9
363 363 290 411 383 363 363 326 320 301 300 347  10
379 363 297 414 392 363 363 331 314 292 305 15000  11
Chip#2
395 443 295 388 390 293 288 443 331 363 326 286  0
395 450 299 391 394 296 290 450 347 407 330 288  1
395 447 298 390 393 296 290 451 347 405 331 290  2
457 448 295 390 390 309 299 449 347 411 326 283  3
460 449 297 391 394 306 296 452 347 408 328 288  4
395 449 302 393 391 294 288 450 331 406 331 285  5
395 444 331 409 390 300 291 445 347 407 329 291  6
456 450 324 404 390 296 347 449 347 411 329 287  7
395 442 296 387 389 292 283 444 331 403 324 286  8
395 453 426 426 394 419 390 452 379 437 329 293  9
456 451 363 414 392 404 383 453 379 430 334 292  10
395 445 300 389 392 294 287 451 347 407 330 15000  11
