
Chip#1
104 108 110 146 168 112 105 97 102 104 105 96  0
105 104 125 547 623 184 109 106 101 107 110 98  1
104 108 120 501 612 184 110 104 108 105 106 98  2
102 99 109 187 211 109 103 100 102 100 102 98  3
106 105 133 574 587 168 112 108 107 105 109 99  4
108 107 128 451 496 137 107 102 103 107 106 98  5
206 208 116 122 124 111 112 106 104 109 106 101  6
672 691 199 113 113 111 110 104 108 114 112 100  7
517 535 157 117 115 109 111 107 107 117 131 101  8
211 237 117 110 111 104 105 96 106 103 102 99  9
558 601 195 109 107 103 110 106 105 113 109 93  10
436 454 145 113 113 115 110 111 110 121 131 15000  11
Chip#2
112 111 103 103 104 108 97 100 99 107 104 107  0
82 101 100 323 492 105 98 95 99 102 99 98  1
85 105 101 590 903 136 100 97 99 104 96 97  2
112 111 107 129 169 108 102 102 100 109 104 108  3
112 106 102 403 626 122 105 103 99 106 102 103  4
79 102 100 466 756 121 100 97 99 96 93 99  5
112 125 106 107 119 105 104 102 99 105 100 109  6
342 930 223 108 104 103 109 109 99 109 104 108  7
309 825 192 103 101 105 105 108 99 107 99 107  8
112 162 104 98 101 96 98 96 99 99 94 99  9
308 916 260 104 100 100 103 102 99 109 103 105  10
207 527 163 102 100 97 96 97 99 104 98 15000  11
