
Chip#1
89 181 153 4 36 108 38 153 92 122 179 216  0
41 164 379 360 36 300 614 117 158 580 194 178  1
25 172 2711 3456 188 3676 3935 476 2285 3906 1024 177  2
25 164 731 997 36 1117 2662 213 973 3395 430 177  3
9 161 158 8 20 92 38 85 110 189 174 168  4
25 157 219 103 36 196 134 101 1564 3899 448 170  5
25 159 184 38 36 124 102 101 1068 3005 340 161  6
25 164 156 10 36 108 54 85 96 130 169 160  7
25 160 219 97 36 196 102 85 93 118 160 160  8
25 159 213 55 36 196 102 85 89 118 161 166  9
25 165 157 8 36 92 38 85 92 115 159 169  10
25 165 147 1 20 92 38 85 85 117 159 15000  11
Chip#2
239 191 205 140 39 259 128 136 170 155 151 108  0
239 93 197 73 29 259 118 125 159 147 143 91  1
239 92 195 82 34 259 126 129 163 155 147 95  2
239 99 265 590 251 259 507 444 173 389 435 108  3
239 100 312 903 446 259 707 470 172 408 433 106  4
239 94 204 197 60 259 144 142 166 155 150 100  5
239 96 210 283 135 259 140 144 169 162 160 99  6
239 89 262 675 387 259 139 144 166 162 163 93  7
239 96 205 197 82 259 131 138 168 155 148 99  8
239 100 205 89 45 259 133 145 172 165 163 105  9
239 91 199 140 33 259 134 145 164 161 166 98  10
239 100 206 83 41 259 128 137 172 160 151 15000  11
