
Chip#1
113 109 106 129 109 107 97 105 97 105 112 116  0
117 112 110 111 102 111 103 104 104 108 109 116  1
112 107 114 129 111 111 111 108 110 117 110 109  2
108 107 580 476 110 674 540 110 626 468 111 107  3
111 117 618 539 115 496 369 112 431 325 114 117  4
112 110 114 129 109 112 108 108 108 109 115 111  5
109 110 469 483 109 144 132 108 129 129 109 111  6
107 116 434 429 110 135 127 108 117 124 111 109  7
108 113 113 115 110 115 105 109 108 110 109 116  8
111 114 114 129 116 148 139 113 138 143 119 116  9
108 106 114 129 107 131 121 105 117 123 108 109  10
103 106 106 129 106 110 103 100 101 104 106 15000  11
Chip#2
114 103 102 100 107 111 119 106 106 106 111 111  0
107 105 103 104 111 112 117 98 104 107 112 111  1
112 111 108 104 113 115 115 104 112 112 111 111  2
112 109 111 105 115 166 151 112 125 121 114 114  3
114 107 109 108 114 145 137 108 116 117 112 113  4
108 106 109 108 114 115 123 106 105 114 114 114  5
112 110 214 169 114 126 128 106 122 121 110 113  6
108 107 188 152 116 121 124 106 112 117 107 115  7
111 106 109 105 115 117 121 105 108 109 108 114  8
112 109 263 215 111 287 228 102 238 213 111 106  9
105 105 223 168 108 229 192 99 189 195 108 110  10
117 105 108 104 114 114 119 106 105 110 113 15000  11
