
Chip#1
113 117 106 129 100 110 100 100 106 112 109 113  0
117 110 110 129 107 110 103 102 108 107 111 109  1
117 116 118 129 115 125 109 117 117 117 111 114  2
108 109 528 438 102 607 492 108 564 431 106 107  3
108 116 553 474 111 442 331 114 389 299 114 109  4
108 117 111 129 107 112 105 108 112 110 110 111  5
108 107 413 422 105 130 119 104 122 123 110 107  6
109 114 380 385 107 127 114 106 114 118 109 108  7
109 110 109 109 106 112 100 100 106 108 110 107  8
109 113 109 106 106 129 115 102 120 125 106 107  9
107 112 109 129 101 124 115 108 114 119 111 109  10
113 118 113 129 109 115 102 109 109 115 112 15000  11
Chip#2
108 103 100 102 107 107 117 99 100 103 108 106  0
102 98 92 96 100 101 108 92 93 101 102 101  1
105 98 93 96 103 103 107 93 94 95 98 104  2
108 102 99 101 104 131 132 97 106 107 103 102  3
109 106 99 104 108 130 124 97 104 110 108 105  4
104 102 95 101 104 104 111 94 98 97 102 98  5
108 105 186 155 110 118 119 97 108 112 103 105  6
114 109 167 140 114 117 121 105 108 113 108 108  7
114 109 105 106 114 111 115 104 104 109 108 111  8
109 106 226 205 114 253 214 99 206 182 104 110  9
114 106 201 157 108 204 182 101 170 160 108 108  10
109 101 97 101 104 104 105 98 98 105 104 15000  11
