
Chip#1
102 103 105 107 105 110 109 108 104 101 106 103  0
109 110 117 108 117 110 109 111 113 103 108 112  1
109 108 113 106 118 114 108 117 112 108 110 106  2
104 105 108 102 115 112 105 110 108 100 106 104  3
102 105 109 101 106 104 107 108 108 101 107 104  4
95 101 104 97 107 102 99 101 99 96 105 98  5
107 104 106 102 111 110 109 112 104 101 107 109  6
106 101 104 101 107 109 104 108 103 100 102 102  7
104 103 114 101 109 105 104 113 103 95 106 106  8
101 101 102 97 107 102 104 100 101 97 99 100  9
112 111 116 108 116 116 111 118 111 106 109 116  10
101 108 109 101 110 105 106 106 104 98 105 103  11
Chip#2
191 200 232 243 250 225 246 239 220 255 222 293  0
191 200 275 243 250 266 246 239 262 2954 1902 267  1
191 200 279 243 250 288 246 239 295 2954 1902 285  2
268 275 271 302 305 267 302 299 260 473 427 256  3
268 275 287 302 305 294 302 299 296 473 427 268  4
268 275 296 302 305 309 302 299 322 473 427 274  5
294 289 277 313 310 274 329 319 279 347 317 261  6
294 289 294 313 310 283 329 319 300 347 317 268  7
294 289 296 313 310 296 329 319 330 347 317 268  8
310 293 276 314 305 266 326 304 268 338 298 258  9
310 293 296 314 305 290 326 304 307 338 2401 273  10
310 293 300 314 305 299 326 304 383 338 2401 306  11
