
Chip#1
372 372 289 403 380 347 388 329 312 289 305 347  0
373 373 288 409 387 363 392 333 315 289 302 347  1
347 372 287 406 382 347 363 329 314 288 297 281  2
363 372 697 696 390 735 736 337 756 589 301 347  3
363 372 710 724 385 635 566 331 574 477 300 282  4
347 295 285 402 380 347 340 326 310 285 295 331  5
347 363 558 674 382 363 363 331 327 297 293 282  6
363 363 541 672 385 379 407 333 320 294 298 347  7
363 363 290 407 385 347 390 331 313 283 297 282  8
363 363 295 412 391 379 410 337 335 304 302 285  9
363 363 289 407 385 363 401 332 320 295 297 281  10
379 363 290 408 382 363 389 330 313 289 300 15000  11
Chip#2
466 459 303 395 401 300 347 461 363 413 334 301  0
468 459 302 395 397 298 347 459 363 412 335 299  1
467 457 305 395 400 301 347 457 363 414 338 302  2
470 461 305 399 404 443 404 459 395 435 341 304  3
462 457 301 389 395 413 378 455 363 421 334 298  4
466 457 304 393 397 301 347 454 363 413 336 297  5
467 459 547 500 398 389 363 453 395 432 335 298  6
465 461 503 465 400 387 363 455 379 424 336 301  7
475 463 314 406 406 308 300 461 363 423 344 307  8
411 462 635 576 403 708 560 458 587 572 338 299  9
411 459 566 507 398 556 482 457 580 529 334 302  10
472 456 306 399 402 300 347 456 363 415 341 15000  11

Chip#1
363 363 291 407 385 347 363 332 312 289 307 290  0
379 363 292 409 387 363 363 332 315 286 308 347  1
363 363 288 404 383 363 389 331 317 285 301 284  2
363 363 698 694 391 735 740 340 756 590 303 347  3
363 363 713 723 384 635 567 331 573 474 300 284  4
363 363 293 408 385 363 389 329 310 286 300 283  5
363 363 563 675 386 363 405 331 329 298 299 283  6
363 363 533 672 381 363 363 330 318 290 295 280  7
363 363 288 410 382 363 388 329 310 284 300 347  8
363 363 286 403 384 363 402 329 328 299 298 280  9
363 363 291 408 382 363 363 330 321 294 297 283  10
363 363 292 409 386 363 363 330 314 287 302 15000  11
Chip#2
460 456 304 398 400 301 347 456 363 414 337 298  0
463 452 302 396 402 297 286 455 363 411 333 296  1
411 455 306 398 400 302 287 457 363 415 338 298  2
461 453 302 393 397 440 397 455 379 426 336 295  3
466 456 308 398 402 418 383 462 379 424 340 298  4
463 456 307 398 399 300 287 456 363 413 334 295  5
463 455 546 503 396 388 301 454 379 429 335 295  6
411 458 502 466 399 309 296 458 379 425 335 295  7
411 452 303 395 396 298 286 457 363 414 336 295  8
465 463 635 619 402 710 556 461 603 571 338 299  9
459 457 572 517 398 563 482 456 592 535 338 300  10
411 457 307 398 399 303 347 459 363 417 340 15000  11

Chip#1
363 363 296 408 383 347 343 326 311 287 301 290  0
363 363 292 411 385 347 391 332 314 285 301 288  1
363 363 289 406 382 347 387 326 311 284 294 279  2
363 363 695 693 384 731 726 329 747 581 296 331  3
363 363 714 728 386 635 566 332 579 427 301 283  4
347 363 288 406 382 347 340 325 311 281 294 282  5
347 363 552 674 377 363 400 321 323 293 292 276  6
363 363 537 672 383 363 403 328 322 291 296 281  7
347 363 286 405 384 347 387 323 308 281 294 280  8
363 363 290 411 385 379 411 330 332 302 298 283  9
363 363 287 406 380 363 399 329 317 292 296 280  10
363 363 287 406 385 347 390 327 309 283 296 15000  11
Chip#2
455 446 300 390 393 298 285 454 347 412 335 295  0
458 448 298 387 391 293 285 454 347 408 332 294  1
457 449 303 391 394 297 286 455 347 410 334 297  2
463 453 301 396 397 438 398 457 379 432 334 295  3
457 447 300 388 393 410 363 454 379 421 333 295  4
460 450 304 394 392 298 287 455 347 409 335 292  5
459 453 547 502 397 315 298 453 379 433 333 296  6
460 452 496 463 396 312 347 457 363 422 331 295  7
411 453 305 396 395 300 286 457 363 414 335 298  8
411 456 635 619 398 714 556 457 603 573 337 300  9
459 449 568 507 389 556 479 452 583 529 330 296  10
411 453 305 393 399 302 289 457 363 413 338 15000  11

Chip#1
363 363 290 408 384 347 343 326 312 288 307 287  0
363 363 284 400 379 347 336 325 305 281 296 347  1
363 363 293 411 386 363 363 336 318 292 302 347  2
363 363 695 692 382 735 736 334 755 582 299 283  3
347 363 713 720 384 635 559 331 571 474 299 281  4
363 363 292 411 385 347 363 333 315 286 299 284  5
363 363 553 674 385 379 404 327 324 299 299 347  6
363 363 534 671 380 363 363 326 319 291 297 280  7
347 347 289 404 379 347 338 325 313 282 301 284  8
363 363 294 414 390 379 408 329 329 305 301 284  9
363 363 291 407 381 363 363 330 321 294 300 284  10
363 363 287 407 384 347 390 327 310 281 298 15000  11
Chip#2
460 450 300 391 395 295 287 455 347 412 334 295  0
458 448 299 392 393 347 285 453 363 408 332 293  1
459 452 300 392 394 300 288 454 347 410 334 293  2
463 454 304 394 400 438 398 461 379 430 336 295  3
395 447 296 387 391 407 308 452 363 417 327 291  4
411 453 302 394 396 299 289 457 347 414 333 293  5
395 452 542 495 393 312 293 456 379 431 332 291  6
395 449 496 459 395 307 291 453 363 419 331 290  7
461 448 301 392 394 299 288 454 347 413 334 297  8
411 454 635 619 402 709 557 459 603 574 340 296  9
460 451 565 510 395 558 481 458 586 532 335 299  10
411 454 306 393 397 304 288 458 363 413 339 15000  11
