
Chip#1
73 182 149 8 20 92 38 85 96 128 174 185  0
41 161 392 381 52 284 582 164 158 571 185 170  1
25 165 2870 3658 84 3516 3909 461 2226 3899 986 166  2
9 162 723 1062 36 1220 2550 199 945 3355 418 165  3
41 164 156 16 52 92 54 101 114 189 171 166  4
41 168 219 111 52 196 150 166 1536 3883 450 171  5
25 163 183 36 36 124 86 153 1042 2907 335 161  6
25 153 142 5 36 76 22 85 93 124 159 155  7
25 163 219 92 36 196 86 85 91 114 159 154  8
25 161 212 54 36 196 86 85 92 122 160 161  9
25 160 146 6 20 92 38 85 89 121 155 156  10
25 160 153 0 20 76 38 85 89 114 159 15000  11
Chip#2
239 100 199 74 29 259 124 129 163 152 146 94  0
239 101 198 76 36 259 124 133 163 157 149 98  1
239 100 195 72 31 259 124 128 162 154 148 94  2
239 96 235 564 237 259 475 422 166 389 435 99  3
239 99 302 879 434 259 587 470 173 413 435 100  4
239 101 204 188 65 259 154 144 172 165 157 99  5
239 99 210 279 130 259 137 142 168 161 163 99  6
239 93 266 657 384 259 140 144 162 157 161 92  7
239 94 198 197 75 259 126 134 161 151 148 89  8
239 105 206 89 48 259 141 151 174 171 168 105  9
239 102 205 81 43 259 146 159 170 167 178 104  10
239 96 195 72 35 259 128 130 163 149 148 15000  11
