
Chip#1
170 142 125 114 110 115 120 114 112 118 133 156  0
152 109 119 115 115 117 118 121 118 116 117 126  1
113 109 119 135 121 118 116 128 129 116 114 103  2
115 109 305 135 1410 119 121 2882 3191 118 116 108  3
113 108 165 3830 174 122 118 1907 2357 117 109 102  4
111 109 118 122 124 117 118 128 125 112 109 99  5
111 109 114 117 115 112 116 120 121 112 112 100  6
109 109 123 2167 720 116 117 1444 2372 113 110 105  7
118 109 246 2167 2298 124 127 1444 3948 128 118 109  8
119 109 130 225 132 124 126 295 263 119 121 110  9
137 109 122 120 121 121 125 131 128 122 117 128  10
197 118 117 112 110 110 118 115 114 115 130 15000  11
Chip#2
116 112 110 106 89 110 112 100 115 108 103 110  0
104 101 103 104 89 109 105 99 100 98 102 102  1
111 105 113 109 105 112 111 100 116 110 111 113  2
108 102 108 125 783 176 112 100 308 341 104 110  3
108 108 111 163 727 176 112 100 399 522 111 108  4
108 103 112 109 105 112 114 100 114 114 107 108  5
103 102 106 105 105 103 110 100 110 108 101 102  6
111 104 112 107 255 112 112 100 250 165 108 105  7
109 104 109 125 533 239 114 100 764 593 100 108  8
114 107 116 104 223 112 114 100 178 175 108 114  9
111 103 106 99 89 108 108 99 111 102 106 107  10
126 118 116 109 105 114 116 102 119 115 112 15000  11
