
Chip#1
9 153 143 0 20 92 38 69 84 109 155 154  0
9 145 160 18 20 108 70 69 84 137 157 155  1
9 147 280 213 20 300 470 85 212 475 203 155  2
0 145 181 50 4 196 206 53 129 251 170 153  3
9 150 146 0 20 92 38 69 87 114 154 155  4
9 143 150 0 20 92 38 69 172 336 165 151  5
0 146 149 0 4 76 22 53 143 219 164 150  6
9 149 149 0 20 92 38 69 86 104 156 154  7
9 144 149 0 20 92 38 69 78 105 152 150  8
9 149 146 0 20 92 38 69 82 112 156 158  9
0 150 149 0 4 76 38 53 82 113 155 153  10
9 154 147 0 20 92 38 69 91 115 161 15000  11
Chip#2
239 88 200 74 34 259 121 125 162 146 142 90  0
239 89 193 140 30 259 121 126 157 147 141 90  1
239 89 197 73 31 259 118 120 155 145 140 84  2
239 91 205 172 44 259 148 142 163 160 158 93  3
239 87 197 122 56 259 150 143 157 159 157 91  4
239 93 197 83 37 259 125 126 160 150 146 94  5
239 87 199 90 40 259 121 123 161 145 144 92  6
239 191 209 188 58 259 132 131 172 157 151 103  7
239 92 201 92 42 259 125 129 162 152 149 95  8
239 90 195 78 37 259 119 128 160 147 145 91  9
239 96 204 140 36 259 129 129 167 155 151 99  10
239 92 203 79 37 259 126 131 162 149 141 15000  11
