
Chip#1
109 115 99 102 107 102 94 107 97 114 106 110  0
110 112 106 99 108 102 96 106 102 111 106 105  1
113 121 167 157 114 146 173 111 148 186 108 111  2
105 122 771 792 113 716 953 132 723 948 133 102  3
102 117 493 528 118 476 620 119 509 639 120 106  4
114 122 152 148 116 124 126 111 125 135 110 113  5
107 126 664 732 120 113 114 108 118 123 107 111  6
102 116 570 603 115 104 104 108 108 116 105 105  7
111 122 130 125 114 109 104 113 105 118 111 111  8
107 117 108 102 109 112 110 110 112 120 106 106  9
104 117 108 101 103 108 107 104 108 115 103 106  10
102 110 108 97 101 102 96 103 102 108 102 103  11
Chip#2
108 115 116 111 117 112 103 108 108 113 108 112  0
111 110 118 112 114 104 103 110 113 115 116 116  1
103 109 112 110 110 103 97 104 110 108 108 107  2
108 122 123 116 123 121 104 111 120 122 114 118  3
106 112 117 109 119 118 100 108 115 109 106 106  4
109 139 146 115 119 116 103 114 113 113 112 111  5
113 959 1109 125 123 118 105 118 115 113 116 110  6
115 1129 1296 130 126 121 107 120 121 110 111 112  7
113 182 196 116 153 137 105 125 129 114 119 113  8
117 881 1040 129 799 920 117 750 795 115 117 113  9
129 1238 1334 142 1408 1573 130 1307 1526 126 114 110  10
111 182 181 111 211 216 104 219 246 108 113 111  11
Chip#3
100 89 104 94 100 88 97 104 94 98 102 110  0
101 93 190 165 107 182 158 108 159 193 107 114  1
111 155 693 637 166 676 654 138 551 694 171 118  2
100 118 513 483 122 507 461 116 431 504 125 115  3
97 89 107 97 102 95 99 108 125 142 107 109  4
107 104 113 111 113 107 113 118 582 720 156 121  5
101 92 107 102 102 97 101 114 526 617 130 110  6
97 90 102 97 100 94 97 101 101 106 98 111  7
112 107 118 110 113 105 117 116 106 106 115 123  8
100 90 107 99 103 94 99 105 91 99 95 109  9
106 105 113 109 110 104 109 113 101 105 108 121  10
112 101 111 106 107 97 108 112 103 105 105 113  11
Chip#4
811 653 811 657 684 648 763 648 635 795 570 683  0
725 656 811 657 687 645 763 647 635 677 575 682  1
734 660 723 710 729 650 811 695 635 811 626 691  2
811 658 843 2187 2009 678 2237 2171 639 1987 1906 811  3
720 654 811 1734 1627 666 1725 1719 626 1731 1611 711  4
719 657 721 693 710 649 659 654 626 687 581 688  5
717 651 843 2155 1771 646 763 645 626 779 573 687  6
726 655 843 1899 1579 654 763 651 626 795 582 686  7
724 651 811 670 695 642 763 649 626 779 573 685  8
725 659 811 664 693 651 763 656 626 684 578 691  9
722 651 718 655 689 649 763 653 626 779 571 683  10
720 651 715 654 690 644 747 646 626 678 569 685  11
