
Chip#1
73 177 151 0 36 92 38 85 98 130 180 219  0
25 164 384 362 36 284 614 101 160 581 193 177  1
25 171 2731 3472 84 3660 3942 472 2288 3907 954 170  2
25 160 731 1000 36 1212 2766 202 973 3396 426 165  3
25 161 159 14 36 108 70 101 115 191 173 170  4
25 157 219 104 36 196 134 101 1567 3899 450 165  5
25 163 188 44 36 124 102 101 1078 3006 347 164  6
25 161 157 14 36 108 54 101 101 128 168 161  7
9 165 219 99 36 140 102 85 93 122 166 163  8
25 160 216 48 36 196 102 150 88 113 160 160  9
25 163 157 8 20 92 38 85 96 122 159 168  10
9 163 151 2 20 92 38 69 91 117 164 15000  11
Chip#2
239 191 200 140 39 259 124 136 164 159 145 100  0
239 191 201 140 36 259 127 130 164 154 145 102  1
239 94 195 79 36 259 125 130 162 153 150 98  2
239 92 253 578 242 259 507 430 164 382 432 102  3
239 95 301 905 441 259 603 470 166 406 429 103  4
239 93 199 188 57 259 140 142 161 155 147 93  5
239 91 204 282 126 259 132 137 159 157 153 94  6
239 93 261 670 399 259 134 142 161 160 158 89  7
239 94 197 197 72 259 124 131 161 153 146 93  8
239 94 200 84 37 259 132 142 168 160 156 99  9
239 93 192 140 34 259 134 145 162 216 166 99  10
239 95 200 82 40 259 130 137 163 154 148 15000  11
