
Chip#1
101 103 109 102 96 97 103 102 102 99 99 106  0
89 211 257 95 319 293 103 299 163 85 277 142  1
92 276 329 98 366 319 103 281 163 88 363 176  2
92 93 99 95 94 88 103 91 90 84 93 92  3
99 301 350 95 354 328 103 405 272 93 440 246  4
96 298 329 93 327 292 93 349 234 99 401 229  5
96 98 97 90 97 99 103 99 96 91 97 101  6
104 332 392 108 428 367 108 454 309 95 459 268  7
101 273 324 95 344 311 103 361 250 98 364 212  8
95 102 106 96 102 96 103 100 98 93 101 102  9
111 286 328 101 349 338 103 375 255 93 383 215  10
100 204 238 98 285 283 103 295 203 95 254 154  11
Chip#2
106 110 108 108 108 106 110 113 110 104 110 110  0
105 246 327 115 285 334 113 244 264 110 279 227  1
116 214 263 120 247 279 117 225 242 113 295 255  2
112 115 113 112 114 108 111 118 113 114 112 114  3
114 311 370 117 326 355 117 311 340 115 348 268  4
116 214 231 118 239 250 118 256 289 113 288 241  5
113 111 113 115 114 113 121 118 114 111 117 111  6
118 313 383 115 382 345 118 359 329 115 391 280  7
112 198 232 113 243 232 119 268 236 113 281 191  8
104 108 106 108 110 106 112 110 110 109 110 109  9
109 340 383 111 393 323 113 367 313 111 400 216  10
114 166 163 116 222 184 118 225 197 110 234 146  11
