
Chip#1
132 119 110 121 122 112 143 159 107 108 107 102  0
182 184 126 203 219 149 539 544 164 124 131 102  1
165 181 130 202 226 168 529 524 164 137 147 107  2
134 131 110 116 116 111 169 176 103 113 106 99  3
246 248 140 142 145 141 567 583 164 132 131 108  4
213 213 130 138 140 138 555 580 164 133 131 111  5
135 132 112 115 113 115 179 175 109 115 106 99  6
233 231 131 138 139 168 624 578 164 141 147 103  7
195 190 120 129 128 168 579 545 133 137 147 100  8
143 140 115 111 111 114 197 175 108 115 110 100  9
225 229 131 125 125 184 623 527 125 158 147 99  10
199 197 124 129 131 168 591 507 131 160 163 15000  11
Chip#2
112 112 112 105 113 111 110 109 99 112 110 114  0
112 115 107 109 124 104 364 377 99 108 103 105  1
112 135 110 121 147 114 733 709 99 115 106 107  2
128 109 106 102 108 109 151 139 100 106 96 113  3
128 132 113 107 113 110 433 495 100 117 108 110  4
112 149 113 112 121 114 486 532 99 112 109 113  5
112 112 104 104 114 115 119 118 100 106 100 105  6
112 136 110 109 121 110 407 452 99 113 108 108  7
128 132 114 107 119 114 306 322 100 107 105 105  8
112 108 107 102 108 110 147 162 99 107 104 109  9
128 144 118 109 116 110 715 837 98 119 112 112  10
128 132 118 109 113 108 330 398 98 115 115 15000  11
