
Chip#1
25 151 142 0 20 92 38 69 80 108 160 168  0
9 145 198 62 4 124 134 69 95 204 164 153  1
9 149 606 666 20 732 1382 202 489 1418 312 153  2
9 151 219 168 4 284 502 69 288 730 203 155  3
9 148 139 0 20 92 38 69 86 113 154 153  4
0 146 161 9 4 92 38 53 347 747 207 149  5
9 146 150 3 4 92 38 69 265 635 189 151  6
9 149 139 0 4 92 22 69 87 108 155 150  7
9 151 169 13 20 92 54 69 86 112 160 159  8
9 149 159 8 4 92 38 69 86 110 154 155  9
9 149 146 0 20 92 38 69 86 108 160 158  10
0 144 138 0 4 60 22 53 70 99 147 15000  11
Chip#2
239 99 202 81 37 259 127 131 166 154 151 99  0
239 99 199 79 45 259 128 134 166 157 148 98  1
239 92 198 82 36 259 126 131 162 154 149 91  2
239 93 211 237 94 259 203 208 167 248 187 98  3
239 98 248 327 155 259 251 214 166 264 187 97  4
239 91 197 100 39 259 125 125 155 147 143 86  5
239 89 199 188 64 259 124 126 159 152 146 87  6
239 91 215 270 139 259 126 133 161 154 152 93  7
239 91 197 110 50 259 126 129 162 149 146 93  8
239 91 197 74 35 259 124 130 160 149 151 91  9
239 87 194 77 31 259 125 130 159 151 152 90  10
239 97 203 140 39 259 128 127 166 159 151 15000  11
