
Chip#1
396 390 311 427 401 386 405 343 329 307 390 395  0
401 380 310 427 400 386 363 343 326 303 322 379  1
399 379 314 429 402 386 414 347 363 318 319 363  2
399 380 2267 1915 413 2683 2059 355 2459 1723 317 363  3
399 389 2359 2080 415 1819 1379 355 1635 1123 325 363  4
398 388 363 433 402 379 411 348 333 310 318 363  5
398 383 1821 1883 412 436 501 353 471 379 324 363  6
399 383 1625 1659 410 423 486 354 444 363 321 363  7
398 382 312 431 405 416 411 346 333 308 318 363  8
398 382 305 424 399 436 493 341 474 446 310 296  9
399 378 314 433 405 408 466 351 433 363 320 363  10
399 378 320 434 411 403 414 355 337 316 326 15000  11
Chip#2
469 462 313 402 403 313 363 467 363 420 345 304  0
411 459 310 404 401 308 300 459 363 419 343 302  1
411 461 311 399 402 310 300 460 347 419 340 300  2
463 458 310 401 406 460 415 462 379 440 342 303  3
411 461 313 404 407 434 399 466 379 432 346 306  4
411 459 317 405 405 313 304 461 363 421 346 303  5
468 463 568 509 403 404 382 463 395 440 340 303  6
411 461 517 472 404 363 381 460 379 430 338 299  7
411 458 310 400 403 311 299 465 363 421 342 302  8
469 466 651 580 411 726 558 466 603 574 346 305  9
411 464 588 516 402 576 488 464 597 537 343 303  10
473 461 314 401 402 310 363 466 363 421 363 15000  11
