
Chip#1
109 120 106 118 120 108 136 159 106 107 104 96  0
189 197 136 237 245 168 498 501 164 133 147 103  1
171 181 129 211 237 168 490 492 164 129 147 100  2
139 124 102 119 125 107 162 176 107 104 104 94  3
251 243 138 145 146 139 540 550 164 128 131 105  4
225 224 131 138 146 168 542 560 164 132 147 107  5
139 131 110 117 122 114 169 175 108 113 107 100  6
228 234 135 142 140 184 567 518 164 141 147 106  7
209 202 131 141 139 168 541 506 164 143 163 106  8
143 135 115 117 116 114 194 177 104 117 131 101  9
242 240 143 138 138 184 603 506 136 168 163 111  10
208 207 130 133 134 184 572 500 131 161 163 15000  11
Chip#2
112 108 106 100 103 103 102 101 101 109 100 105  0
112 118 113 107 123 108 322 344 101 111 104 105  1
128 136 116 126 145 116 625 609 101 115 110 104  2
128 106 107 104 110 110 137 129 101 105 99 108  3
128 135 115 112 121 115 401 459 100 115 112 112  4
128 143 116 111 120 121 439 482 100 114 109 107  5
128 108 112 105 115 114 116 113 100 106 105 108  6
128 132 116 111 121 116 375 418 100 113 109 107  7
112 129 110 105 119 113 279 292 99 111 105 109  8
112 114 110 104 104 111 148 162 99 107 106 109  9
128 141 114 99 113 108 670 790 100 115 105 99  10
128 129 113 103 114 110 298 374 99 117 108 15000  11
