
Chip#1
110 117 107 118 118 109 132 159 102 104 104 96  0
177 182 135 205 219 146 497 523 164 124 131 103  1
158 172 128 194 214 145 483 494 142 128 131 101  2
135 131 110 118 121 114 158 175 108 108 105 101  3
232 228 133 142 138 136 519 551 164 124 131 100  4
197 198 122 133 137 128 508 539 142 122 131 100  5
134 134 115 124 120 120 173 173 114 114 111 99  6
224 218 130 139 138 168 580 550 141 143 147 101  7
184 179 116 128 124 137 529 505 131 132 131 98  8
138 139 115 117 114 117 188 175 110 118 131 105  9
213 217 129 125 120 168 574 496 123 147 147 99  10
184 180 116 119 115 168 535 473 120 145 147 15000  11
Chip#2
85 101 106 94 99 98 96 97 94 98 99 105  0
112 118 109 107 124 105 352 344 94 112 106 110  1
128 133 110 120 143 111 638 632 94 109 110 108  2
112 114 110 102 114 111 142 137 94 111 109 113  3
112 129 109 105 115 108 383 450 94 113 106 112  4
128 141 112 108 119 110 433 482 94 113 111 109  5
87 111 106 102 105 109 114 119 94 105 104 107  6
128 132 114 105 115 108 363 418 94 109 108 108  7
112 129 113 102 114 108 276 293 94 102 106 109  8
80 108 101 95 104 103 136 147 94 104 99 104  9
112 136 110 98 111 100 617 746 94 109 109 107  10
112 123 109 95 104 100 281 352 94 105 106 15000  11
