
Chip#1
113 116 116 107 110 105 112 111 108 116 111 113  0
120 126 120 114 119 130 121 118 112 122 121 117  1
117 117 118 116 133 127 121 115 122 118 115 124  2
108 109 119 113 106 111 110 106 113 112 104 112  3
114 112 119 116 140 138 119 115 118 116 117 120  4
114 119 112 110 133 127 112 114 128 118 115 122  5
111 106 113 105 104 108 115 102 115 105 109 116  6
114 110 119 113 118 119 114 108 116 108 112 117  7
114 112 118 113 112 115 114 106 112 112 116 109  8
120 121 125 116 115 111 122 118 122 124 124 122  9
116 130 116 111 112 116 127 109 127 113 124 124  10
126 120 120 114 110 118 122 115 119 116 112 15000  11
Chip#2
92 96 95 102 98 90 94 95 97 93 94 95  0
96 103 99 109 109 105 98 99 103 100 103 104  1
100 105 105 112 111 113 104 105 107 99 101 103  2
103 102 106 116 107 102 104 101 107 98 101 103  3
96 98 94 99 109 99 98 99 97 95 95 102  4
92 95 94 97 105 101 94 93 97 97 95 95  5
104 107 103 112 108 101 104 105 106 105 103 104  6
97 103 100 112 104 105 102 100 104 99 99 102  7
97 99 100 109 107 103 101 101 108 100 101 103  8
97 96 98 108 103 98 98 98 100 96 97 97  9
105 111 107 112 105 104 101 110 112 108 100 103  10
98 103 103 112 102 103 102 101 107 97 100 15000  11
