
Chip#1
105 110 102 110 114 101 121 123 99 96 96 94  0
161 158 122 173 181 132 376 384 132 118 131 99  1
146 149 117 164 177 131 360 369 129 114 131 100  2
121 120 110 112 117 107 141 159 106 105 107 99  3
203 195 134 129 137 129 397 415 136 121 120 101  4
172 195 115 121 126 119 383 415 129 117 111 95  5
132 120 119 117 113 112 153 159 110 112 111 100  6
196 191 128 130 134 137 451 431 138 133 147 108  7
170 158 115 121 118 119 400 399 125 119 131 101  8
138 131 117 113 114 112 165 159 108 110 112 99  9
192 189 126 123 121 140 443 383 120 136 147 98  10
172 161 117 117 118 137 415 374 119 138 147 15000  11
Chip#2
112 95 96 97 96 97 95 90 99 102 97 104  0
112 111 103 103 113 99 243 253 99 105 100 112  1
112 119 108 109 123 104 448 450 99 109 104 108  2
112 110 108 94 103 105 124 121 99 105 99 103  3
128 130 116 109 120 114 291 326 100 113 112 115  4
86 124 102 98 104 100 308 332 99 104 100 103  5
112 110 108 103 110 106 111 108 99 109 104 105  6
112 124 109 100 113 105 277 295 99 112 109 108  7
112 118 104 102 109 106 216 223 99 108 100 113  8
112 102 101 97 103 100 124 124 99 101 99 105  9
112 125 108 102 109 100 458 534 99 109 105 107  10
112 118 109 104 108 104 226 273 99 106 104 15000  11
