
Chip#1
172 74 206 231 124 274 161 203 197 120 220 84  0
175 82 206 237 132 282 162 207 198 125 230 91  1
169 82 206 235 124 274 159 205 195 125 226 85  2
179 87 206 244 132 282 168 207 202 128 233 94  3
172 81 206 236 124 282 160 207 196 120 220 85  4
166 74 206 233 124 282 155 206 194 116 218 83  5
178 83 206 241 124 282 167 207 200 126 231 89  6
173 81 206 236 132 282 166 207 198 123 226 85  7
166 82 206 231 124 282 157 203 192 117 225 83  8
172 83 206 237 132 282 155 207 196 117 222 86  9
174 87 206 234 132 282 163 207 201 125 227 89  10
180 88 206 240 132 282 171 207 206 132 228 91  11
Chip#2
234 95 145 198 194 149 188 204 0 123 260 213  0
234 82 145 184 210 29 172 90 0 113 260 213  1
234 95 145 195 194 149 185 204 0 124 260 213  2
234 86 145 193 210 29 179 90 0 120 260 213  3
234 95 145 202 194 149 188 199 0 124 260 213  4
234 82 145 188 210 29 172 90 0 113 260 213  5
234 73 145 183 210 29 170 90 0 109 260 213  6
234 92 145 195 210 149 185 204 0 123 260 213  7
234 95 145 198 194 149 188 204 0 125 260 213  8
234 82 145 193 210 149 175 186 0 115 260 213  9
234 89 145 188 210 149 181 90 0 115 260 213  10
234 95 145 204 194 149 188 195 15 125 260 213  11
