
Chip#1
261 305 399 405 400 304 465 389 446 390 477 363  0
263 311 397 403 402 388 466 388 442 388 485 363  1
261 310 363 409 404 315 469 390 452 388 483 363  2
261 304 396 406 401 305 470 385 451 388 478 363  3
261 308 363 363 399 314 466 389 446 389 478 363  4
259 310 396 408 405 311 469 391 452 392 478 363  5
261 299 393 404 401 305 466 386 443 386 475 363  6
256 303 363 363 402 310 465 384 442 386 472 355  7
263 314 407 410 409 315 471 394 449 395 482 363  8
266 310 402 405 405 310 474 390 454 395 485 363  9
265 314 399 405 403 384 469 385 457 386 480 379  10
268 314 405 409 406 315 475 390 455 394 479 15000  11
Chip#2
313 373 307 331 355 379 298 323 408 326 253 355  0
309 374 307 347 355 379 295 320 411 323 249 355  1
318 374 314 347 355 390 307 337 420 363 262 355  2
321 375 317 363 355 393 314 342 424 363 266 355  3
317 375 316 363 355 395 311 342 424 363 266 355  4
323 374 320 347 355 392 315 343 431 363 269 355  5
322 375 321 347 355 397 363 347 432 381 266 355  6
325 375 325 363 363 403 363 352 437 376 331 363  7
324 375 325 363 347 401 363 351 435 380 272 347  8
318 374 317 331 355 396 319 342 423 340 265 331  9
323 375 322 363 355 395 319 349 430 363 270 355  10
324 374 318 347 355 392 311 345 430 363 269 15000  11
