
Chip#1
115 117 106 115 119 108 136 137 103 103 104 101  0
180 180 134 197 211 151 467 477 144 127 131 109  1
158 180 130 188 204 168 445 460 164 129 147 107  2
134 128 115 117 126 115 159 175 107 108 110 102  3
220 218 131 140 134 131 487 506 164 121 131 101  4
192 192 125 133 134 127 487 496 164 126 131 100  5
118 125 111 116 117 115 162 175 107 107 110 99  6
212 208 130 132 133 144 531 502 136 137 131 101  7
187 184 130 133 132 139 501 479 134 134 147 106  8
132 131 106 107 112 106 177 175 99 105 105 94  9
215 213 135 128 131 168 540 467 126 145 147 106  10
182 178 117 125 119 144 501 441 119 142 147 15000  11
Chip#2
85 105 106 98 101 99 101 102 99 107 106 108  0
112 124 113 109 119 107 314 326 99 113 112 119  1
128 125 113 119 133 106 586 589 99 114 114 114  2
112 110 107 102 110 105 133 132 99 106 102 109  3
128 133 112 107 120 114 363 434 94 118 115 112  4
112 138 112 109 118 111 404 454 94 113 109 112  5
112 105 108 99 106 106 107 109 94 106 99 109  6
112 133 106 105 116 108 340 379 94 113 104 110  7
112 127 110 109 115 108 262 281 94 117 110 110  8
112 108 104 98 103 102 130 139 94 104 100 110  9
112 142 114 104 110 108 586 705 94 109 112 112  10
112 125 109 99 105 99 272 337 94 111 110 15000  11
