
Chip#1
119 124 113 129 105 111 102 108 109 115 123 120  0
122 116 109 111 107 112 99 106 108 113 112 120  1
111 110 116 129 106 117 104 106 112 114 111 108  2
108 110 631 515 113 736 578 117 689 508 111 112  3
115 113 667 565 110 525 381 109 468 341 114 112  4
109 112 111 129 106 117 105 106 108 109 109 109  5
111 116 528 516 106 141 131 109 129 130 114 114  6
113 120 498 466 115 141 130 113 129 124 118 114  7
119 122 124 129 115 126 111 116 120 123 120 121  8
115 117 114 114 109 143 137 113 143 137 114 114  9
112 117 115 129 115 136 125 113 129 129 116 114  10
112 117 113 129 111 115 105 108 108 115 114 15000  11
Chip#2
112 103 102 102 113 111 119 101 102 105 111 114  0
112 106 103 105 117 112 120 104 104 109 111 113  1
115 111 102 112 120 114 124 106 110 114 114 113  2
112 109 103 106 114 161 147 104 118 121 114 111  3
109 103 99 108 114 142 136 99 113 116 112 108  4
112 109 103 108 113 112 116 98 100 106 108 104  5
114 110 236 185 117 124 131 101 122 121 113 113  6
109 111 198 160 120 121 121 102 114 116 112 110  7
109 106 102 109 114 118 120 104 109 108 114 115  8
115 110 283 236 114 315 257 105 256 226 108 111  9
108 109 249 234 118 257 209 101 206 205 110 114  10
117 111 111 109 121 117 119 105 110 116 117 15000  11
