
Chip#1
116 113 106 110 105 108 97 104 106 110 116 117  0
124 114 113 129 109 115 102 108 110 113 115 120  1
116 118 120 129 111 122 114 114 117 119 118 118  2
111 116 641 517 113 736 583 113 695 512 118 113  3
105 110 662 561 107 521 381 106 463 335 110 108  4
113 118 119 129 118 122 111 112 116 118 118 116  5
111 112 525 516 106 141 128 106 130 132 109 111  6
109 113 487 463 114 138 125 109 122 123 110 109  7
108 116 118 129 111 120 105 110 109 108 114 111  8
116 117 122 129 113 145 138 112 137 133 116 120  9
115 120 118 129 110 136 126 112 125 129 116 117  10
117 118 115 129 115 118 110 112 113 113 112 15000  11
Chip#2
111 109 105 110 118 114 123 104 106 112 114 111  0
107 107 100 105 113 115 116 101 103 106 110 105  1
115 110 108 112 120 118 125 108 110 110 112 113  2
114 110 108 110 118 184 164 105 127 125 111 113  3
112 109 106 109 120 159 149 109 121 121 110 109  4
111 111 106 112 117 118 120 104 109 110 113 108  5
114 118 295 225 121 134 133 106 132 128 111 111  6
111 110 243 181 113 128 125 104 118 118 106 109  7
115 114 111 109 115 118 121 111 106 110 111 110  8
119 126 377 305 128 405 326 113 323 282 120 117  9
108 114 307 232 113 311 247 101 258 240 108 113  10
115 106 103 106 114 111 116 101 100 106 111 15000  11
