
Chip#1
25 156 142 0 20 92 38 69 79 109 156 165  0
9 149 202 68 4 124 150 69 89 216 157 153  1
9 150 685 770 20 828 1590 205 544 1614 329 148  2
0 154 256 176 20 316 582 69 282 850 212 154  3
9 149 143 0 4 76 22 69 86 119 155 151  4
25 150 166 15 20 108 54 85 410 939 219 152  5
9 151 152 8 20 92 38 69 309 715 194 150  6
9 158 150 2 20 92 38 85 91 118 158 156  7
9 153 163 19 20 92 54 69 86 105 152 151  8
9 146 153 4 4 92 38 69 76 104 150 151  9
9 151 142 0 4 76 38 69 82 108 151 150  10
9 150 142 0 20 76 38 69 78 113 156 15000  11
Chip#2
239 98 201 79 36 259 127 130 165 151 147 95  0
239 98 203 140 40 259 127 130 167 156 148 100  1
239 92 200 140 40 259 125 131 160 153 150 97  2
239 92 231 476 166 259 451 302 166 335 375 96  3
239 99 291 726 360 259 491 433 172 356 377 103  4
239 94 204 138 56 259 142 142 166 155 152 94  5
239 89 204 236 103 259 131 134 160 154 154 93  6
239 94 263 555 324 259 144 145 169 165 165 97  7
239 93 201 188 66 259 124 131 159 149 146 88  8
239 89 198 77 34 259 125 135 165 153 154 90  9
239 86 189 73 33 259 128 141 157 153 155 90  10
239 94 200 79 37 259 129 136 167 156 151 15000  11
