
Chip#1
101 107 102 104 106 106 113 108 107 95 105 104  0
107 158 165 101 166 151 112 161 158 97 175 129  1
90 292 274 100 282 233 105 284 220 100 343 197  2
104 115 112 108 114 115 115 117 112 102 119 109  3
105 207 197 108 193 170 119 192 158 105 221 147  4
109 289 273 108 322 255 118 285 214 112 329 187  5
102 105 104 106 108 109 110 109 107 96 105 104  6
108 207 197 107 210 170 112 236 153 106 238 155  7
109 277 262 108 291 233 110 309 207 107 319 200  8
107 113 111 106 120 110 112 108 107 103 104 108  9
106 250 220 108 233 196 110 236 172 103 263 160  10
102 234 228 100 255 226 104 266 194 96 272 160  11
Chip#2
99 114 104 110 101 104 105 104 106 105 97 111  0
157 265 99 180 234 105 146 159 105 128 115 103  1
188 313 105 292 368 104 290 303 105 332 326 106  2
98 114 101 106 104 108 105 106 103 112 108 103  3
205 236 103 212 202 109 201 190 105 167 137 105  4
246 269 102 240 234 105 318 316 102 342 256 103  5
100 114 105 106 108 110 110 106 107 111 104 104  6
278 218 104 297 218 111 220 190 107 202 140 107  7
267 242 108 322 234 113 355 259 111 421 257 112  8
97 114 104 105 104 110 105 101 103 105 98 104  9
342 263 106 338 186 112 286 153 112 313 127 106  10
263 206 104 356 202 112 397 222 110 440 163 105  11
Chip#3
125 133 128 115 140 120 116 123 117 120 114 118  0
125 373 430 121 420 372 123 404 421 124 419 378  1
125 455 488 123 506 412 121 400 487 120 443 473  2
125 133 132 121 134 121 119 127 120 123 114 121  3
125 344 345 122 410 405 124 359 377 123 409 411  4
125 405 391 118 408 437 121 350 387 120 381 473  5
125 133 133 118 157 123 121 127 120 116 114 121  6
125 309 345 122 316 351 125 385 453 120 358 434  7
125 421 427 121 390 406 125 352 421 120 444 494  8
125 133 127 112 113 115 116 113 115 117 114 116  9
125 405 410 114 417 422 118 379 437 120 388 435  10
125 437 469 114 420 364 113 400 469 114 389 395  11
Chip#4
111 117 114 116 114 106 118 111 114 110 106 112  0
109 440 335 109 451 446 111 467 465 103 534 461  1
114 465 344 115 392 360 114 295 346 113 380 373  2
117 120 120 114 136 133 113 114 117 114 113 112  3
110 502 486 117 392 327 116 489 488 110 475 545  4
111 520 408 117 316 281 114 346 368 107 274 359  5
113 124 117 114 114 133 117 108 118 112 107 113  6
118 415 419 123 453 460 122 361 534 117 425 600  7
111 398 382 116 462 461 111 316 454 105 264 399  8
120 128 128 129 136 133 121 119 130 121 119 117  9
109 394 432 110 463 399 110 353 584 108 560 647  10
114 358 473 118 325 382 115 298 459 112 286 325  11
