
Chip#1
121 118 104 113 105 111 114 114 111 121 118 116  0
271 323 126 139 134 107 164 164 120 207 179 113  1
284 364 145 141 139 112 174 168 124 209 179 111  2
123 148 104 107 106 106 125 128 106 128 119 107  3
165 191 121 146 155 122 211 204 124 194 171 108  4
151 174 113 139 149 116 180 172 116 173 159 107  5
105 106 97 112 109 108 119 119 109 123 112 104  6
164 172 116 199 199 119 207 204 109 215 196 114  7
149 166 112 163 157 112 174 178 121 178 168 109  8
105 115 93 106 104 99 127 115 100 128 118 99  9
146 169 116 150 156 116 233 243 100 206 179 110  10
150 164 121 147 152 122 190 196 123 167 159 15000  11
Chip#2
118 120 107 106 105 104 106 102 109 108 109 104  0
126 132 104 97 101 101 102 99 105 113 106 103  1
116 122 104 104 102 97 105 98 105 108 105 101  2
116 110 103 101 104 101 106 99 105 106 102 103  3
102 110 100 100 101 100 105 100 104 108 105 104  4
102 110 103 99 105 101 108 100 108 108 107 104  5
116 107 100 101 105 101 100 100 104 105 102 106  6
116 113 106 104 108 104 109 102 102 111 105 105  7
116 107 104 107 109 97 105 103 107 111 106 103  8
109 112 102 107 106 104 106 102 105 105 106 105  9
115 117 100 111 113 105 110 103 109 110 107 105  10
122 116 107 110 110 103 112 99 111 108 110 15000  11

Chip#1
108 115 99 100 104 99 106 107 104 105 106 105  0
274 327 130 137 129 116 174 171 123 207 180 113  1
299 367 156 146 140 122 178 180 123 209 181 113  2
117 149 104 106 104 107 119 127 108 122 112 99  3
160 190 109 145 151 122 211 205 124 190 167 104  4
146 179 112 140 144 118 180 180 116 174 156 103  5
111 118 111 123 117 114 131 134 119 130 116 111  6
156 175 118 200 195 124 203 208 119 217 191 113  7
140 156 107 153 156 112 171 172 115 175 164 99  8
113 122 106 109 109 112 132 139 116 133 123 107  9
147 174 119 151 155 119 231 248 116 209 185 108  10
145 160 109 139 140 118 182 195 121 160 151 15000  11
Chip#2
114 113 104 101 100 101 102 99 103 110 102 103  0
127 132 110 104 108 104 108 103 112 116 109 108  1
124 130 103 105 100 107 106 103 108 113 107 104  2
114 113 106 107 105 103 108 105 107 131 110 110  3
115 111 102 107 108 108 109 105 108 113 109 110  4
115 117 106 104 104 105 104 104 105 115 106 106  5
115 106 104 103 101 100 102 104 104 107 106 103  6
116 117 104 111 108 107 109 107 105 116 108 106  7
116 111 102 101 100 101 104 105 104 111 105 104  8
116 101 99 99 101 96 99 98 98 107 101 101  9
112 111 100 101 102 103 108 104 108 110 102 97  10
122 118 107 107 109 111 110 107 111 116 108 15000  11
