
Chip#1
119 118 118 129 109 112 105 110 108 110 118 125  0
121 112 109 110 110 108 103 104 109 113 115 120  1
117 113 118 129 107 117 113 117 112 118 112 117  2
109 110 618 506 111 720 577 110 669 507 114 111  3
103 109 653 565 110 515 385 110 456 340 111 112  4
104 107 107 129 107 115 107 102 105 105 110 111  5
102 105 500 501 104 135 126 102 126 123 104 108  6
100 105 451 455 105 134 127 102 118 115 109 104  7
111 109 111 129 106 115 104 108 108 112 111 111  8
108 110 107 129 110 145 138 102 137 138 109 111  9
108 106 109 129 106 134 125 104 121 125 110 112  10
103 105 107 129 106 108 99 102 101 103 110 15000  11
Chip#2
109 105 106 108 114 115 119 104 105 110 112 115  0
117 111 106 112 117 117 119 105 108 112 111 115  1
109 106 106 104 113 118 119 105 106 109 110 113  2
111 109 106 109 115 184 160 109 126 126 111 113  3
107 107 106 105 113 156 142 108 117 120 112 110  4
112 111 109 109 114 117 120 108 103 109 111 110  5
112 111 263 206 118 135 129 108 126 128 113 114  6
108 106 214 165 110 126 121 102 114 114 106 110  7
117 107 112 114 118 119 123 111 114 113 117 119  8
111 109 322 258 118 350 289 104 281 246 112 114  9
108 106 284 211 114 284 226 101 236 216 110 117  10
117 109 114 113 118 123 123 106 113 116 118 15000  11
