
Chip#1
105 102 98 97 96 93 97 98 101 97 95 99  0
104 99 142 176 102 127 182 103 106 169 103 96  1
102 96 622 833 114 580 1139 147 374 990 196 98  2
97 104 228 321 102 256 474 110 215 522 130 96  3
96 96 98 102 101 99 106 101 107 101 97 98  4
102 97 120 129 105 114 125 108 284 606 140 99  5
98 95 103 109 97 101 113 100 226 462 114 94  6
110 107 108 110 115 110 111 111 114 109 108 105  7
102 101 117 127 103 111 115 105 104 100 98 94  8
96 96 106 109 96 101 112 101 101 93 89 93  9
103 105 102 104 102 99 104 98 103 97 97 98  10
102 100 104 102 97 103 104 102 102 103 98 15000  11
Chip#2
104 103 103 98 97 93 100 99 99 94 99 105  0
105 101 100 103 101 96 96 96 99 95 97 100  1
102 98 101 102 104 99 99 98 104 98 97 101  2
100 98 119 332 187 106 394 299 100 283 328 104  3
99 103 148 532 313 122 509 386 104 325 352 108  4
99 95 99 144 111 103 117 107 100 104 104 99  5
101 100 105 193 152 102 102 105 102 109 107 104  6
104 103 130 442 291 103 113 114 100 109 118 103  7
105 103 110 171 135 107 105 104 106 103 105 100  8
102 99 100 100 100 103 107 105 100 105 106 103  9
102 99 100 104 102 102 110 114 101 110 115 104  10
93 95 93 98 95 92 98 95 94 95 95 15000  11
