
Chip#1
115 114 115 129 107 116 104 109 110 114 118 117  0
117 124 119 129 114 122 108 110 116 112 120 120  1
119 126 126 129 118 126 116 119 118 120 122 121  2
111 114 283 257 109 294 233 109 263 208 111 112  3
116 120 302 282 115 240 195 112 211 174 120 118  4
120 128 124 145 118 130 110 114 122 117 122 118  5
121 129 258 273 124 138 130 119 129 129 123 122  6
107 116 244 248 113 126 119 108 117 117 112 112  7
111 116 118 129 111 118 106 112 110 110 114 117  8
117 125 126 145 120 150 143 118 133 130 122 122  9
113 120 119 129 113 138 126 114 118 120 111 120  10
116 120 116 129 113 121 106 108 112 109 118 15000  11
Chip#2
109 110 102 108 113 117 115 104 105 112 113 110  0
111 102 99 102 108 110 111 98 101 106 106 106  1
115 113 103 104 111 111 116 97 102 108 104 110  2
121 118 106 110 120 124 124 106 110 112 114 113  3
129 121 115 115 127 134 137 112 114 122 120 121  4
108 106 102 104 111 110 112 94 100 108 110 109  5
117 110 130 127 118 117 116 102 105 112 106 113  6
117 111 130 122 124 119 124 109 113 117 114 115  7
119 111 100 105 114 114 119 101 102 110 112 114  8
118 114 144 138 120 149 143 109 134 133 116 115  9
115 111 129 127 113 131 131 102 123 125 107 111  10
114 105 102 104 113 104 111 98 104 106 106 15000  11
