
Chip#1
301 346 286 331 373 285 248 313 282 319 279 347  0
303 343 288 331 373 291 250 311 347 322 280 350  1
301 343 392 379 373 326 306 314 378 427 282 345  2
296 348 1052 1046 373 939 1131 334 997 1163 299 343  3
297 342 748 762 373 725 812 323 752 867 289 343  4
298 339 322 363 373 296 265 313 296 328 278 345  5
290 342 891 974 373 292 255 306 286 325 276 343  6
300 347 820 834 373 289 252 312 347 321 279 344  7
293 341 299 282 372 284 248 310 283 312 276 343  8
298 340 290 331 372 294 255 309 347 320 277 345  9
299 338 288 331 372 289 254 315 347 320 277 345  10
295 339 284 267 372 286 242 308 281 315 276 342  11
Chip#2
375 347 355 347 408 355 283 348 355 341 355 372  0
376 363 355 363 405 379 279 346 353 333 355 373  1
375 347 355 363 408 355 279 346 352 335 355 372  2
375 363 355 363 411 363 286 351 355 341 355 372  3
375 347 355 363 420 363 285 355 355 339 355 372  4
375 379 355 363 411 363 287 351 355 340 355 372  5
375 1290 1387 363 407 347 283 349 354 333 355 350  6
376 1481 1622 426 426 408 290 355 355 345 355 379  7
376 427 347 363 440 420 298 355 355 346 355 382  8
375 1219 1318 412 1255 1228 292 1030 1070 338 355 381  9
377 1643 1675 423 1899 2043 309 1691 1899 355 355 382  10
375 427 347 347 514 494 281 472 427 337 355 381  11
