
Chip#1
104 99 107 104 96 96 103 97 90 98 103 99  0
101 106 100 99 102 105 103 102 95 88 104 102  1
98 106 104 99 107 109 103 102 96 93 104 103  2
95 89 96 95 91 87 103 93 90 87 95 95  3
93 105 102 101 103 105 103 112 92 98 101 102  4
98 105 97 101 104 100 93 103 95 90 100 95  5
105 93 99 95 97 96 103 93 95 93 96 98  6
98 106 118 116 115 108 103 112 102 101 104 108  7
96 112 110 105 107 109 96 112 90 99 101 101  8
102 98 103 95 91 93 103 94 93 93 103 102  9
105 110 102 98 106 106 103 106 98 91 108 103  10
105 102 100 96 93 99 103 105 92 95 95 98  11
Chip#2
97 96 92 95 99 95 97 99 98 98 106 96  0
106 118 128 111 125 126 105 118 121 103 123 119  1
100 107 115 104 111 114 97 116 114 98 124 116  2
104 101 102 105 102 100 102 107 105 99 107 104  3
110 125 132 109 135 132 110 133 133 109 134 123  4
97 101 102 97 110 114 96 113 115 95 118 109  5
96 93 95 94 96 91 100 99 96 94 95 99  6
100 120 126 104 127 126 100 132 128 99 137 117  7
105 111 114 108 115 115 108 125 116 101 124 111  8
99 99 98 97 99 98 102 106 105 98 103 103  9
94 116 121 93 127 115 98 124 117 92 129 102  10
97 101 97 99 111 100 97 114 108 98 114 101  11
