
Chip#1
119 117 118 129 110 111 108 112 110 114 120 126  0
121 113 106 129 109 112 109 108 112 112 112 122  1
109 102 105 129 102 110 100 105 110 114 108 107  2
113 110 621 513 113 736 585 113 674 508 115 114  3
108 111 656 566 111 520 390 112 457 337 112 113  4
109 112 113 129 111 118 107 105 112 113 109 111  5
111 109 505 508 109 141 133 109 130 128 109 113  6
107 110 460 457 107 136 127 104 125 124 110 108  7
108 112 114 129 113 112 108 108 112 110 115 113  8
108 112 111 129 109 145 139 105 138 138 108 109  9
108 105 107 129 98 132 117 101 116 124 109 111  10
107 107 111 129 109 116 108 106 106 110 114 15000  11
Chip#2
109 107 106 105 120 115 124 111 108 106 116 114  0
115 111 111 112 118 121 127 111 108 113 118 121  1
106 103 103 102 113 117 121 104 105 107 113 114  2
111 110 105 108 117 187 165 111 127 125 117 114  3
104 102 108 105 113 155 142 105 113 113 110 108  4
109 109 114 112 115 115 124 106 110 110 111 114  5
111 117 269 209 118 138 139 111 131 129 117 115  6
105 110 217 164 117 128 124 105 113 116 110 110  7
109 106 102 106 113 117 119 106 104 110 108 113  8
112 115 321 257 118 349 289 112 282 252 117 117  9
111 111 281 210 117 284 232 108 238 219 111 114  10
118 110 112 112 123 118 123 108 110 116 117 15000  11
