
Chip#1
105 110 106 129 107 111 110 108 106 109 111 114  0
111 110 109 113 109 113 109 110 107 110 108 112  1
116 113 114 129 107 116 114 113 107 113 114 114  2
112 110 109 129 111 111 107 112 108 109 109 109  3
111 109 106 110 106 112 107 110 105 112 110 113  4
111 109 105 107 105 107 102 104 102 103 104 104  5
107 112 105 110 110 115 110 106 109 108 105 112  6
111 110 107 129 107 113 109 109 107 107 106 109  7
109 113 106 129 106 116 109 108 105 112 109 111  8
104 102 101 109 102 102 104 104 98 105 101 107  9
104 103 102 107 98 108 100 101 102 103 104 105  10
116 116 113 129 110 120 111 112 109 113 112 15000  11
Chip#2
104 101 105 104 110 114 121 101 102 106 108 111  0
114 111 114 110 116 119 125 111 109 113 118 115  1
111 109 112 108 115 119 121 111 108 113 114 115  2
109 109 109 105 114 115 120 102 103 107 110 114  3
109 105 106 108 113 114 123 108 105 110 112 111  4
114 113 112 110 118 118 127 112 106 114 114 113  5
112 107 109 108 117 117 124 109 108 109 114 113  6
114 109 114 110 117 123 127 109 108 114 114 117  7
112 113 109 109 115 119 123 106 106 110 113 115  8
111 107 112 106 113 119 119 104 103 112 112 114  9
108 106 106 105 110 115 123 105 103 109 114 113  10
118 111 112 109 118 120 125 108 113 117 114 15000  11
