
Chip#1
116 117 113 129 104 115 105 109 109 113 119 121  0
121 117 110 129 104 112 104 105 110 110 116 117  1
116 120 120 129 113 124 110 114 116 119 116 118  2
112 120 631 517 113 736 581 116 681 513 115 112  3
113 118 668 574 110 525 387 112 464 349 114 114  4
113 116 119 129 113 118 110 110 110 115 116 112  5
109 112 525 517 111 138 128 109 126 132 108 114  6
105 110 484 463 106 135 124 106 116 115 111 107  7
109 113 113 129 107 111 108 112 108 113 114 112  8
120 118 119 145 116 152 141 116 146 142 122 120  9
115 117 117 129 113 138 121 116 124 125 112 120  10
116 117 116 129 107 115 104 110 107 109 111 15000  11
Chip#2
117 110 105 106 120 115 121 105 106 107 108 115  0
109 105 100 105 110 105 115 97 98 106 107 108  1
108 105 102 104 113 111 116 97 102 103 104 111  2
109 107 99 109 118 161 144 102 119 118 114 108  3
119 114 108 106 120 145 139 104 117 118 112 110  4
111 111 105 106 114 114 117 101 103 106 107 106  5
111 113 234 185 114 127 128 102 121 120 111 111  6
117 111 204 162 117 126 128 102 114 117 113 111  7
112 106 103 110 113 112 117 101 104 109 110 110  8
118 114 287 237 120 314 270 108 256 230 111 108  9
108 111 256 236 113 256 206 95 197 201 104 106  10
118 113 108 108 117 118 119 105 104 112 114 15000  11
