
Chip#1
115 118 103 106 105 110 103 101 102 110 110 118  0
120 121 107 129 113 115 109 106 107 112 110 118  1
113 120 111 129 115 122 114 113 114 122 114 120  2
113 112 525 434 111 608 497 109 545 418 104 111  3
113 120 561 481 116 444 341 112 383 294 115 117  4
108 116 110 129 106 115 104 101 108 113 109 109  5
115 122 423 437 111 143 133 108 132 132 112 117  6
111 117 391 401 115 138 126 106 116 119 109 113  7
107 112 105 129 104 112 102 100 104 107 106 108  8
109 117 107 129 107 145 131 104 132 133 111 114  9
113 121 113 129 111 138 125 113 124 130 114 113  10
109 112 106 110 105 111 100 101 104 105 106 15000  11
Chip#2
105 101 96 98 105 108 112 97 97 99 100 101  0
102 102 93 97 105 107 112 97 102 102 106 102  1
99 102 99 98 107 108 111 95 101 103 104 106  2
108 106 100 102 110 141 139 101 113 114 112 109  3
107 107 100 100 105 134 129 102 108 113 110 105  4
104 105 99 102 107 110 116 98 98 106 107 104  5
106 106 173 147 107 120 123 101 114 113 108 108  6
108 106 160 134 113 115 123 104 110 114 107 108  7
108 103 99 105 111 112 117 99 104 107 110 109  8
111 109 214 205 113 237 205 104 187 172 110 110  9
102 105 185 151 107 194 168 98 158 153 107 106  10
107 102 98 100 108 112 115 101 101 108 108 15000  11
