
Chip#1
121 125 118 129 111 117 111 113 113 115 122 121  0
120 118 111 129 111 111 102 98 110 110 115 120  1
108 110 107 129 107 113 105 108 112 108 108 112  2
107 110 489 417 104 558 455 110 518 402 108 105  3
105 112 506 438 107 399 302 104 356 274 109 108  4
113 122 115 129 111 120 109 113 113 114 118 116  5
111 114 381 401 110 130 122 110 128 123 110 111  6
111 117 355 353 111 131 119 112 121 118 116 111  7
108 114 105 129 106 111 103 105 108 110 111 109  8
115 118 118 129 115 138 128 116 132 128 118 114  9
103 109 106 114 101 121 110 104 112 118 109 107  10
111 110 109 129 104 112 105 106 108 107 109 15000  11
Chip#2
107 103 97 102 110 107 112 97 97 105 107 106  0
108 105 96 98 104 107 115 98 93 103 102 104  1
107 101 95 98 103 100 107 98 93 95 103 97  2
107 107 97 97 110 131 132 99 105 112 102 102  3
118 109 100 101 113 130 127 104 104 109 108 110  4
108 105 100 105 108 108 115 99 97 103 103 104  5
105 105 176 144 104 111 113 97 103 109 104 98  6
107 102 150 131 110 111 113 94 100 102 104 101  7
108 105 100 104 111 105 115 101 101 107 103 108  8
101 102 199 170 103 219 189 92 177 164 99 102  9
107 103 180 148 105 188 163 94 152 154 102 104  10
108 102 100 102 110 105 111 97 98 106 107 15000  11
