
Chip#1
121 112 111 107 106 108 104 105 104 110 115 121  0
119 105 107 102 101 104 98 100 102 104 110 111  1
113 107 110 129 105 116 108 105 109 112 109 113  2
111 105 618 509 106 736 587 112 679 508 111 109  3
107 102 653 559 105 511 382 105 446 330 108 107  4
105 107 109 110 107 110 107 102 100 108 105 108  5
104 101 511 503 96 133 128 101 124 125 101 101  6
109 109 464 455 102 131 122 102 116 119 101 104  7
113 105 106 113 106 110 103 109 106 105 108 108  8
107 103 103 129 102 141 135 98 129 130 102 107  9
107 109 110 110 106 129 125 113 114 124 108 111  10
112 107 107 107 109 107 104 108 101 108 111 15000  11
Chip#2
102 95 95 97 103 107 111 99 98 99 102 105  0
101 97 96 100 101 103 105 95 93 99 102 102  1
102 99 96 102 107 107 107 99 96 99 96 105  2
108 103 100 102 107 172 152 102 116 117 102 106  3
109 103 100 108 110 152 137 105 110 113 111 110  4
108 103 100 102 107 108 112 99 98 99 103 108  5
102 101 249 205 104 124 117 99 116 116 100 102  6
112 103 214 166 108 124 116 105 113 117 102 106  7
112 106 106 108 110 115 115 102 106 106 110 110  8
114 111 313 255 113 347 281 106 276 243 107 106  9
111 105 275 208 108 277 219 99 222 212 106 109  10
117 102 103 105 107 111 109 102 101 102 110 15000  11
