
Chip#1
120 117 119 129 110 121 110 113 109 117 119 125  0
122 116 107 129 109 120 108 106 105 113 112 122  1
113 111 110 129 109 122 109 106 108 117 112 116  2
116 118 541 444 113 632 500 117 564 427 115 117  3
107 116 559 482 110 448 335 108 379 293 111 111  4
116 114 114 129 110 120 111 114 109 115 114 114  5
112 116 431 441 107 141 132 113 126 125 112 113  6
109 117 406 404 115 144 131 117 124 125 115 114  7
113 114 109 151 110 122 108 108 109 114 115 114  8
108 110 110 114 109 145 136 105 129 139 112 112  9
113 116 110 129 111 138 126 114 118 129 115 118  10
108 109 105 129 100 113 103 104 102 103 106 15000  11
Chip#2
107 103 100 104 107 111 120 101 102 108 107 108  0
107 101 103 108 108 114 119 99 101 109 107 106  1
107 105 103 105 111 117 120 102 102 105 107 110  2
99 101 103 101 108 142 136 101 106 116 106 102  3
109 105 105 106 111 130 133 104 106 112 110 111  4
109 103 106 105 110 112 120 101 101 107 110 106  5
108 110 188 153 114 127 127 105 117 122 110 111  6
104 106 160 135 108 117 120 99 102 110 108 106  7
101 95 100 101 104 107 115 97 96 101 103 104  8
114 111 221 205 115 248 206 108 191 176 112 111  9
105 106 194 159 113 201 177 102 164 156 104 113  10
107 99 98 97 105 108 111 98 97 102 107 15000  11
