
Chip#1
161 129 116 108 104 107 109 110 108 110 128 153  0
139 109 111 107 106 110 109 114 109 103 109 116  1
119 108 123 132 115 118 117 127 128 116 116 105  2
113 108 310 132 1411 122 121 2871 3188 116 113 109  3
119 109 174 3834 180 132 136 1910 2372 124 120 112  4
109 108 114 120 124 117 118 123 125 116 108 102  5
109 109 121 119 120 118 122 122 121 116 116 105  6
117 109 133 2172 725 122 123 1449 2370 127 117 107  7
119 108 250 2172 2292 126 131 1449 3944 128 117 110  8
118 109 126 224 129 124 125 291 260 121 116 105  9
126 103 108 105 100 109 112 109 104 107 105 107  10
196 109 116 109 106 112 113 117 108 112 126 15000  11
Chip#2
120 114 121 115 105 114 121 100 115 112 111 114  0
106 99 105 101 103 104 107 99 104 99 102 97  1
110 110 113 105 103 105 110 100 111 107 108 110  2
108 110 116 127 783 178 113 100 308 344 112 107  3
110 107 108 159 725 172 111 100 401 515 107 105  4
113 108 112 108 105 112 116 103 118 110 114 113  5
101 100 104 101 102 97 107 100 106 101 102 101  6
111 107 110 105 256 109 114 100 255 161 112 106  7
108 104 110 127 523 234 110 100 766 594 107 104  8
117 112 116 114 220 115 119 104 184 178 115 113  9
115 109 115 112 89 110 114 100 117 113 112 110  10
129 120 120 118 105 117 126 107 124 121 118 15000  11
