
Chip#1
158 136 114 106 110 103 108 112 105 108 130 154  0
135 108 113 107 103 107 108 107 108 103 108 112  1
113 109 128 132 118 118 121 123 126 117 117 109  2
109 108 302 132 1414 117 116 2868 3195 121 109 103  3
110 109 166 3840 174 123 127 1906 2365 123 117 108  4
104 108 116 119 118 118 111 121 117 111 103 93  5
114 108 119 124 121 121 121 126 126 121 116 107  6
104 109 122 2167 724 117 122 1443 2371 121 116 103  7
105 109 244 2167 2290 118 122 1443 3940 126 109 99  8
108 108 116 214 119 112 120 285 251 111 106 97  9
134 108 121 116 111 115 117 119 119 112 117 120  10
197 116 114 112 108 111 115 112 110 116 131 15000  11
Chip#2
115 115 114 109 105 115 115 100 114 108 116 110  0
114 113 119 110 105 114 116 102 116 112 114 110  1
104 103 104 99 89 105 107 100 110 106 102 103  2
108 107 109 126 783 174 113 100 309 338 111 108  3
108 104 109 153 721 172 113 100 397 515 104 105  4
103 104 108 103 105 104 110 100 112 108 106 104  5
103 104 108 107 104 103 109 100 115 112 108 104  6
109 107 108 108 255 113 109 100 252 165 109 108  7
101 108 109 124 535 238 112 100 767 599 107 108  8
105 103 101 103 213 109 110 99 178 164 107 107  9
115 110 115 111 89 114 113 100 116 112 113 113  10
119 109 109 108 105 110 112 100 116 108 107 15000  11
