
Chip#1
112 116 111 113 106 118 105 108 109 112 116 113  0
108 112 107 129 102 112 94 101 104 108 109 105  1
108 107 110 109 102 113 100 108 109 113 106 108  2
113 116 265 241 107 306 249 116 282 226 115 112  3
104 116 274 255 105 256 192 110 215 174 111 109  4
109 112 106 129 102 113 97 104 104 107 110 105  5
109 109 228 228 104 120 107 101 110 110 108 109  6
113 109 228 213 104 118 103 106 109 107 111 107  7
105 110 107 129 100 113 94 101 102 108 111 107  8
104 103 105 129 105 121 107 104 114 109 109 107  9
102 103 107 110 101 115 100 102 107 109 108 101  10
108 111 111 129 104 111 95 101 107 105 108 15000  11
Chip#2
104 98 92 101 107 98 105 97 93 99 103 104  0
104 99 93 94 98 103 104 91 89 95 102 97  1
108 103 99 104 113 108 109 98 100 99 104 106  2
102 102 96 98 110 112 113 101 100 101 103 104  3
105 103 95 101 110 105 112 98 97 103 104 104  4
102 99 92 94 105 100 105 93 97 99 100 100  5
102 99 112 112 107 104 112 91 102 103 104 105  6
104 99 106 104 107 104 108 92 93 98 100 101  7
104 97 90 97 107 103 107 97 97 102 102 96  8
111 109 128 118 114 138 139 102 123 120 106 106  9
94 94 106 101 94 114 112 90 101 102 92 95  10
108 101 96 98 105 105 108 98 94 99 102 15000  11
