
Chip#1
94 52 36 173 0 110 113 25 85 49 76 0  0
90 52 28 173 0 110 107 26 23 43 69 0  1
84 52 31 173 0 126 112 24 85 49 68 0  2
85 52 364 420 0 502 378 23 389 255 64 0  3
88 52 327 452 0 350 267 27 204 170 69 0  4
88 52 35 196 0 110 112 27 33 54 72 0  5
85 52 224 404 0 126 133 25 101 60 65 0  6
83 52 205 372 0 126 126 26 101 55 68 0  7
85 52 36 196 0 126 110 27 85 49 68 0  8
89 52 34 196 0 142 137 27 54 70 69 0  9
80 52 30 196 0 126 123 22 85 52 64 0  10
85 52 34 196 0 110 111 26 85 48 72 15000  11
Chip#2
264 320 261 286 114 156 148 181 258 187 187 223  0
265 320 261 287 114 162 148 182 259 189 190 223  1
261 319 261 286 114 159 148 176 256 186 185 223  2
266 323 261 288 114 236 148 186 282 207 191 207  3
270 326 261 291 114 215 148 189 279 206 197 232  4
267 330 261 293 114 170 148 190 262 194 197 223  5
272 331 444 384 114 187 148 195 288 213 195 223  6
259 323 396 340 114 171 148 182 272 198 188 223  7
262 321 261 290 114 160 148 182 262 189 190 223  8
267 328 508 442 114 441 363 184 422 388 195 223  9
268 330 460 388 114 338 299 183 375 356 192 223  10
274 325 261 292 114 166 148 188 266 192 192 15000  11

Chip#1
89 52 28 196 0 110 104 21 85 45 75 0  0
159 52 32 196 0 126 110 24 85 48 74 0  1
86 0 30 180 0 110 105 23 85 45 65 0  2
89 0 306 420 0 505 376 28 389 258 68 0  3
85 52 380 452 0 334 263 26 209 167 68 0  4
159 52 32 196 0 126 113 25 101 49 74 0  5
159 52 224 420 0 142 129 29 117 60 69 0  6
83 52 195 372 0 126 114 13 85 49 61 0  7
88 52 31 180 0 110 105 27 85 47 68 0  8
80 52 25 180 0 126 124 13 101 60 61 0  9
88 52 30 180 0 126 116 21 39 53 65 0  10
85 52 30 180 0 110 105 20 85 47 65 15000  11
Chip#2
261 313 261 286 114 157 148 176 257 184 188 223  0
261 320 261 289 114 160 148 182 256 187 190 223  1
258 319 261 286 114 159 148 177 257 185 188 223  2
262 322 261 289 114 239 148 184 284 206 188 207  3
261 319 261 288 114 210 148 182 274 197 191 223  4
264 316 261 288 114 161 148 181 252 184 184 223  5
265 323 428 383 114 185 148 182 282 206 190 207  6
256 319 380 346 114 172 148 178 268 197 185 207  7
260 318 261 291 114 165 148 182 258 188 189 223  8
262 319 508 437 114 439 347 184 416 388 188 223  9
264 320 460 390 114 334 202 182 370 356 188 223  10
270 316 261 286 114 165 148 184 260 192 192 15000  11
