
Chip#1
89 180 152 5 36 108 54 101 100 127 176 219  0
41 157 379 355 36 284 614 101 154 576 189 170  1
25 171 2725 3488 188 3676 3932 468 2285 3903 1019 170  2
25 163 731 1001 36 1105 2662 210 979 3392 429 169  3
25 161 154 15 36 108 54 101 111 187 174 166  4
25 163 219 102 36 196 150 101 1570 3915 449 168  5
25 159 188 36 36 124 86 85 1070 3007 338 158  6
9 160 150 5 36 92 38 85 101 124 161 156  7
25 165 219 100 36 196 118 101 102 121 164 163  8
25 163 216 54 36 196 102 85 93 118 161 160  9
41 173 160 9 36 108 54 85 96 124 168 167  10
25 163 154 2 20 92 38 85 87 117 164 15000  11
Chip#2
239 191 204 79 39 259 128 135 167 156 148 103  0
239 102 197 79 36 259 125 131 167 155 145 95  1
239 91 192 76 29 259 119 128 160 155 146 90  2
239 94 255 584 244 259 491 438 169 383 434 102  3
239 99 306 904 449 259 603 470 174 408 433 108  4
239 95 200 197 58 259 147 143 168 157 151 94  5
239 94 209 289 130 259 133 138 168 160 156 94  6
239 96 267 678 399 259 144 149 168 165 165 98  7
239 100 205 198 87 259 132 141 170 161 151 98  8
239 99 201 140 42 259 132 142 169 161 158 103  9
239 94 200 81 35 259 139 146 167 167 167 99  10
239 96 205 88 42 259 132 141 172 159 152 15000  11
