
Chip#1
117 118 115 129 114 121 110 110 109 117 119 120  0
116 121 113 129 114 117 108 110 116 112 114 114  1
117 122 117 129 118 122 113 114 117 118 118 118  2
120 128 297 270 119 312 249 117 278 223 122 122  3
120 125 310 298 119 256 201 121 235 182 127 124  4
117 118 118 129 115 124 115 113 118 117 118 121  5
113 118 260 270 110 129 117 109 120 119 109 112  6
111 118 249 259 107 129 120 112 118 117 114 113  7
116 122 120 145 114 121 113 114 117 118 116 124  8
120 122 118 129 119 150 138 112 133 132 120 121  9
109 117 110 129 110 139 122 108 118 119 110 114  10
120 125 124 145 120 124 117 117 120 119 119 15000  11
Chip#2
109 99 100 102 110 105 112 95 98 105 103 105  0
112 113 100 104 114 111 116 101 101 109 111 109  1
115 110 102 109 114 111 113 106 105 110 112 111  2
114 110 100 102 115 117 117 104 103 110 112 108  3
112 109 106 101 115 115 117 105 105 110 108 111  4
118 113 105 108 117 112 120 104 108 110 112 111  5
117 110 136 129 114 117 120 105 110 116 113 113  6
109 107 123 117 113 115 117 97 104 107 108 106  7
112 111 106 106 115 111 116 105 103 113 113 113  8
119 115 147 136 121 152 147 109 136 137 116 118  9
112 106 129 119 115 128 129 98 119 124 107 113  10
119 109 103 105 120 115 120 102 105 109 110 15000  11
