
Chip#1
117 125 115 129 109 117 108 113 109 110 120 117  0
120 114 109 129 106 111 102 106 108 109 111 116  1
120 118 119 129 110 121 111 112 116 119 119 118  2
117 120 539 441 111 616 495 114 577 431 118 109  3
117 120 553 481 114 442 325 110 396 294 115 114  4
112 114 110 129 105 111 104 101 108 110 112 109  5
108 114 414 415 107 130 121 105 125 118 109 108  6
113 116 386 385 110 130 122 112 117 122 114 112  7
111 112 113 129 107 113 105 108 106 108 114 113  8
108 113 103 129 107 131 121 104 126 125 111 108  9
112 110 105 129 107 124 113 109 113 117 110 109  10
108 112 110 107 104 113 99 102 106 102 110 15000  11
Chip#2
112 110 100 104 113 111 120 102 103 102 108 110  0
114 105 102 105 113 108 116 98 102 107 107 110  1
109 103 99 104 113 110 119 99 101 101 107 108  2
115 107 105 109 115 140 136 105 114 117 110 111  3
111 105 102 102 111 127 127 104 110 112 107 108  4
105 102 97 102 105 103 108 95 94 102 100 102  5
109 105 186 155 110 117 123 97 110 110 107 106  6
108 105 167 140 117 117 121 99 110 110 106 109  7
112 106 105 108 115 112 117 101 105 109 110 110  8
112 109 231 205 115 257 215 102 206 196 108 110  9
111 106 202 161 113 208 181 99 171 163 106 106  10
107 103 99 98 108 105 109 98 101 101 107 15000  11
