
Chip#1
120 124 114 110 107 115 102 110 106 113 118 124  0
120 116 113 129 110 115 105 106 107 105 112 118  1
103 102 109 103 98 106 99 101 105 105 105 107  2
112 116 618 505 113 720 581 114 662 502 115 117  3
107 110 651 561 111 515 386 109 451 332 109 109  4
113 113 120 129 111 118 115 110 110 108 111 112  5
113 116 510 507 118 150 139 112 141 133 114 114  6
108 113 484 456 113 140 131 108 124 123 112 112  7
108 111 116 129 111 115 104 105 112 110 112 117  8
109 110 115 129 115 150 138 112 141 139 114 114  9
105 111 111 129 110 136 125 110 126 125 112 113  10
107 107 106 106 104 108 97 101 102 100 109 15000  11
Chip#2
118 110 117 115 123 121 125 112 112 120 121 118  0
111 107 106 114 117 119 121 108 106 110 116 117  1
112 113 106 109 114 117 121 106 106 112 113 117  2
102 102 103 102 111 193 165 99 125 121 107 113  3
112 106 111 110 115 167 148 109 125 122 114 114  4
109 106 112 109 115 119 121 104 105 110 114 111  5
112 109 280 212 121 140 131 104 129 129 108 113  6
104 110 233 172 110 127 125 102 117 118 108 110  7
115 107 109 109 113 118 123 106 113 110 112 115  8
119 119 353 281 121 380 310 113 305 266 120 118  9
112 110 302 227 117 304 248 106 248 234 114 121  10
114 107 114 106 117 119 124 105 110 112 114 15000  11
