
Chip#1
121 120 111 124 126 113 128 132 108 112 105 105  0
174 176 128 202 213 139 417 431 133 126 131 105  1
158 163 121 185 210 137 410 415 129 126 131 98  2
138 130 115 122 122 114 161 175 112 110 114 108  3
226 218 136 144 145 137 460 466 164 126 131 109  4
205 200 128 134 139 138 465 472 164 131 131 109  5
123 129 115 118 115 114 163 159 109 114 107 105  6
218 212 134 138 140 168 487 443 141 140 147 112  7
192 179 121 133 131 139 459 435 127 136 131 103  8
141 130 108 112 109 111 175 187 101 109 104 101  9
224 219 139 133 131 184 518 432 126 158 163 112  10
192 185 123 124 122 168 489 433 119 150 163 15000  11
Chip#2
128 109 106 104 105 103 106 101 94 107 102 112  0
112 111 106 100 120 104 269 282 94 106 103 104  1
128 132 113 116 137 115 516 495 94 118 112 109  2
112 107 106 97 109 110 128 127 94 108 104 107  3
128 129 115 105 120 116 330 370 94 115 111 108  4
112 136 112 105 120 115 359 395 94 112 109 107  5
128 111 108 98 113 115 111 108 94 106 103 107  6
128 133 112 109 119 115 320 340 94 115 116 112  7
112 126 107 99 114 111 238 248 94 107 105 110  8
128 115 106 104 105 111 142 162 94 107 104 110  9
128 137 115 100 111 106 563 645 94 113 110 108  10
128 121 113 103 113 108 258 310 94 107 108 15000  11
