
Chip#1
165 147 130 119 115 119 120 118 122 116 136 155  0
144 108 117 113 108 113 112 115 116 111 114 121  1
106 108 119 134 118 109 114 121 129 110 110 103  2
118 109 311 134 1415 123 127 2873 3205 122 118 108  3
113 108 166 3833 173 123 121 1917 2358 119 114 100  4
114 109 123 127 127 124 125 123 131 118 116 104  5
109 109 118 120 119 122 120 120 121 111 112 103  6
110 109 123 2159 719 112 121 1436 2358 115 109 98  7
114 108 246 2159 2292 123 127 1436 3942 126 112 102  8
113 108 122 212 122 115 118 286 254 111 109 99  9
134 108 118 113 110 119 113 123 121 111 112 120  10
200 110 112 106 105 108 110 112 107 110 127 15000  11
Chip#2
112 108 113 104 89 112 114 100 106 108 112 110  0
110 105 111 98 105 105 109 100 111 103 107 104  1
108 99 106 97 89 107 108 100 106 107 104 105  2
105 106 112 121 784 181 111 100 311 343 107 106  3
108 106 115 154 725 174 110 100 398 520 107 105  4
111 105 112 105 89 110 113 102 112 110 111 111  5
115 112 117 113 114 116 121 105 122 118 112 116  6
112 108 113 109 256 118 120 100 255 164 113 108  7
106 107 111 121 529 238 113 100 771 595 106 105  8
117 112 121 113 223 114 116 102 187 186 114 111  9
124 116 120 108 105 120 126 103 117 115 114 119  10
130 121 122 113 105 115 123 105 121 119 116 15000  11
