
Chip#1
117 118 109 129 109 110 102 102 104 114 119 122  0
121 114 105 113 107 110 107 101 104 108 111 116  1
113 114 111 129 111 115 109 110 112 117 110 111  2
113 116 619 512 111 736 582 108 651 486 111 112  3
117 117 658 566 119 526 390 114 446 331 118 121  4
108 113 103 111 106 110 104 104 102 108 105 109  5
109 113 503 495 110 144 130 105 130 129 108 111  6
113 117 448 455 110 140 128 113 126 125 109 116  7
111 107 111 129 110 116 107 109 107 110 111 111  8
117 118 115 145 119 153 143 114 146 144 118 118  9
113 117 113 129 104 138 124 108 121 128 110 116  10
116 118 114 129 114 115 107 106 106 115 114 15000  11
Chip#2
115 114 112 112 118 120 125 111 110 112 114 119  0
115 109 108 113 114 117 121 106 103 113 114 115  1
105 105 106 105 108 114 119 106 105 109 108 114  2
109 105 100 101 110 183 160 101 119 122 104 105  3
108 107 109 110 117 159 147 108 121 124 113 113  4
115 115 117 117 124 126 127 109 114 118 113 119  5
115 114 271 212 117 138 140 111 132 135 112 118  6
109 115 224 174 114 127 128 109 118 121 110 110  7
117 113 114 117 115 123 133 113 113 120 117 121  8
107 111 335 268 117 363 296 108 284 255 108 110  9
111 115 287 220 117 296 233 106 222 226 113 117  10
119 110 106 104 113 118 119 111 106 112 117 15000  11
