
Chip#1
103 104 100 103 106 106 111 107 105 107 103 107  0
103 113 114 101 119 112 105 114 106 100 114 108  1
100 149 141 108 150 137 106 143 125 103 151 126  2
109 106 105 104 113 111 110 109 106 109 105 109  3
98 117 120 102 119 113 104 113 114 99 117 112  4
101 140 149 102 150 134 106 137 142 97 144 114  5
100 102 99 97 109 106 104 105 101 95 97 103  6
105 125 119 106 131 125 106 125 117 97 128 112  7
105 134 134 107 146 131 110 144 124 103 138 121  8
95 100 94 102 102 97 98 99 94 95 92 96  9
98 127 122 107 132 119 103 126 120 101 130 112  10
111 138 149 116 146 137 115 140 142 105 141 126  11
Chip#2
98 114 105 110 102 106 109 101 105 107 96 103  0
108 125 98 118 128 101 115 114 104 107 99 103  1
110 131 102 136 147 107 138 144 106 147 146 102  2
95 100 107 108 102 106 104 102 107 102 104 106  3
119 122 102 125 122 109 123 122 103 121 105 101  4
118 122 92 122 122 98 137 139 98 144 122 95  5
92 122 99 102 99 102 105 99 102 102 98 103  6
126 122 101 137 121 105 127 117 104 120 105 102  7
126 121 99 145 121 101 147 126 99 159 127 98  8
98 121 99 99 96 105 105 102 102 102 94 97  9
142 121 102 145 111 106 133 104 98 142 101 101  10
126 121 102 164 118 105 151 124 105 163 107 100  11
Chip#3
116 117 104 101 101 97 101 110 98 109 100 105  0
102 149 168 104 150 150 100 153 165 101 150 156  1
97 165 175 104 164 158 104 158 165 105 152 174  2
116 117 121 108 108 103 110 111 104 109 106 108  3
98 149 151 99 147 155 102 147 146 98 145 161  4
116 165 162 100 148 160 100 147 165 99 140 173  5
116 117 105 99 101 101 105 105 96 103 102 97  6
116 165 155 104 150 151 105 152 181 101 144 168  7
116 165 172 103 148 159 110 150 165 107 156 176  8
102 96 108 104 103 100 105 105 101 103 104 103  9
104 165 165 101 149 163 103 151 165 106 146 167  10
107 165 179 105 154 157 103 163 165 100 144 161  11
Chip#4
97 112 111 108 110 111 103 108 109 103 107 105  0
97 175 157 98 168 166 102 171 181 100 193 175  1
99 176 153 97 168 148 100 135 148 99 159 150  2
99 112 112 103 107 106 103 99 107 103 100 105  3
93 179 176 99 152 140 100 180 183 99 175 189  4
100 187 168 100 152 135 100 144 153 95 133 149  5
100 109 110 105 109 106 107 103 101 100 100 107  6
99 169 173 103 184 167 106 148 187 100 168 196  7
99 161 163 100 168 169 99 142 172 99 132 155  8
99 109 109 104 105 106 103 99 101 101 104 108  9
104 168 109 109 168 162 109 159 201 105 201 211  10
98 149 174 99 136 151 100 139 169 100 136 142  11
