Chip#4
114 114 115 113 136 126 108 111 113 112 106 112  0
107 444 333 112 456 456 110 451 468 110 539 466  1
110 465 338 110 392 354 107 296 341 112 379 369  2
107 116 114 112 116 111 111 110 115 108 114 106  3
110 510 486 121 408 334 114 496 491 120 480 555  4
111 520 413 117 320 284 114 355 368 113 277 364  5
111 117 119 115 120 133 111 112 115 111 111 113  6
109 410 419 114 450 460 111 357 527 110 413 591  7
115 401 382 122 471 467 120 320 455 117 277 404  8
109 117 113 116 121 133 111 111 118 111 107 112  9
109 394 445 115 424 403 114 356 588 113 568 651  10
109 354 472 113 327 376 111 295 448 110 287 324  11
