
Chip#1
104 106 110 144 164 106 103 97 97 102 100 96  0
104 106 126 506 577 168 107 106 102 108 106 101  1
111 113 130 468 574 168 116 116 108 109 114 105  2
99 99 105 176 200 108 99 101 99 99 101 96  3
105 100 129 526 539 145 105 104 101 104 104 100  4
115 109 128 426 460 139 111 115 108 110 109 105  5
195 197 115 119 118 112 104 107 108 107 104 102  6
619 650 194 116 119 115 111 111 107 115 110 103  7
472 489 144 107 108 104 104 99 102 102 102 98  8
205 228 121 112 113 113 105 108 104 108 131 105  9
524 563 188 112 117 114 114 111 103 110 115 106  10
404 403 135 107 102 103 106 101 96 110 111 15000  11
Chip#2
82 100 101 98 99 99 96 98 99 100 97 100  0
112 100 102 283 417 110 100 100 99 105 99 104  1
88 105 104 504 753 130 105 103 99 106 102 97  2
87 110 106 126 155 106 102 103 99 105 99 107  3
82 106 100 341 527 111 101 98 99 101 97 98  4
89 112 107 418 645 123 107 106 99 109 105 103  5
112 120 110 109 116 105 103 104 99 102 103 112  6
298 780 198 102 104 104 103 101 99 106 100 100  7
263 683 163 95 99 94 100 96 99 95 95 98  8
112 151 107 99 100 103 100 93 99 96 98 103  9
273 770 231 100 101 102 98 102 99 107 102 103  10
193 429 147 102 108 102 103 102 99 100 104 15000  11
