
Chip#1
355 373 408 463 427 363 363 393 459 315 352 355  0
355 373 414 480 2331 2475 379 403 469 363 501 424  1
355 379 426 491 2331 2475 395 423 477 363 907 558  2
390 379 413 475 603 555 379 399 460 363 407 355  3
355 379 416 482 2571 2027 379 396 462 324 755 517  4
355 389 431 492 2571 3835 379 405 476 363 1195 635  5
363 396 441 476 528 395 379 400 465 363 363 355  6
422 3427 441 489 502 379 363 664 662 363 391 355  7
422 3427 441 487 502 430 363 811 795 363 363 355  8
363 432 468 478 427 363 363 396 468 317 355 355  9
410 4059 468 488 504 430 363 674 580 363 363 355  10
421 3451 468 488 427 363 363 735 660 363 363 15000  11
Chip#2
376 645 525 649 648 619 619 646 646 619 581 682  0
376 645 590 649 648 781 619 646 678 619 581 691  1
376 645 611 649 648 815 619 646 748 619 581 727  2
493 737 611 766 738 699 706 679 699 1163 946 680  3
493 737 691 766 738 830 706 679 743 1163 946 707  4
493 737 704 766 738 840 706 679 817 1163 946 735  5
683 837 619 749 720 784 765 732 735 918 792 685  6
683 837 718 749 720 813 765 732 744 918 792 672  7
683 837 705 749 720 832 765 732 771 918 792 671  8
726 891 606 668 713 699 828 754 685 648 619 669  9
726 891 635 668 713 844 828 754 727 648 3963 697  10
726 891 611 668 713 857 828 754 754 648 3963 15000  11
