
Chip#1
57 176 148 3 36 92 38 101 98 124 178 185  0
25 168 271 176 36 252 486 101 149 459 183 175  1
25 162 1574 1960 68 2940 3942 325 1871 3952 823 172  2
25 169 475 550 52 988 2086 193 818 2763 370 171  3
25 167 156 12 36 108 54 101 105 178 175 169  4
25 173 219 95 36 196 118 101 1255 3195 384 176  5
9 171 180 36 20 108 70 85 859 2267 292 165  6
25 160 150 9 36 92 38 150 96 128 164 161  7
25 161 219 83 36 196 86 149 88 115 151 161  8
25 168 209 50 36 196 86 85 94 124 165 163  9
25 169 150 5 20 92 38 85 91 118 160 161  10
25 169 155 8 20 92 22 85 91 121 160 15000  11
Chip#2
239 191 196 82 33 259 128 142 166 153 146 100  0
239 191 200 86 36 259 132 139 169 157 150 100  1
239 191 200 140 39 259 127 135 168 216 148 102  2
239 92 229 481 170 259 451 302 168 307 336 101  3
239 191 277 696 353 259 475 430 164 321 267 99  4
239 191 196 188 50 259 138 142 163 155 147 97  5
239 191 203 242 106 259 132 143 166 159 157 98  6
239 191 250 542 315 259 144 150 168 168 166 100  7
239 191 199 188 65 259 128 139 167 153 151 97  8
239 191 197 84 37 259 129 144 169 160 157 94  9
239 191 196 86 36 259 140 151 167 166 167 104  10
239 191 199 140 34 259 127 139 164 156 150 15000  11
