
Chip#1
109 109 106 110 103 104 111 105 106 104 109 110  0
115 110 111 121 112 116 125 111 116 118 116 112  1
106 106 142 163 102 144 182 105 138 187 119 104  2
112 112 120 132 110 127 142 111 128 153 114 113  3
110 112 110 118 109 112 116 107 114 109 111 111  4
105 109 176 194 103 148 188 110 132 159 108 105  5
105 104 127 141 103 128 151 108 122 145 102 104  6
108 106 105 115 101 110 114 104 111 99 103 101  7
108 105 160 166 104 144 159 105 108 105 103 104  8
106 101 139 138 104 144 153 103 108 101 103 106  9
112 110 105 118 105 111 112 109 116 103 108 112  10
116 112 108 113 107 110 114 108 109 105 112 15000  11
Chip#2
107 108 107 108 110 108 106 106 106 105 106 109  0
106 105 107 103 108 107 106 103 106 102 104 104  1
110 108 112 112 110 113 112 109 108 108 109 108  2
104 106 107 110 108 106 110 110 102 105 113 104  3
106 104 105 119 112 108 117 113 106 111 115 106  4
103 100 101 103 102 106 104 98 101 99 100 103  5
105 104 103 104 107 106 107 106 102 104 114 106  6
117 115 115 125 119 114 125 119 112 120 126 116  7
106 106 104 108 106 106 107 105 99 103 106 103  8
105 104 105 104 105 104 106 107 106 102 111 105  9
110 109 109 110 108 108 117 120 108 108 121 112  10
105 106 106 104 105 106 108 102 104 98 106 15000  11
