
Chip#1
117 114 111 109 109 111 102 102 105 108 118 117  0
124 116 111 113 109 111 102 110 108 108 112 116  1
112 110 111 129 107 118 106 106 109 114 118 113  2
109 111 612 497 109 720 561 112 651 493 116 109  3
112 118 650 552 116 512 375 117 449 336 122 116  4
112 116 119 129 113 115 108 110 113 113 119 109  5
112 118 511 506 111 145 131 112 132 130 118 118  6
116 120 463 457 113 140 126 116 129 125 123 117  7
112 114 113 129 111 118 104 106 109 109 112 113  8
113 113 115 129 120 148 132 112 137 135 115 116  9
113 116 113 129 110 130 117 108 117 127 119 112  10
119 118 124 129 113 118 110 114 116 117 125 15000  11
Chip#2
104 101 102 102 114 108 116 99 100 105 107 108  0
112 106 99 102 108 110 115 98 100 103 107 106  1
114 111 105 106 115 118 121 101 105 103 112 113  2
106 102 96 100 108 151 142 95 112 110 104 109  3
107 102 98 102 113 131 133 98 108 112 104 105  4
117 114 111 113 120 119 128 108 108 114 116 113  5
111 117 224 180 118 127 132 104 118 120 113 110  6
108 107 186 149 115 118 123 102 112 113 110 113  7
109 106 102 104 114 111 117 99 104 108 108 111  8
112 111 273 224 120 294 249 104 241 221 111 110  9
108 107 234 185 108 236 197 102 186 181 108 111  10
115 111 106 109 118 115 120 104 106 112 113 15000  11
