
Chip#1
106 109 110 111 113 103 117 125 101 107 101 99  0
150 144 121 162 166 128 313 324 125 115 131 101  1
147 146 125 158 170 132 307 314 132 126 147 108  2
118 121 112 117 119 112 137 138 107 104 105 101  3
177 161 119 118 118 113 308 325 121 104 104 94  4
159 153 119 123 125 117 304 322 126 113 131 102  5
121 114 112 109 114 111 132 132 107 109 102 98  6
166 161 124 123 120 125 335 324 125 115 116 102  7
151 144 112 118 114 122 302 295 116 121 117 100  8
112 115 112 110 109 108 143 131 103 109 104 100  9
162 157 119 118 112 128 316 284 112 121 131 96  10
146 140 116 110 115 125 298 273 108 123 131 15000  11
Chip#2
112 106 103 98 100 105 100 98 99 105 100 110  0
80 101 100 92 103 94 200 206 99 100 96 99  1
88 113 103 105 118 100 358 343 99 108 103 103  2
112 111 109 98 108 109 120 115 99 107 105 114  3
88 114 106 94 106 99 228 257 99 104 96 104  4
112 119 100 99 108 102 244 269 99 104 102 109  5
112 102 108 98 104 102 106 104 99 104 103 110  6
112 112 107 97 106 103 216 235 99 107 99 109  7
112 111 103 97 103 102 173 194 99 100 102 107  8
112 104 103 98 100 102 118 119 99 106 105 107  9
112 117 108 92 101 104 322 377 99 105 99 104  10
112 111 101 92 98 96 175 210 99 100 99 15000  11
