
Chip#1
121 124 118 164 116 116 115 110 116 118 126 130  0
113 111 110 129 105 111 103 105 108 112 112 116  1
111 109 107 107 104 112 109 113 112 113 111 111  2
111 110 565 464 105 659 529 110 604 464 112 112  3
107 112 603 517 111 480 360 112 421 314 111 116  4
115 110 119 129 110 115 111 110 113 113 111 116  5
109 106 448 461 104 135 128 106 129 128 105 109  6
107 110 420 426 109 136 125 106 121 117 108 109  7
111 113 119 129 110 113 109 110 107 110 115 116  8
111 113 113 129 110 145 138 112 137 138 111 113  9
113 112 107 129 104 126 126 106 118 124 110 113  10
111 109 114 129 111 111 108 108 108 109 110 15000  11
Chip#2
107 103 103 105 111 112 123 99 103 112 111 109  0
99 99 96 97 105 104 111 97 93 102 107 105  1
111 109 108 108 115 117 123 106 108 110 111 115  2
104 101 96 96 108 149 141 97 113 113 104 104  3
104 99 99 101 110 135 135 101 108 113 108 104  4
104 105 105 101 107 108 116 97 100 103 106 102  5
101 103 205 159 111 121 124 99 116 114 107 109  6
105 105 177 146 111 119 124 104 110 113 110 108  7
101 99 102 102 105 107 120 99 98 105 107 108  8
102 102 246 203 111 267 220 98 222 204 107 109  9
108 113 223 174 114 226 192 109 184 196 112 114  10
109 102 108 104 111 111 121 105 106 110 113 15000  11
