
Chip#1
101 109 97 98 106 100 108 108 101 100 112 101  0
130 192 117 151 192 104 174 200 103 161 183 105  1
152 216 147 174 220 120 201 230 120 194 195 112  2
113 128 103 106 129 97 122 126 98 115 118 97  3
156 226 125 174 212 118 213 232 115 188 209 108  4
152 217 127 174 220 116 221 243 115 200 220 101  5
113 128 107 110 126 107 127 133 112 123 132 100  6
149 210 132 180 222 125 218 240 117 214 220 105  7
149 203 128 179 221 118 212 241 118 203 217 109  8
106 128 99 103 121 93 116 120 92 116 114 96  9
156 222 133 179 217 122 206 212 118 208 205 107  10
134 186 116 160 192 112 186 188 104 184 200 112  11
Chip#2
133 114 103 139 133 124 152 132 125 174 140 138  0
341 459 182 448 444 182 596 464 237 556 356 133  1
433 581 236 518 510 214 669 500 251 560 331 125  2
184 245 120 195 203 132 254 212 134 262 158 121  3
522 614 212 628 574 209 804 620 277 753 465 121  4
498 622 197 583 542 180 727 543 246 698 408 121  5
184 240 121 218 243 138 234 224 139 279 187 124  6
498 700 254 694 722 226 849 713 257 806 562 130  7
402 602 189 483 531 162 716 592 185 683 469 122  8
186 271 129 206 255 129 211 225 135 285 209 116  9
507 763 298 671 740 213 672 641 266 780 555 143  10
392 594 201 475 555 156 544 523 191 570 432 158  11
