
Chip#1
111 105 100 106 104 110 102 105 101 107 111 113  0
108 109 109 129 104 107 100 106 102 107 110 112  1
113 109 113 119 113 117 113 113 113 114 114 116  2
107 105 373 325 106 445 353 104 413 322 108 105  3
108 106 393 357 110 334 262 109 292 223 114 111  4
103 109 105 129 107 111 99 101 105 103 105 107  5
107 106 305 317 106 127 117 104 117 119 106 111  6
109 105 293 283 105 122 114 106 114 113 110 109  7
111 106 109 110 106 115 104 105 105 109 108 116  8
111 110 110 129 109 129 119 108 122 127 110 114  9
105 102 106 107 104 117 110 101 107 117 104 107  10
104 103 105 129 106 107 100 97 100 105 104 15000  11
Chip#2
109 105 103 105 111 111 113 102 103 107 111 111  0
101 99 102 102 107 110 113 98 92 105 110 108  1
108 105 102 106 108 111 112 102 100 109 112 110  2
101 101 100 100 105 128 123 101 106 107 106 108  3
107 103 102 101 108 124 121 102 101 106 108 109  4
106 106 105 104 108 111 116 104 101 106 114 109  5
104 99 142 130 105 118 115 98 105 107 106 110  6
99 99 126 115 103 107 112 97 98 103 102 105  7
99 101 96 97 100 104 105 97 96 99 102 104  8
108 109 161 142 111 173 159 105 140 139 112 113  9
104 99 141 125 103 147 137 97 129 126 104 109  10
105 102 105 101 105 110 111 102 102 108 107 15000  11
