
Chip#1
108 118 114 129 113 116 109 109 106 113 118 120  0
112 117 111 129 111 113 108 112 108 110 111 116  1
111 114 113 129 114 112 108 113 107 109 114 116  2
104 109 105 129 107 111 103 108 101 104 108 107  3
113 116 114 129 111 112 106 113 108 113 116 117  4
107 120 116 129 114 116 103 110 109 115 112 116  5
112 117 114 129 111 116 110 114 109 113 114 114  6
109 114 118 129 113 117 109 109 108 113 112 117  7
111 111 111 129 109 112 109 110 109 113 112 120  8
103 110 107 129 107 108 103 104 106 105 111 108  9
108 116 113 129 106 117 104 110 106 109 115 114  10
113 120 111 129 113 121 110 106 108 112 116 15000  11
Chip#2
112 109 106 104 114 117 117 108 108 112 111 114  0
107 106 99 98 110 111 111 99 101 103 103 110  1
114 102 103 100 111 110 117 101 102 109 108 108  2
111 107 105 104 114 111 113 105 105 109 114 109  3
112 106 108 105 115 114 116 106 108 110 114 110  4
108 105 109 109 113 117 115 101 101 107 111 109  5
105 101 105 101 111 107 113 101 101 106 108 108  6
102 99 99 96 111 104 109 99 94 103 104 100  7
111 110 106 108 114 117 117 106 106 112 111 113  8
111 110 109 104 117 115 120 111 106 109 111 110  9
102 102 102 102 104 110 112 101 101 105 110 111  10
111 109 106 106 115 114 119 109 109 112 114 15000  11
