
Chip#1
373 373 289 413 389 372 395 333 319 298 312 372  0
372 372 291 414 389 372 363 334 319 294 304 347  1
372 372 289 408 387 372 394 331 318 293 301 347  2
372 372 677 680 388 719 723 338 729 569 302 347  3
372 373 693 707 385 619 558 334 556 466 302 347  4
372 372 286 406 385 347 389 327 312 287 296 284  5
372 372 541 664 388 379 409 330 327 306 301 347  6
347 372 516 661 381 363 402 324 315 292 294 280  7
363 372 292 411 387 363 363 333 316 291 301 347  8
363 372 287 411 385 363 412 328 327 303 297 287  9
363 372 284 408 382 363 400 327 320 296 296 347  10
363 372 288 408 386 347 363 329 311 283 296 15000  11
Chip#2
464 455 309 399 400 302 347 457 363 414 363 302  0
461 451 309 393 394 298 347 456 363 411 334 298  1
467 455 310 400 398 305 296 462 363 415 363 305  2
462 455 309 396 401 442 405 462 395 432 363 298  3
461 451 309 396 398 415 386 460 379 421 363 299  4
411 457 313 401 399 303 297 460 363 415 338 301  5
460 455 543 494 399 363 363 457 395 434 333 296  6
459 455 501 462 396 386 300 457 379 423 333 296  7
465 452 314 400 399 305 347 455 363 414 334 298  8
468 461 635 619 406 703 550 463 611 559 363 299  9
472 463 571 513 404 561 486 462 586 525 363 309  10
470 455 310 396 400 305 296 456 363 415 363 15000  11
