
Chip#1
108 109 114 143 109 113 109 105 110 110 110 116  0
104 109 106 143 102 107 100 100 104 104 110 109  1
104 116 113 143 109 113 103 108 107 112 108 116  2
112 118 137 143 113 139 128 112 137 129 116 118  3
107 114 131 143 110 125 116 105 125 120 110 117  4
111 120 111 143 107 113 102 105 113 113 114 116  5
108 117 124 143 107 116 105 104 109 109 109 116  6
107 112 120 143 106 108 104 100 107 110 111 109  7
102 110 105 143 104 106 100 100 104 105 105 111  8
105 112 110 143 104 110 100 98 106 104 108 111  9
111 113 111 143 106 111 107 104 110 115 111 113  10
112 118 114 143 107 115 106 108 112 112 114 15000  11
Chip#2
104 99 99 98 108 105 116 99 100 101 104 106  0
101 103 99 96 110 107 115 95 101 105 99 108  1
95 97 96 93 107 101 108 95 97 99 102 100  2
94 98 93 93 107 100 112 92 92 97 98 100  3
102 99 100 97 111 108 116 98 97 102 104 108  4
101 101 102 96 105 104 113 97 98 97 103 104  5
101 102 103 98 110 105 116 101 101 103 103 109  6
102 101 106 104 113 105 117 98 101 102 104 106  7
102 101 97 97 107 105 109 99 96 103 100 105  8
99 99 103 97 110 105 112 97 97 102 104 100  9
98 97 99 96 101 103 111 90 94 98 102 102  10
101 102 100 96 107 104 120 101 100 103 108 15000  11
