
Chip#1
73 188 154 4 36 92 54 85 104 130 182 185  0
25 168 383 358 36 284 614 101 165 577 197 178  1
25 168 2709 3456 180 3732 3940 468 2282 3904 1019 170  2
9 167 731 944 36 1220 2630 117 977 3393 431 171  3
25 164 159 11 36 108 54 101 110 186 176 167  4
25 167 219 102 36 140 150 101 1567 3899 449 170  5
25 163 185 41 36 124 102 101 1069 2991 342 168  6
25 164 156 13 36 108 54 153 99 128 166 165  7
25 164 219 95 36 196 102 101 95 123 165 161  8
25 154 207 43 20 196 102 85 86 114 156 156  9
25 161 153 1 20 92 38 85 89 117 159 156  10
41 159 153 0 36 108 38 148 82 118 160 15000  11
Chip#2
239 191 197 77 36 259 120 130 162 148 142 97  0
239 191 197 140 33 259 120 128 160 149 141 98  1
239 100 206 84 41 259 134 140 172 162 153 102  2
239 191 267 585 250 259 507 442 169 387 435 104  3
239 94 301 895 445 259 603 470 172 403 426 102  4
239 94 198 197 58 259 146 141 164 156 151 95  5
239 91 208 284 129 259 137 137 166 162 158 95  6
239 92 267 676 399 259 142 150 167 165 164 95  7
239 95 206 197 85 259 128 138 167 157 150 100  8
239 95 199 79 39 259 130 140 164 154 158 94  9
239 98 204 83 45 259 144 157 169 165 176 106  10
239 95 200 82 39 259 126 140 166 155 148 15000  11
