
Chip#1
57 177 147 10 36 108 38 101 96 130 173 185  0
41 168 270 206 36 252 470 117 146 459 183 176  1
25 165 1553 1959 68 2929 3926 309 1792 3956 814 176  2
25 160 462 541 36 964 2006 189 781 2679 356 160  3
91 162 152 10 36 108 54 101 101 178 166 163  4
25 169 219 93 36 196 118 101 1217 2977 371 169  5
25 166 178 33 36 124 86 101 837 2211 283 159  6
9 163 151 8 36 92 38 85 93 121 160 160  7
9 157 219 82 20 124 86 85 86 118 150 155  8
41 164 208 54 52 196 102 101 93 124 159 163  9
25 168 149 4 20 92 38 85 86 118 159 164  10
25 164 146 0 20 92 38 85 84 122 156 15000  11
Chip#2
239 191 195 140 34 259 126 130 160 148 143 92  0
239 101 202 81 35 259 130 135 167 152 148 98  1
239 98 199 86 41 259 137 138 166 159 155 102  2
239 191 233 478 171 259 451 302 167 312 343 104  3
239 98 281 687 342 259 459 426 166 316 267 100  4
239 191 194 188 50 259 143 139 172 160 150 98  5
239 98 205 242 107 259 137 138 163 163 158 98  6
239 191 259 535 306 259 147 151 168 166 165 103  7
239 191 206 197 75 259 137 148 175 216 157 105  8
239 94 198 82 30 259 130 142 166 155 155 93  9
239 99 199 89 39 259 145 156 173 169 176 105  10
239 191 203 140 40 259 139 143 173 160 158 15000  11
