
Chip#1
126 124 119 129 115 121 116 113 114 118 123 128  0
125 117 107 129 109 116 105 112 108 112 118 118  1
119 110 113 129 110 117 109 110 109 115 112 116  2
113 112 611 495 106 712 566 116 639 474 111 105  3
108 113 647 545 111 513 376 108 433 326 116 113  4
104 110 106 129 102 111 103 97 98 107 108 104  5
111 113 503 495 111 143 133 106 126 133 112 112  6
109 109 448 444 113 140 135 106 118 123 114 112  7
108 110 114 129 113 120 108 108 109 110 114 117  8
112 113 115 129 111 150 139 110 141 139 114 114  9
108 109 110 129 106 135 124 105 116 125 111 116  10
119 117 111 129 107 118 108 112 106 108 115 15000  11
Chip#2
102 99 103 101 108 112 117 101 100 105 108 105  0
111 110 105 112 115 117 124 106 104 110 112 111  1
112 107 114 112 121 119 124 108 106 112 114 115  2
117 113 112 113 117 181 165 111 127 129 113 115  3
112 109 112 112 114 158 148 109 121 120 114 115  4
108 105 111 106 110 114 121 104 102 106 106 111  5
114 113 258 205 120 134 135 109 127 131 111 117  6
107 105 207 164 115 123 127 101 118 114 108 110  7
112 106 106 109 114 115 119 105 108 109 112 111  8
104 109 307 250 114 331 280 105 262 236 111 110  9
112 110 272 211 117 278 228 111 222 213 113 114  10
119 111 112 109 117 121 128 111 108 112 120 15000  11
