
Chip#1
73 176 143 1 20 92 54 85 92 123 175 212  0
25 168 385 365 36 284 614 101 159 579 193 173  1
25 159 2729 3488 84 3660 3945 465 2279 3905 1019 164  2
9 157 731 994 20 1107 2766 117 966 3467 424 161  3
25 157 154 9 36 108 54 101 105 184 175 163  4
25 157 219 99 36 196 134 85 1571 3915 450 164  5
25 159 187 36 36 124 102 101 1076 3013 344 160  6
9 160 159 9 36 92 38 85 100 128 166 164  7
25 159 219 93 36 140 102 85 93 115 161 158  8
25 165 219 55 36 196 102 85 96 121 164 160  9
25 163 153 4 20 92 38 85 91 115 159 161  10
25 156 147 0 20 92 38 85 86 118 165 15000  11
Chip#2
239 191 210 140 44 259 133 138 169 160 155 108  0
239 191 197 79 36 259 125 129 164 153 146 98  1
239 92 195 81 36 259 126 133 161 156 151 97  2
239 191 268 594 255 259 523 445 174 394 435 114  3
239 191 309 904 450 259 707 470 172 407 431 106  4
239 92 201 197 60 259 145 141 166 157 150 94  5
239 96 209 286 135 259 137 144 166 165 158 102  6
239 95 270 679 398 259 141 148 164 166 166 95  7
239 89 197 197 78 259 123 131 163 154 145 92  8
239 191 200 140 39 259 132 141 166 160 155 99  9
239 96 202 83 40 259 140 156 170 165 172 105  10
239 191 203 140 46 259 133 138 169 157 152 15000  11
