
Chip#1
116 114 115 129 105 112 102 104 106 112 119 121  0
124 117 111 114 106 116 105 109 110 109 116 120  1
119 117 118 129 113 124 110 114 116 118 116 118  2
109 113 632 517 106 736 583 116 682 509 111 111  3
111 116 666 568 111 527 389 112 466 337 108 113  4
112 117 119 129 105 120 109 112 113 113 111 116  5
113 118 528 520 111 144 131 110 133 129 116 114  6
107 114 488 457 105 139 117 105 120 120 112 109  7
115 114 114 129 113 120 110 112 112 113 120 117  8
107 111 113 129 110 144 130 105 134 133 109 111  9
116 120 116 129 109 136 125 110 128 128 116 114  10
109 113 113 111 109 116 100 106 107 109 115 15000  11
Chip#2
115 111 105 110 120 117 121 109 106 112 113 113  0
112 109 106 108 120 115 119 104 105 112 112 111  1
122 115 108 114 123 118 129 106 113 116 114 119  2
115 109 105 113 128 198 172 106 132 128 112 111  3
117 109 106 106 118 163 148 104 122 118 111 106  4
119 115 111 112 123 117 123 105 110 112 116 114  5
121 119 317 236 123 141 140 108 138 132 117 115  6
114 114 255 190 121 126 129 102 121 121 111 109  7
115 106 105 109 117 119 123 105 109 110 106 111  8
114 114 387 308 118 421 336 108 332 290 112 108  9
119 117 335 246 123 342 279 111 274 259 116 121  10
119 106 105 106 118 114 120 104 103 109 114 15000  11
