
Chip#1
305 374 317 219 282 302 280 266 244 331 363 430  0
253 374 635 720 304 513 845 285 363 651 435 404  1
243 374 3803 720 363 3611 845 587 2147 651 1121 400  2
240 373 1123 1635 298 1379 2731 306 1019 3067 603 363  3
235 372 321 228 286 301 283 265 250 305 363 389  4
237 372 504 436 288 428 475 270 1483 3611 611 389  5
235 372 363 278 286 388 355 263 1064 2659 540 387  6
237 372 316 221 288 303 275 266 243 235 355 387  7
237 373 468 388 287 422 419 267 243 329 363 389  8
237 373 424 286 282 416 363 263 239 330 363 388  9
237 372 313 216 283 294 271 257 235 329 355 387  10
245 373 314 218 283 297 273 258 238 329 363 15000  11
Chip#2
430 372 412 363 264 419 335 307 395 355 427 304  0
426 372 406 389 259 417 328 303 395 355 363 299  1
430 372 413 400 270 427 334 312 395 363 430 304  2
363 372 433 731 444 434 817 619 395 619 699 308  3
363 372 466 1017 604 442 923 779 458 735 788 307  4
363 372 408 449 284 418 355 320 395 363 379 299  5
429 372 420 519 335 430 347 320 457 363 441 305  6
363 372 446 861 582 425 352 324 395 426 443 303  7
427 373 420 473 312 426 343 315 462 363 431 363  8
363 347 408 363 266 420 336 310 395 355 379 301  9
363 363 409 363 264 419 346 320 395 363 447 302  10
363 363 417 363 272 428 345 317 395 363 379 15000  11

Chip#1
314 374 313 219 286 297 273 268 244 338 363 431  0
248 372 619 706 288 500 830 278 347 635 423 363  1
235 373 3755 706 355 3547 830 576 2075 635 1103 363  2
240 372 1123 1635 296 1376 2699 308 1008 3051 596 391  3
238 372 318 228 289 298 282 268 255 273 363 386  4
236 372 494 431 285 421 470 267 1467 3579 611 344  5
241 372 363 280 290 387 355 270 1056 2659 540 389  6
239 373 313 224 291 302 279 270 249 337 363 388  7
240 372 467 390 292 422 363 271 246 331 363 391  8
238 372 420 284 285 413 347 264 239 331 355 387  9
237 372 308 216 280 290 270 260 236 328 355 339  10
243 372 308 215 280 293 267 258 236 328 355 15000  11
Chip#2
363 347 410 338 260 419 332 305 379 355 363 299  0
363 363 404 332 258 419 326 299 379 355 363 291  1
427 363 406 363 263 427 331 306 395 363 427 300  2
363 347 432 731 440 437 818 611 395 619 699 308  3
363 347 464 955 599 442 907 774 395 667 789 305  4
363 347 406 442 279 419 355 313 379 363 363 294  5
363 347 407 507 323 418 335 308 395 363 431 294  6
363 363 443 848 575 425 348 321 395 363 379 298  7
424 363 411 467 299 424 331 309 395 363 425 297  8
363 347 405 339 264 421 332 308 395 355 379 296  9
363 363 407 363 262 423 342 321 395 363 446 297  10
363 363 409 338 262 422 338 305 395 363 431 15000  11
