
Chip#1
132 127 119 125 130 115 135 159 115 117 131 109  0
166 179 130 184 192 140 399 415 164 123 131 105  1
156 161 122 175 198 138 387 393 139 124 131 107  2
135 130 116 121 126 113 149 175 110 107 111 102  3
209 200 131 139 137 128 418 438 164 121 131 105  4
181 179 119 130 128 124 411 432 136 115 131 103  5
132 124 107 108 114 109 148 183 106 103 104 99  6
194 185 122 129 125 133 459 434 129 129 131 99  7
174 185 111 123 124 123 428 435 125 126 131 99  8
134 128 111 111 113 108 164 187 103 110 101 95  9
205 201 136 133 131 168 476 435 132 145 147 111  10
186 201 123 123 127 168 449 435 129 145 163 15000  11
Chip#2
112 100 102 94 95 96 96 100 89 100 98 107  0
112 117 106 112 116 104 266 276 89 113 111 110  1
112 121 106 113 116 102 493 478 89 108 105 104  2
112 112 108 100 109 110 132 129 89 107 104 115  3
128 123 106 102 110 110 307 342 89 111 103 104  4
128 135 113 111 120 110 347 379 89 112 110 113  5
112 106 102 102 106 105 109 110 89 102 102 113  6
112 126 110 109 115 114 300 327 89 118 114 110  7
112 115 108 103 104 105 226 243 89 106 104 108  8
112 101 101 98 98 102 124 135 89 102 103 103  9
112 130 109 104 103 104 492 580 89 113 110 108  10
112 115 103 99 94 100 229 282 89 102 99 15000  11
