
Chip#1
296 344 288 331 373 287 248 311 347 311 285 363  0
304 348 292 331 373 291 254 316 347 320 284 363  1
294 337 386 379 372 316 298 305 379 415 276 341  2
295 349 1018 1015 373 907 1123 332 977 1123 303 345  3
299 348 733 749 373 716 796 326 748 867 294 348  4
295 343 363 363 373 298 261 310 363 327 278 345  5
298 352 867 952 373 301 264 313 298 328 283 363  6
298 347 798 819 374 294 259 311 347 322 281 363  7
294 338 299 347 372 283 248 305 282 312 277 343  8
302 342 291 331 372 297 260 313 347 322 276 345  9
292 336 286 331 373 291 254 308 347 319 280 363  10
292 342 287 331 373 288 250 309 347 319 283 363  11
Chip#2
375 363 355 347 411 363 286 351 355 338 355 385  0
375 363 355 347 405 355 282 342 353 333 355 384  1
375 363 355 363 413 355 281 351 355 338 355 385  2
375 363 355 363 415 363 282 349 355 335 355 385  3
375 363 355 347 419 363 283 353 355 336 355 384  4
375 379 355 363 417 363 291 355 355 335 355 385  5
376 1287 1387 414 412 363 286 355 355 337 355 384  6
376 1483 1591 428 431 404 288 355 355 343 355 385  7
375 427 347 363 433 415 288 355 355 344 355 385  8
376 1212 1300 423 1195 1230 300 1030 1071 348 355 379  9
377 1575 1631 430 1867 2045 315 1643 1806 355 355 378  10
376 511 347 409 517 502 290 480 501 344 355 379  11
Chip#3
309 372 399 372 373 282 395 408 291 307 394 439  0
311 373 472 418 382 401 448 408 385 420 396 442  1
310 401 990 960 421 948 982 438 795 955 441 442  2
312 381 814 755 390 740 779 416 678 753 409 435  3
314 380 403 379 377 287 401 410 324 384 394 438  4
308 379 397 363 377 286 393 413 824 970 431 438  5
317 380 407 395 378 347 400 416 774 891 419 439  6
314 380 406 379 383 291 401 412 308 321 397 439  7
301 379 398 363 382 282 388 363 287 301 389 432  8
309 379 398 379 382 281 393 403 289 304 390 432  9
306 379 398 379 382 331 390 402 292 303 387 432  10
325 380 410 395 383 293 402 415 302 319 400 444  11
Chip#4
453 410 455 363 363 390 407 400 305 400 283 433  0
451 363 454 330 363 337 398 398 300 400 275 430  1
457 411 458 431 444 390 435 435 305 424 309 430  2
447 363 468 1467 1379 403 1513 1451 317 1338 1358 454  3
446 405 460 1123 1122 393 1097 1102 311 1147 1092 441  4
447 408 453 417 425 392 406 403 304 405 283 431  5
447 407 478 1467 1179 389 399 396 301 398 278 426  6
452 410 479 1321 1096 363 405 399 306 402 280 433  7
447 405 454 401 417 391 401 399 300 403 276 430  8
445 363 451 363 363 389 401 402 301 399 274 430  9
454 408 455 363 363 388 403 401 303 402 281 435  10
451 363 450 330 349 389 398 397 301 398 275 428  11
