
Chip#1
106 106 92 94 108 95 101 113 94 102 113 105  0
155 224 135 172 220 121 201 243 118 187 216 120  1
154 243 152 188 242 129 223 243 124 209 218 105  2
109 146 108 111 134 102 125 134 102 123 128 97  3
173 259 132 190 229 122 234 254 113 211 226 109  4
173 250 136 193 248 130 251 277 117 226 241 113  5
105 128 98 107 126 99 123 129 101 122 124 96  6
173 245 141 199 258 132 248 270 124 240 235 109  7
161 240 139 199 258 130 255 270 125 231 235 113  8
118 148 101 114 136 104 127 134 101 128 124 102  9
173 256 152 194 242 129 232 239 123 230 223 103  10
151 212 130 181 219 122 208 220 118 209 221 117  11
Chip#2
140 119 103 140 135 123 156 141 122 186 152 135  0
409 549 202 509 497 206 710 532 271 663 420 142  1
498 668 268 613 599 245 807 603 287 658 383 126  2
168 309 132 228 233 142 302 232 148 285 173 127  3
625 743 234 716 671 238 956 738 314 876 528 124  4
599 754 217 696 640 206 899 660 279 805 473 121  5
197 269 120 236 259 139 256 226 138 285 191 112  6
591 835 287 785 824 265 1003 847 292 932 653 134  7
482 726 217 570 620 197 887 719 215 797 516 130  8
194 315 142 231 288 143 250 245 147 318 221 126  9
605 900 330 765 869 234 803 739 301 875 637 146  10
450 714 219 556 643 171 648 615 198 650 484 163  11
