
Chip#1
119 117 118 143 109 115 108 105 110 117 119 117  0
116 122 115 143 110 116 109 106 109 114 120 116  1
116 120 118 143 107 122 108 112 110 119 119 120  2
115 120 120 143 110 118 107 108 108 112 118 120  3
108 114 113 143 101 111 100 98 105 105 114 117  4
111 120 113 143 106 115 105 106 112 114 118 114  5
111 114 118 143 106 111 108 105 108 112 112 116  6
107 113 113 143 102 110 100 101 104 108 111 109  7
105 105 106 105 98 110 98 94 101 105 106 105  8
115 117 111 113 105 112 108 104 104 108 112 112  9
112 118 118 129 102 115 102 101 108 114 114 116  10
113 117 113 129 106 113 103 105 106 110 111 15000  11
Chip#2
114 114 111 102 121 118 124 108 106 110 118 115  0
121 119 112 110 124 119 129 111 110 117 116 117  1
119 119 106 110 127 119 128 113 106 117 118 113  2
121 118 111 110 124 118 127 112 110 118 116 114  3
124 115 112 110 127 124 129 113 112 117 118 118  4
114 115 111 108 120 114 121 105 108 112 112 110  5
119 117 109 108 121 118 123 112 112 113 114 118  6
112 111 105 106 117 115 123 105 102 108 108 110  7
124 118 109 113 125 121 127 115 113 118 117 121  8
121 118 112 113 127 124 132 111 110 118 117 119  9
119 114 108 109 123 117 123 106 104 116 114 110  10
131 122 115 110 128 120 132 116 117 123 120 15000  11
