
Chip#1
113 121 107 117 124 109 142 159 104 103 102 94  0
183 186 134 207 223 168 524 538 164 124 147 101  1
159 186 124 194 218 146 503 511 140 124 131 100  2
125 128 107 116 120 114 162 175 108 102 105 93  3
244 241 139 147 149 139 552 580 164 128 131 108  4
214 214 130 144 150 141 541 574 164 133 131 112  5
128 131 112 112 121 117 173 175 113 109 114 100  6
228 230 134 138 139 168 614 580 146 147 147 107  7
196 190 124 132 134 143 562 539 141 143 131 106  8
140 147 116 122 119 116 200 182 112 119 112 101  9
224 229 138 134 128 184 612 521 133 156 147 105  10
193 190 120 124 120 168 557 496 125 152 147 15000  11
Chip#2
80 100 100 94 101 97 97 96 98 100 97 100  0
87 117 104 104 123 103 349 374 98 109 105 107  1
112 131 107 116 142 106 693 690 98 113 104 102  2
112 113 106 105 113 106 148 143 98 105 103 112  3
90 131 113 104 119 110 417 487 98 117 104 110  4
128 142 113 108 125 117 463 529 98 112 110 108  5
112 108 109 104 115 111 115 109 98 108 104 110  6
112 131 109 105 120 108 387 434 98 111 109 105  7
112 123 104 98 110 105 284 308 98 105 99 104  8
86 107 108 98 105 109 144 154 98 106 106 104  9
128 144 116 104 114 104 678 824 98 117 111 107  10
112 119 101 94 108 100 296 378 98 105 97 15000  11
