
Chip#1
113 116 113 129 115 117 109 113 109 114 122 120  0
104 113 101 105 107 108 99 108 98 108 109 109  1
109 114 110 129 113 115 109 113 106 112 112 116  2
107 116 110 129 105 112 99 104 102 110 111 111  3
108 112 107 129 109 108 104 109 102 112 108 112  4
112 114 110 129 107 112 108 105 106 109 111 113  5
104 113 111 129 110 113 108 108 106 109 111 113  6
107 113 109 129 105 111 100 101 106 107 110 108  7
111 113 111 129 107 112 104 110 105 113 112 114  8
111 116 109 129 106 113 103 108 104 108 112 117  9
112 113 110 129 113 116 102 109 102 113 110 117  10
108 110 105 107 105 108 103 101 104 108 106 15000  11
Chip#2
105 102 99 100 104 107 113 99 100 103 104 102  0
108 103 100 100 108 108 115 98 98 105 103 105  1
105 105 99 101 107 107 112 102 104 102 104 106  2
107 103 102 98 108 108 113 104 98 105 107 104  3
102 98 100 98 105 105 108 95 94 102 102 102  4
104 106 103 101 107 107 115 95 98 107 104 104  5
107 102 102 104 110 108 116 99 102 103 108 109  6
109 102 106 104 111 110 113 102 103 107 108 109  7
105 106 99 100 108 108 111 104 98 102 107 104  8
101 101 108 97 107 104 112 97 94 105 106 109  9
107 105 105 108 113 112 116 101 101 110 106 113  10
102 98 105 97 103 105 111 99 102 106 104 15000  11
