
Chip#1
132 112 115 145 164 115 110 109 108 109 131 106  0
108 110 128 429 473 168 114 117 101 112 110 99  1
118 114 129 411 474 168 125 117 110 121 131 106  2
132 102 109 171 185 112 104 105 104 104 131 101  3
132 113 136 457 457 168 112 111 104 114 131 102  4
110 109 130 377 383 132 110 114 103 112 107 102  5
184 179 114 124 120 113 115 114 109 112 106 106  6
516 535 168 119 107 113 110 104 102 118 107 95  7
422 435 144 116 111 104 107 110 103 112 131 102  8
187 198 112 109 105 107 103 103 103 105 105 98  9
452 469 175 117 109 112 111 109 108 122 131 105  10
367 359 142 121 111 117 116 112 112 127 131 15000  11
Chip#2
112 104 102 98 104 102 106 101 95 102 102 104  0
112 106 107 311 445 111 106 107 95 108 104 109  1
128 114 109 537 791 158 110 107 96 107 106 109  2
112 105 98 125 159 105 103 97 95 100 97 100  3
112 106 107 370 545 122 109 102 95 104 103 107  4
112 107 103 434 660 122 102 103 95 106 102 99  5
112 119 106 108 119 109 106 102 95 105 104 109  6
313 789 200 103 106 108 109 107 95 108 105 102  7
285 697 200 100 109 108 109 108 95 108 102 104  8
112 161 118 103 109 109 103 106 95 106 103 109  9
279 781 233 97 105 98 102 101 95 109 105 104  10
198 461 163 97 105 106 101 101 95 100 106 15000  11

Chip#1
105 104 111 140 145 111 104 107 106 107 106 101  0
113 110 129 431 477 168 119 116 100 113 131 102  1
111 119 122 415 480 184 122 119 107 113 131 102  2
103 105 106 172 180 113 101 107 101 102 105 100  3
117 112 136 452 456 140 115 116 107 117 131 105  4
133 120 138 390 399 168 128 125 114 122 131 115  5
180 180 116 119 122 114 109 103 109 109 102 102  6
530 542 173 116 109 108 111 108 106 114 131 105  7
426 412 134 108 105 104 104 101 103 112 105 100  8
193 202 120 112 107 108 107 107 107 109 110 105  9
447 465 168 111 106 106 109 107 101 117 131 101  10
355 350 131 110 108 106 112 104 102 115 112 15000  11
Chip#2
112 110 104 102 110 106 102 103 95 111 105 105  0
112 105 104 311 454 119 103 98 95 107 103 109  1
112 104 101 528 784 129 97 96 95 100 97 97  2
112 109 107 124 159 108 101 96 96 102 100 107  3
112 104 102 362 544 116 105 98 95 107 103 104  4
112 108 107 435 654 123 109 106 95 106 104 99  5
112 121 110 107 116 111 103 101 95 106 104 104  6
313 803 200 105 109 103 110 103 95 107 106 102  7
283 697 200 102 105 99 107 101 95 102 103 103  8
112 151 108 102 100 105 105 102 95 104 102 104  9
279 774 234 104 108 106 107 103 95 111 109 103  10
194 461 147 105 105 102 105 100 95 102 102 15000  11

Chip#1
103 105 106 135 147 104 104 100 100 104 96 96  0
113 116 131 438 490 168 121 115 107 117 111 103  1
132 116 129 417 485 184 124 119 109 121 131 100  2
105 105 107 169 188 113 105 107 102 107 106 101  3
133 116 139 458 465 168 125 117 113 121 131 106  4
111 110 128 377 389 129 115 112 108 109 131 99  5
182 180 117 121 118 109 110 110 103 109 105 100  6
530 545 175 117 116 107 114 111 112 113 131 102  7
437 421 145 113 115 109 121 115 113 118 114 107  8
188 202 116 107 107 103 104 102 103 104 105 102  9
455 470 180 118 118 112 116 116 110 123 131 105  10
360 353 135 112 111 108 114 110 113 122 131 15000  11
Chip#2
112 104 103 102 106 102 98 101 95 101 104 107  0
128 109 107 315 454 115 104 109 95 105 109 109  1
112 114 116 547 799 139 109 108 95 109 114 109  2
112 106 112 129 164 111 102 107 95 104 106 109  3
112 114 110 374 556 123 111 113 95 108 114 110  4
112 111 107 435 662 125 106 108 95 108 106 108  5
112 119 108 104 115 106 105 103 95 106 102 103  6
314 802 203 103 113 104 109 102 95 107 105 107  7
289 704 203 107 105 105 106 106 95 109 108 109  8
112 151 106 98 103 103 100 99 95 99 99 102  9
288 778 238 107 111 104 110 110 96 115 115 108  10
199 449 163 102 101 98 100 103 95 106 104 15000  11

Chip#1
106 108 111 142 149 111 107 104 106 110 109 105  0
108 112 129 429 483 168 119 116 101 113 131 99  1
132 114 130 415 485 184 124 114 108 118 131 107  2
108 105 112 175 188 113 112 112 106 109 109 108  3
133 120 142 463 466 168 122 115 113 115 131 106  4
134 115 131 386 393 133 121 118 112 119 131 109  5
176 178 111 119 115 106 105 99 101 102 101 103  6
534 547 176 121 113 113 122 111 113 121 131 105  7
430 420 147 119 115 112 116 112 107 113 112 105  8
199 209 121 111 114 114 112 107 113 115 111 112  9
450 467 163 110 108 106 114 105 103 115 110 99  10
368 362 140 121 118 108 124 116 116 127 147 15000  11
Chip#2
112 99 102 98 101 99 98 97 95 100 102 104  0
112 101 98 303 440 110 100 97 95 99 99 100  1
112 110 104 538 798 137 107 106 95 107 104 105  2
112 112 108 128 162 111 103 107 95 109 100 109  3
112 107 107 364 548 119 107 103 95 108 110 110  4
112 107 101 432 658 121 107 106 95 106 98 107  5
112 125 110 113 119 106 105 109 95 104 102 110  6
310 798 196 102 110 102 102 107 95 105 108 102  7
288 701 196 104 109 111 110 109 95 105 106 109  8
128 156 110 99 98 102 105 101 95 105 102 103  9
279 772 233 103 104 105 106 106 95 106 106 107  10
196 461 163 99 98 103 101 97 95 99 98 15000  11
