
Chip#1
395 395 302 416 388 363 363 336 318 298 314 363  0
395 379 298 416 389 363 363 333 316 293 311 363  1
379 363 298 419 390 363 363 333 321 301 305 295  2
363 363 1035 959 388 1211 1012 336 1108 836 303 285  3
363 363 1062 1011 392 891 763 335 800 591 309 347  4
379 363 299 420 393 363 345 330 319 294 303 347  5
379 379 875 966 395 450 430 336 363 322 307 347  6
297 299 801 875 387 379 416 328 332 304 302 285  7
379 379 302 419 393 363 363 333 318 294 305 347  8
379 363 300 420 392 450 430 335 363 331 306 347  9
379 363 300 422 395 395 422 333 336 315 306 295  10
379 379 300 420 391 363 363 334 318 293 306 15000  11
Chip#2
456 445 301 391 392 294 287 451 347 407 328 289  0
455 448 302 393 395 296 289 451 347 408 331 291  1
395 450 304 395 397 300 291 452 347 414 336 296  2
458 451 301 390 396 363 363 454 363 417 331 294  3
395 451 302 390 396 317 302 449 347 413 332 294  4
395 451 306 396 394 296 294 450 347 408 330 293  5
456 450 444 428 393 305 347 453 363 415 330 293  6
395 449 428 419 395 297 291 451 347 413 331 289  7
395 448 301 363 396 300 291 395 347 410 329 292  8
455 451 469 456 393 471 425 454 521 467 330 289  9
458 455 454 436 395 446 403 453 411 454 331 298  10
395 450 303 391 392 295 291 395 347 411 332 15000  11
