
Chip#1
25 159 146 0 20 92 38 69 89 110 154 171  0
25 159 212 84 36 196 206 85 105 228 165 165  1
25 153 713 811 36 964 1742 215 579 1692 343 158  2
25 156 267 234 20 348 630 85 287 888 218 159  3
9 149 142 0 4 76 38 69 87 126 156 151  4
9 147 165 15 20 108 54 69 424 971 218 156  5
9 143 154 2 20 92 54 69 320 747 199 153  6
9 147 142 0 20 92 38 69 81 110 154 155  7
9 153 172 24 20 108 54 69 88 110 159 160  8
9 158 167 8 20 92 54 69 89 108 159 159  9
9 151 140 0 20 92 38 69 81 104 149 152  10
9 144 139 0 4 76 22 69 76 104 151 15000  11
Chip#2
239 96 204 81 39 259 124 129 164 155 147 100  0
239 89 195 74 31 259 119 123 155 145 140 87  1
239 103 209 91 45 259 137 137 170 161 155 105  2
239 99 230 351 135 259 389 238 167 295 251 104  3
239 90 266 547 279 259 441 270 161 298 235 95  4
239 94 201 125 52 259 140 134 164 156 149 92  5
239 95 203 211 91 259 133 134 166 157 153 95  6
239 96 228 403 257 259 137 140 165 157 162 95  7
239 95 209 188 60 259 127 131 162 153 151 94  8
239 91 197 140 37 259 128 133 167 151 148 98  9
239 92 199 84 37 259 133 141 163 157 160 98  10
239 96 201 140 37 259 129 133 170 153 151 15000  11
