
Chip#1
384 382 307 423 391 381 363 336 321 304 325 379  0
396 380 310 425 400 382 363 342 328 307 324 379  1
394 380 312 429 402 382 413 346 342 319 317 363  2
394 380 1847 1591 404 2171 1691 352 1979 1403 312 296  3
394 379 1915 1707 406 1501 1147 353 1358 907 319 298  4
394 379 363 438 403 406 363 348 334 309 316 302  5
394 380 1497 1573 399 404 471 345 442 363 315 363  6
394 379 1341 1387 405 401 463 344 425 338 313 297  7
363 378 303 421 396 363 363 339 327 301 306 291  8
394 379 306 425 399 413 478 340 456 429 311 297  9
394 379 312 430 403 387 452 346 421 349 317 302  10
395 380 363 427 402 384 407 344 327 305 317 15000  11
Chip#2
411 456 310 400 401 304 297 460 347 415 336 299  0
465 456 309 400 403 306 298 457 363 417 340 298  1
463 463 309 398 405 308 297 463 363 418 335 301  2
468 458 310 399 404 439 402 463 395 433 342 302  3
411 455 307 398 403 418 384 459 379 427 337 298  4
411 458 309 401 403 304 299 460 347 418 338 299  5
461 460 524 480 402 363 363 460 379 433 338 296  6
468 462 489 455 405 391 363 463 379 428 339 298  7
395 449 306 396 397 303 293 456 347 413 336 294  8
411 462 584 539 405 619 514 464 611 538 340 301  9
411 460 542 492 403 533 463 462 567 510 340 302  10
411 457 311 400 402 308 300 463 363 420 342 15000  11
