
Chip#1
104 103 104 105 91 103 104 97 96 105 103 103  0
98 202 249 96 311 291 103 293 161 90 272 141  1
104 275 329 107 363 323 104 281 166 91 358 176  2
99 103 102 99 97 102 99 96 99 98 97 98  3
100 303 346 99 359 324 104 407 275 96 441 251  4
102 298 329 101 326 287 103 351 240 101 403 225  5
97 95 97 96 99 103 103 99 90 87 100 96  6
111 330 382 108 419 366 105 443 308 91 453 260  7
100 273 312 96 339 311 107 357 246 95 359 209  8
111 105 102 96 99 100 107 99 99 101 109 106  9
111 281 324 108 350 337 107 376 251 98 389 216  10
116 201 244 107 285 289 112 297 204 104 255 152  11
Chip#2
105 107 105 104 103 106 105 107 108 99 106 105  0
105 246 324 111 278 333 106 243 265 106 281 226  1
116 214 265 115 242 278 117 230 239 115 294 254  2
112 115 109 113 113 114 113 119 118 116 115 113  3
110 301 358 109 317 347 110 299 330 111 342 260  4
109 214 228 111 235 244 111 245 283 110 287 232  5
111 114 110 113 114 112 113 116 113 113 117 109  6
111 309 376 119 378 349 119 353 328 115 385 284  7
113 198 219 115 239 230 112 265 235 113 281 192  8
110 114 107 113 114 115 109 118 117 109 114 114  9
113 340 387 113 391 333 110 368 318 113 405 215  10
111 141 158 115 213 189 109 230 189 111 231 142  11
