
Chip#1
301 345 295 331 373 295 256 316 347 320 287 349  0
294 342 286 331 373 286 247 309 285 314 280 344  1
302 345 395 379 373 323 306 315 382 427 284 363  2
292 348 1013 1007 373 907 1123 326 963 1123 297 337  3
292 344 731 744 373 711 794 324 741 866 293 345  4
298 342 317 363 373 296 264 311 299 330 281 343  5
298 350 875 951 374 298 259 312 363 328 279 363  6
290 339 792 808 373 288 251 305 283 317 275 338  7
293 341 300 347 373 286 251 310 347 318 279 363  8
296 340 289 331 373 293 264 312 347 321 277 347  9
294 338 286 331 373 291 254 309 347 319 279 341  10
299 346 289 331 373 291 251 313 347 318 280 348  11
Chip#2
376 379 283 363 419 363 288 353 355 343 331 381  0
376 363 355 363 415 390 280 352 355 338 355 381  1
376 363 355 363 410 388 278 343 355 338 355 380  2
375 363 355 355 414 363 285 344 355 336 355 380  3
375 363 355 363 423 401 284 354 355 336 355 380  4
376 395 355 363 419 401 284 350 355 343 355 381  5
375 1284 1379 363 422 363 284 355 355 336 355 380  6
376 1483 1581 420 427 410 284 355 355 338 355 379  7
376 507 363 363 445 427 298 355 355 349 355 386  8
376 1219 1301 415 1195 1233 302 1023 1068 345 355 386  9
376 1563 1629 423 1851 1995 308 1643 1789 351 355 385  10
376 516 347 363 528 509 295 486 507 352 355 385  11
