
Chip#1
122 120 114 110 105 113 100 108 108 113 122 124  0
120 116 105 106 107 108 98 104 107 105 112 116  1
108 109 115 129 106 118 108 105 113 112 109 108  2
105 111 624 508 107 736 579 109 682 503 108 105  3
116 121 664 575 114 527 390 114 461 343 114 117  4
116 116 123 129 115 124 111 113 114 112 119 116  5
116 122 532 521 111 150 131 114 142 134 114 114  6
111 116 487 463 107 140 130 108 122 119 110 111  7
108 112 114 129 106 115 102 105 106 108 105 111  8
112 116 116 129 113 145 135 108 142 137 114 116  9
112 117 114 129 109 139 125 105 126 124 116 113  10
115 116 114 129 111 117 108 112 110 110 115 15000  11
Chip#2
112 109 99 102 114 111 116 98 102 107 110 111  0
107 106 103 108 113 108 119 102 101 106 111 110  1
114 109 103 109 118 114 123 105 104 107 108 113  2
115 114 109 114 123 187 167 106 130 129 113 117  3
115 107 102 108 117 154 145 105 118 120 110 106  4
114 113 108 112 118 117 124 102 105 110 113 115  5
111 113 290 223 115 131 131 104 129 126 106 110  6
119 119 250 189 124 133 139 108 125 122 112 117  7
112 113 108 110 118 117 123 106 112 109 110 111  8
109 115 362 289 121 390 320 105 310 271 112 110  9
121 118 322 240 127 321 260 106 264 248 114 121  10
117 113 106 109 120 119 125 108 109 113 117 15000  11
