
Chip#1
108 104 102 109 105 101 106 103 107 100 105 102  0
110 101 104 110 105 108 117 104 111 105 100 105  1
102 95 126 149 97 134 167 102 126 171 103 94  2
104 101 109 119 105 115 134 102 117 138 100 105  3
109 102 97 109 102 108 113 102 104 100 101 100  4
111 109 167 188 112 144 177 108 133 155 109 106  5
106 102 127 133 104 126 145 107 128 142 106 102  6
102 95 96 101 96 100 105 98 102 90 98 99  7
108 107 151 157 109 140 150 109 109 97 101 104  8
105 104 134 137 108 142 151 108 111 101 103 107  9
116 112 109 113 108 114 119 109 113 111 107 112  10
106 99 95 99 94 101 106 98 102 93 96 15000  11
Chip#2
104 103 106 103 100 104 101 103 102 96 102 105  0
110 113 106 108 107 107 107 107 108 103 106 108  1
111 109 111 107 108 109 108 111 107 107 107 110  2
113 114 111 119 112 109 122 114 106 109 118 109  3
104 106 110 119 116 106 116 112 105 111 113 104  4
106 105 110 107 106 107 106 109 106 105 109 106  5
105 104 106 109 105 104 111 109 99 107 111 104  6
111 113 117 122 119 116 124 121 113 114 125 112  7
110 108 109 113 110 107 111 110 108 107 107 104  8
105 105 110 110 108 109 112 110 105 107 114 106  9
105 105 107 104 107 107 114 117 108 108 118 105  10
105 105 105 102 104 99 104 99 100 98 104 15000  11
