
Chip#1
116 116 109 129 109 113 106 104 105 115 112 122  0
122 120 113 129 109 115 108 108 106 113 111 121  1
119 118 113 129 113 120 109 112 113 119 114 118  2
113 118 569 468 114 660 534 114 589 446 114 116  3
108 114 599 511 106 464 354 114 403 312 109 108  4
113 120 116 129 110 118 108 108 107 110 111 113  5
108 109 440 456 105 139 126 106 125 130 105 112  6
109 116 412 416 106 131 120 100 116 117 105 108  7
112 118 113 129 109 117 111 113 105 117 118 114  8
107 105 107 107 107 141 131 106 129 134 106 109  9
108 109 103 103 102 124 117 100 113 120 101 112  10
117 116 115 129 110 120 113 112 108 112 116 15000  11
Chip#2
108 105 109 102 108 112 116 106 98 106 107 109  0
108 109 100 104 108 114 111 102 100 109 107 106  1
112 110 108 109 114 115 115 105 104 109 111 110  2
111 109 106 106 113 159 145 109 116 120 108 110  3
109 107 105 105 110 135 136 108 108 113 104 108  4
106 105 108 104 114 112 119 104 103 107 107 109  5
112 110 201 162 114 124 128 108 117 121 112 109  6
112 111 179 149 117 127 124 109 110 113 107 110  7
111 107 105 106 111 112 116 104 103 107 106 106  8
106 106 256 202 108 267 220 102 206 197 108 110  9
108 109 218 170 113 223 189 106 175 170 110 114  10
115 111 112 101 111 114 124 106 108 110 110 15000  11
