
Chip#1
117 119 120 111 110 111 116 111 115 116 111 122  0
125 130 126 123 121 130 129 118 122 121 132 124  1
113 116 120 114 128 121 118 112 114 105 119 117  2
111 119 123 117 115 115 111 111 124 118 109 122  3
119 119 117 120 140 136 121 116 116 121 120 124  4
122 126 120 125 134 127 122 121 124 127 127 123  5
132 135 135 126 130 140 129 134 133 139 128 134  6
120 112 130 126 119 119 123 116 119 107 119 124  7
119 124 126 117 118 119 119 114 121 119 119 124  8
122 126 129 114 115 121 129 118 119 127 124 129  9
126 139 133 126 119 122 125 119 128 122 130 131  10
137 133 139 126 121 125 133 119 130 125 126 15000  11
Chip#2
92 99 94 108 102 90 99 101 99 100 104 101  0
98 105 96 104 104 104 102 101 104 98 97 102  1
103 104 102 112 111 106 104 108 100 105 103 105  2
101 109 103 113 108 103 109 106 110 110 109 108  3
104 104 98 112 109 107 109 101 104 104 104 108  4
101 103 103 111 109 104 103 105 107 103 100 108  5
99 105 105 112 104 97 104 104 108 100 103 104  6
97 97 101 108 107 103 101 98 101 97 103 102  7
90 94 91 98 99 94 93 94 96 89 93 91  8
92 93 95 102 98 88 93 94 95 95 94 98  9
100 112 103 115 107 104 101 105 107 106 105 108  10
99 102 98 104 104 96 103 101 105 99 100 15000  11
