
Chip#1
120 118 111 129 109 112 103 112 108 112 122 124  0
122 117 111 114 111 117 102 109 109 114 118 121  1
115 116 115 129 104 115 108 110 112 115 111 112  2
116 117 635 518 113 752 582 119 689 529 118 116  3
105 116 665 563 109 525 380 108 462 337 111 112  4
111 113 115 129 109 115 103 109 109 112 116 109  5
113 114 524 516 110 139 128 112 134 128 115 112  6
117 122 495 468 116 145 128 116 130 127 119 116  7
111 111 116 129 109 116 104 109 109 108 115 114  8
109 112 102 110 106 138 130 105 129 135 109 107  9
111 109 107 129 109 131 119 106 117 124 111 108  10
115 116 111 129 107 112 102 106 108 109 115 15000  11
Chip#2
114 111 100 108 114 115 119 104 104 110 110 108  0
114 107 102 106 118 112 123 102 103 106 108 110  1
104 109 102 104 111 115 115 97 98 103 107 108  2
111 110 103 106 118 165 148 105 121 118 111 109  3
111 113 105 110 118 147 140 102 114 120 113 109  4
105 105 106 108 111 108 112 98 100 105 108 110  5
109 111 246 187 114 131 127 105 117 122 112 109  6
109 110 207 165 111 119 124 99 112 116 106 110  7
111 106 102 109 115 118 116 102 104 112 113 111  8
111 117 307 251 120 338 278 105 270 239 110 110  9
114 115 268 203 118 275 224 106 222 214 110 115  10
115 109 106 109 117 115 116 105 104 109 116 15000  11
