
Chip#1
380 395 303 419 392 386 399 334 320 300 318 379  0
386 395 304 420 396 387 405 338 329 300 316 379  1
384 379 303 419 392 387 403 338 333 304 306 297  2
384 379 1571 1387 402 1826 1515 353 1675 1211 310 296  3
384 379 1616 1492 400 1274 1040 342 1131 822 307 347  4
384 379 307 425 395 379 405 341 325 301 306 295  5
383 379 1274 1348 397 390 455 340 428 344 308 298  6
384 379 1163 1219 401 388 448 340 363 327 307 296  7
383 363 301 422 394 384 363 338 319 294 306 347  8
383 363 298 420 391 392 455 335 432 354 302 347  9
383 363 299 421 394 391 437 336 348 330 302 297  10
384 379 298 418 393 388 363 334 317 292 305 15000  11
Chip#2
462 455 306 400 402 305 297 458 363 415 336 300  0
411 454 307 398 398 302 296 458 347 414 337 299  1
411 454 302 395 398 301 291 454 347 413 333 292  2
411 458 306 404 403 429 397 458 379 427 338 301  3
463 456 306 400 402 408 382 457 379 420 338 297  4
463 455 304 401 401 302 296 456 363 414 336 294  5
411 460 497 469 402 363 363 461 379 428 338 299  6
463 457 466 441 400 312 299 458 363 423 337 297  7
463 453 305 398 400 306 293 457 363 411 339 297  8
461 458 542 509 402 548 479 457 579 507 336 295  9
463 459 517 476 402 503 445 457 548 489 363 302  10
411 456 308 400 401 306 297 457 363 415 341 15000  11
