
Chip#1
113 117 111 110 106 113 105 109 106 114 118 116  0
103 110 100 105 100 104 92 97 97 104 104 97  1
111 110 107 129 105 111 98 106 104 107 109 104  2
103 106 124 145 105 134 115 102 124 119 105 105  3
108 113 133 145 107 131 114 112 124 120 110 111  4
104 109 105 129 100 111 102 105 102 104 106 104  5
104 107 120 145 102 112 100 104 104 107 106 108  6
105 107 122 145 105 108 97 106 105 105 110 105  7
113 112 103 129 106 116 98 106 108 105 114 112  8
113 117 110 129 109 118 104 110 108 108 112 116  9
113 117 113 129 105 116 100 110 107 114 110 112  10
108 113 110 129 105 111 96 105 102 108 108 15000  11
Chip#2
94 97 87 93 100 96 105 91 89 95 102 98  0
101 105 93 93 105 100 112 92 93 98 100 102  1
102 103 96 96 108 101 109 97 96 102 107 101  2
99 101 90 98 107 101 109 91 94 99 100 100  3
98 98 92 93 103 97 108 92 89 95 96 100  4
96 106 95 98 105 100 111 92 94 97 100 101  5
99 101 96 98 104 104 107 94 100 101 104 100  6
101 101 99 97 107 104 112 98 94 103 106 102  7
102 101 96 93 107 101 112 97 97 101 100 105  8
102 99 98 98 107 108 115 95 101 106 102 104  9
99 103 99 98 107 103 111 95 101 101 99 104  10
101 98 95 96 103 98 107 95 93 95 102 15000  11
