
Chip#1
96 93 98 97 96 103 104 100 99 88 93 101  0
105 106 102 103 111 110 110 108 104 99 108 104  1
98 106 109 103 118 112 112 113 111 100 107 106  2
96 99 95 100 106 102 105 98 104 95 93 102  3
98 102 100 107 109 104 105 99 104 95 103 107  4
104 110 110 103 112 110 105 111 112 103 101 108  5
105 104 100 104 108 105 110 107 105 99 99 103  6
108 112 105 106 113 111 112 111 107 101 107 108  7
98 101 98 98 106 104 100 104 106 90 100 96  8
107 102 102 104 108 103 114 109 106 102 103 109  9
103 106 99 102 111 113 100 109 105 96 100 102  10
95 97 98 95 105 101 98 100 104 89 97 97  11
Chip#2
100 114 107 106 101 106 106 106 110 106 104 107  0
106 114 107 113 111 113 110 109 114 111 108 112  1
97 114 102 108 107 104 107 101 108 109 101 104  2
95 94 98 101 99 102 104 97 103 102 94 100  3
97 114 97 107 103 107 105 104 106 108 102 103  4
102 114 104 106 103 110 110 110 107 112 105 108  5
98 97 102 103 101 104 105 99 103 106 96 101  6
99 101 97 108 99 106 107 103 96 107 93 99  7
99 114 101 108 108 106 112 108 100 113 101 106  8
98 100 105 104 99 104 103 104 104 102 93 104  9
102 114 105 108 103 107 109 102 107 111 102 106  10
95 96 98 103 99 100 102 99 102 108 96 95  11
Chip#3
125 133 134 123 134 132 131 130 125 131 118 124  0
125 620 746 142 723 636 142 661 709 137 711 653  1
125 782 857 139 902 714 139 682 857 142 757 828  2
124 165 152 146 150 151 149 148 165 165 135 142  3
124 587 569 148 699 706 149 600 650 145 699 721  4
125 693 675 140 686 769 149 590 693 143 641 828  5
125 149 152 148 184 147 150 145 142 142 130 141  6
125 512 559 143 539 599 152 638 766 145 617 748  7
124 685 740 149 678 701 156 580 725 165 767 859  8
124 185 152 140 150 142 146 145 141 140 128 137  9
125 685 702 141 717 731 147 641 749 144 657 754  10
124 724 827 139 724 621 143 693 796 139 654 694  11
Chip#4
115 127 129 121 136 133 127 123 130 118 121 118  0
117 800 586 127 797 807 129 798 837 116 992 840  1
128 824 607 129 680 626 128 499 595 126 670 634  2
118 131 133 125 136 126 128 128 131 124 124 123  3
125 907 851 138 680 565 133 895 878 126 849 1018  4
125 938 719 134 547 465 135 601 627 125 459 603  5
122 132 139 131 152 131 136 134 134 125 125 123  6
125 721 732 136 776 813 135 610 947 125 731 1092  7
121 693 688 132 805 816 132 538 781 128 452 698  8
122 135 134 131 136 130 125 131 132 120 126 121  9
122 688 759 136 718 692 135 610 1044 129 1004 1196  10
132 612 815 136 563 653 140 493 775 133 488 530  11
