
Chip#1
73 176 149 3 36 92 54 85 93 122 178 218  0
25 161 376 348 36 284 598 101 158 576 189 174  1
25 164 2703 3456 84 3743 3937 468 2278 3903 1022 173  2
25 167 731 997 36 1220 2662 206 972 3392 435 176  3
25 159 146 12 36 108 54 85 105 186 173 165  4
25 164 219 105 36 196 134 101 1574 3899 454 171  5
25 159 182 41 36 124 102 101 1073 3009 346 166  6
25 156 156 6 36 108 54 85 98 123 163 156  7
25 159 219 92 36 196 102 85 98 115 163 161  8
9 158 213 50 20 196 102 85 89 115 159 164  9
25 157 146 0 20 92 38 85 87 114 157 161  10
25 157 147 0 20 92 38 85 85 117 163 15000  11
Chip#2
239 100 201 83 37 259 121 130 166 152 147 99  0
239 191 201 140 39 259 129 134 167 157 151 100  1
239 191 192 140 34 259 121 127 159 151 146 94  2
239 191 262 585 248 259 523 438 170 387 435 104  3
239 94 303 899 444 259 697 470 172 403 426 103  4
239 92 196 197 55 259 140 137 161 157 148 95  5
239 89 204 279 122 259 127 134 164 153 156 88  6
239 96 273 677 398 259 146 152 169 167 170 98  7
239 93 203 198 78 259 128 136 172 156 150 98  8
239 95 203 83 39 259 132 140 169 160 157 98  9
239 88 194 81 33 259 135 145 161 162 163 97  10
239 191 204 140 45 259 131 138 166 154 153 15000  11
