
Chip#1
379 379 301 419 393 363 363 335 322 300 318 363  0
379 379 299 416 392 363 363 336 318 296 311 363  1
395 379 308 424 396 379 363 341 329 307 312 363  2
379 379 1179 1050 400 1315 1120 344 1285 971 312 347  3
363 379 1209 1131 391 951 808 334 867 619 306 347  4
363 379 304 420 396 363 363 335 318 298 312 291  5
379 379 980 1041 396 403 439 335 363 329 311 347  6
363 379 891 956 390 402 427 335 338 312 305 347  7
363 363 303 420 395 363 363 335 321 295 310 347  8
363 363 296 413 389 403 439 330 416 334 303 347  9
379 363 296 419 389 402 417 330 337 319 307 347  10
379 379 306 425 399 401 363 339 321 301 311 15000  11
Chip#2
395 447 302 389 392 297 288 395 331 409 330 290  0
395 446 301 391 390 298 290 451 331 408 332 294  1
395 447 296 388 390 296 284 448 347 405 326 289  2
395 448 298 389 391 363 363 448 347 416 329 288  3
395 450 301 391 393 318 301 453 347 415 332 290  4
395 445 300 392 389 298 287 452 347 409 330 291  5
395 449 456 437 391 306 297 450 363 418 331 294  6
458 451 442 424 395 305 297 454 363 416 333 294  7
395 450 303 396 395 303 291 454 331 412 335 294  8
395 451 489 469 392 490 438 452 538 477 332 294  9
395 448 464 441 391 451 408 451 411 459 331 293  10
461 451 307 394 396 303 347 453 347 413 339 15000  11
