
Chip#1
112 104 94 99 97 95 98 102 100 97 98 101  0
101 97 143 170 102 126 180 101 111 165 100 95  1
103 99 626 836 115 582 1137 150 386 990 195 101  2
103 102 227 320 107 250 469 111 235 519 132 96  3
104 101 102 104 104 99 108 107 108 112 101 100  4
104 102 122 129 102 115 127 105 290 610 143 99  5
98 102 106 116 103 110 112 107 235 478 124 95  6
101 96 97 99 104 97 104 103 107 100 95 95  7
95 100 116 120 100 106 116 98 107 99 96 94  8
96 97 108 109 97 105 113 97 101 101 94 95  9
99 101 97 103 102 99 106 105 103 101 94 94  10
103 99 98 99 103 98 104 101 104 97 97 15000  11
Chip#2
107 110 106 104 106 102 100 104 96 99 101 106  0
109 106 104 104 102 102 104 103 102 101 102 101  1
104 101 101 104 104 99 99 104 96 103 102 103  2
99 100 117 348 191 109 408 308 99 294 339 101  3
97 99 146 548 334 113 539 399 98 330 360 105  4
103 98 101 150 117 101 123 109 98 105 105 100  5
104 108 107 205 157 106 112 106 104 107 112 106  6
101 103 128 455 307 99 110 111 96 107 114 100  7
111 105 110 173 139 107 106 106 105 104 107 108  8
111 113 111 113 113 111 111 116 108 110 114 114  9
106 105 107 107 108 107 112 119 101 109 121 108  10
105 104 103 100 101 98 104 105 100 98 102 15000  11
