
Chip#1
109 107 110 110 101 112 108 108 107 113 112 112  0
107 105 102 106 104 106 104 108 104 103 106 103  1
103 101 102 103 101 108 104 104 100 105 101 103  2
109 109 111 111 106 115 107 109 105 107 111 108  3
107 101 102 109 102 106 104 102 100 105 105 101  4
108 106 105 109 105 111 105 102 104 113 108 112  5
107 109 109 111 109 117 110 110 107 112 109 109  6
111 106 107 106 110 113 108 105 101 109 108 108  7
108 101 109 106 102 107 103 105 101 107 109 109  8
107 101 106 107 106 106 104 98 104 102 104 108  9
112 110 107 111 110 112 107 108 106 109 114 113  10
102 99 102 107 100 106 97 101 100 102 101 15000  11
Chip#2
105 103 102 100 105 108 113 99 98 105 110 110  0
104 102 103 104 107 110 115 101 100 102 108 104  1
107 105 105 106 107 111 116 102 104 106 108 108  2
109 107 109 105 111 115 116 106 103 110 113 109  3
111 107 108 105 107 115 117 106 102 110 111 109  4
107 106 108 105 108 117 119 102 96 107 111 109  5
109 105 105 105 113 112 120 105 105 109 112 114  6
105 103 99 105 108 107 112 102 98 103 108 106  7
111 107 108 108 111 115 117 108 105 110 114 109  8
112 106 105 105 105 112 117 108 103 109 113 108  9
104 102 102 100 105 108 115 99 102 106 107 106  10
111 105 108 101 107 112 116 108 105 112 113 15000  11
