
Chip#1
176 196 192 164 244 124 118 237 247 124 115 248  0
184 196 203 168 260 124 118 237 253 131 122 256  1
183 196 201 167 260 124 118 237 252 124 117 252  2
180 196 213 424 399 124 134 389 507 132 119 248  3
176 196 200 240 276 124 118 309 453 126 113 251  4
169 196 192 160 260 124 118 237 241 116 108 238  5
170 196 195 159 244 108 118 237 243 116 109 242  6
174 196 203 256 308 124 118 261 272 124 118 247  7
174 196 211 424 444 124 118 493 466 124 114 249  8
176 196 199 168 260 124 118 237 255 120 117 249  9
183 196 200 167 260 124 118 237 253 125 114 252  10
186 196 201 162 260 124 134 237 247 127 118 15000  11
