
Chip#1
116 123 111 118 122 107 136 159 104 102 104 100  0
175 178 125 196 210 136 491 505 135 119 131 93  1
157 170 125 187 206 140 479 490 140 126 131 99  2
137 136 112 121 124 111 165 175 107 110 109 102  3
230 228 129 138 134 130 516 538 164 117 131 99  4
202 206 131 135 141 137 505 538 164 129 147 106  5
137 131 112 117 118 115 170 175 108 113 107 101  6
217 217 124 130 130 140 569 533 128 128 131 95  7
193 191 121 125 130 140 536 511 129 137 131 105  8
140 142 114 115 113 107 184 191 106 112 131 105  9
221 220 134 125 127 168 574 490 125 153 131 102  10
193 189 121 129 121 168 533 471 125 155 147 15000  11
Chip#2
112 110 108 103 101 104 103 106 89 105 105 114  0
112 108 97 100 113 99 322 337 89 98 102 105  1
112 124 106 114 129 108 629 622 89 107 104 100  2
112 106 102 98 105 103 137 136 89 102 102 105  3
112 129 106 108 116 114 386 450 89 111 109 108  4
112 138 109 110 120 115 430 479 89 109 112 112  5
112 109 113 104 110 110 115 118 89 106 105 110  6
128 136 114 110 115 115 363 418 89 114 111 108  7
112 126 104 102 113 105 274 287 89 105 103 105  8
112 107 103 92 98 104 137 141 89 102 97 104  9
112 131 106 98 103 97 615 738 89 111 105 103  10
112 125 107 99 103 102 283 351 89 108 106 15000  11
