
Chip#1
103 99 99 103 104 103 105 105 108 95 103 101  0
110 102 108 115 105 114 120 105 109 113 108 100  1
110 109 162 195 107 168 229 115 154 238 124 111  2
106 105 118 135 104 130 152 105 128 174 111 106  3
108 109 113 114 109 114 119 105 111 108 111 107  4
109 109 222 245 105 168 231 110 143 206 114 107  5
110 111 145 155 107 144 177 116 139 178 112 106  6
108 104 109 110 110 106 111 104 113 97 103 107  7
104 106 184 193 102 165 181 105 107 99 103 106  8
106 109 156 159 109 165 180 111 104 103 108 107  9
106 107 103 110 102 110 111 103 106 101 106 106  10
118 116 108 116 110 117 115 110 116 111 113 15000  11
Chip#2
116 115 115 115 115 113 114 113 110 109 115 115  0
111 109 110 113 112 111 113 109 107 107 112 111  1
112 113 112 113 113 113 113 116 107 107 111 116  2
111 114 112 128 119 113 125 119 112 118 124 112  3
110 110 112 133 125 108 131 123 106 119 120 110  4
115 115 115 119 117 116 120 116 112 111 114 117  5
111 111 116 116 118 113 123 117 110 114 128 114  6
112 115 119 138 130 114 133 130 115 127 136 120  7
112 114 114 120 118 113 116 116 112 111 116 116  8
109 104 112 105 106 104 114 113 106 107 115 106  9
106 106 107 109 107 108 122 124 105 115 126 112  10
115 111 115 115 116 111 117 114 111 110 116 15000  11
