
Chip#1
114 127 130 117 121 121 120 124 115 131 113 124  0
115 119 122 113 116 118 119 113 116 117 120 125  1
116 118 118 111 112 118 121 113 121 113 115 125  2
114 116 128 120 121 110 112 116 126 118 112 129  3
118 126 125 123 125 133 120 126 114 137 117 124  4
115 119 120 111 118 117 114 120 115 117 112 119  5
117 107 120 110 112 110 121 105 119 118 116 122  6
117 112 121 116 112 112 117 110 120 113 111 125  7
121 116 127 116 115 119 121 113 115 120 119 127  8
125 122 140 126 129 115 127 116 132 127 124 139  9
121 132 128 123 122 129 127 119 133 127 124 137  10
133 126 128 122 121 125 131 121 132 127 116 15000  11
Chip#2
144 167 145 155 155 155 157 167 162 160 151 156  0
144 144 145 139 155 155 152 160 162 155 150 151  1
148 183 157 171 164 190 160 169 168 163 154 155  2
146 167 155 155 159 190 163 168 166 159 154 160  3
149 167 156 155 171 190 167 181 173 173 166 168  4
154 183 163 155 175 190 169 179 183 173 166 164  5
147 183 156 171 164 190 168 173 170 168 161 158  6
160 183 163 171 171 190 173 180 182 175 170 169  7
159 183 162 171 171 190 172 181 176 173 166 166  8
150 167 159 155 169 190 171 175 174 167 162 167  9
157 167 162 171 172 190 170 180 175 170 163 166  10
154 167 151 155 164 190 162 173 168 159 157 15000  11
