
Chip#1
109 105 105 111 96 110 104 102 105 108 108 111  0
102 102 99 101 96 99 99 98 100 102 102 99  1
105 102 100 105 96 106 99 102 102 105 104 103  2
109 106 130 129 101 129 120 102 128 123 109 105  3
105 105 128 129 105 122 114 104 116 115 105 107  4
102 105 101 99 97 104 97 100 98 102 98 107  5
108 106 119 129 102 111 104 104 102 105 101 111  6
113 106 127 129 105 110 104 108 107 109 104 109  7
102 101 101 101 97 103 97 95 97 100 102 99  8
105 102 102 105 101 104 98 100 101 103 101 101  9
105 104 102 102 98 103 99 101 104 109 102 107  10
102 103 99 102 100 103 97 100 100 104 106 15000  11
Chip#2
96 97 96 96 107 101 107 99 94 99 98 100  0
102 98 96 96 104 103 105 106 96 103 104 102  1
102 99 105 100 107 107 111 102 96 98 104 101  2
98 97 99 98 101 108 108 99 97 101 100 102  3
99 98 98 93 104 108 103 98 94 99 100 101  4
96 97 101 100 104 104 108 99 96 101 98 104  5
102 97 100 98 103 101 109 101 97 99 100 102  6
99 95 103 98 105 105 107 102 96 103 100 105  7
107 103 106 100 108 110 113 108 100 105 107 108  8
107 103 112 101 107 112 116 106 100 106 108 105  9
107 102 108 98 107 117 116 105 103 107 106 108  10
106 98 100 98 104 105 111 106 98 102 103 15000  11
