
Chip#1
110 106 98 102 101 101 104 102 103 99 96 105  0
104 105 148 177 108 130 185 108 116 174 98 101  1
97 101 622 835 117 578 1134 149 383 1006 198 101  2
99 97 220 315 101 253 467 108 217 519 130 93  3
95 96 93 98 97 97 100 103 100 103 95 93  4
99 99 119 131 105 114 125 108 288 606 139 99  5
98 94 105 108 102 109 114 108 235 478 121 94  6
97 96 98 98 104 99 104 100 108 97 95 92  7
99 96 117 118 104 103 116 102 100 95 95 95  8
97 96 105 109 98 106 114 102 98 95 91 94  9
89 99 98 95 95 91 98 97 97 93 84 90  10
108 97 97 102 101 97 104 103 104 99 96 15000  11
Chip#2
107 106 103 100 101 98 99 97 96 104 99 104  0
117 113 111 114 111 106 112 104 104 109 109 112  1
104 104 100 105 105 99 105 102 99 103 104 103  2
105 106 124 373 207 113 442 330 102 310 366 106  3
103 100 154 592 359 119 585 424 102 355 389 106  4
104 105 105 154 123 103 126 113 100 110 111 100  5
105 103 104 211 163 103 110 105 98 105 111 101  6
105 108 136 493 342 108 119 119 101 113 121 108  7
101 99 99 171 136 103 102 99 95 104 100 98  8
107 110 106 110 110 108 114 110 105 108 112 108  9
99 98 95 98 99 97 107 109 93 104 114 98  10
105 109 106 107 106 106 108 104 104 105 107 15000  11
