
Chip#1
111 105 99 107 104 105 106 104 107 99 105 104  0
106 102 107 112 105 106 113 102 113 105 107 104  1
105 106 118 131 107 118 132 112 117 136 108 101  2
109 101 105 112 107 111 121 107 117 117 106 100  3
105 102 123 129 107 116 130 110 113 104 103 102  4
99 96 531 546 105 553 940 124 114 124 103 98  5
104 101 275 296 104 348 554 108 108 116 96 99  6
109 106 118 123 105 108 114 105 112 101 102 99  7
97 104 693 670 103 360 436 104 100 99 97 96  8
103 106 466 419 103 372 437 112 108 104 105 105  9
106 106 109 112 103 105 108 104 108 105 102 101  10
116 109 108 115 108 109 114 109 109 105 109 15000  11
Chip#2
111 114 105 108 112 106 108 100 104 103 107 115  0
101 96 98 98 101 97 99 97 89 93 97 100  1
106 104 106 103 106 109 101 99 96 96 102 105  2
115 110 114 114 117 113 117 114 104 109 116 110  3
111 112 112 122 124 117 119 117 105 111 113 112  4
110 115 111 108 117 111 108 105 104 103 109 108  5
109 111 111 110 113 114 232 225 104 165 212 115  6
103 108 110 117 117 112 442 435 107 219 304 120  7
111 111 109 112 111 112 141 139 100 111 119 108  8
111 114 110 110 113 111 148 160 105 155 252 122  9
118 115 116 112 119 116 243 323 117 269 439 157  10
122 127 121 120 125 123 142 157 112 127 169 15000  11
