
Chip#1
89 186 147 5 20 92 38 85 96 124 170 185  0
25 155 389 378 36 268 582 101 150 565 185 169  1
25 172 2891 3712 188 3630 3911 465 2226 3893 947 172  2
25 165 762 1079 52 1220 2582 213 950 3387 426 167  3
25 160 153 10 36 92 38 101 105 195 173 160  4
41 164 219 106 52 196 150 162 1530 3899 443 166  5
25 157 178 41 36 124 86 85 1049 2907 334 160  6
25 149 138 3 36 92 38 85 90 121 152 151  7
25 160 219 98 36 196 102 85 92 123 164 157  8
25 160 213 53 36 196 102 85 91 123 158 160  9
25 163 147 6 36 92 22 85 89 121 158 159  10
41 160 142 6 36 92 38 153 88 122 157 15000  11
Chip#2
239 107 197 77 32 259 130 135 164 154 151 99  0
239 105 202 79 37 259 130 136 171 157 151 100  1
239 98 199 78 35 259 126 133 162 153 152 98  2
239 98 255 564 240 259 491 430 169 394 435 100  3
239 98 305 882 435 259 587 470 170 414 435 106  4
239 191 204 197 60 259 153 150 172 163 156 97  5
239 99 208 278 125 259 137 144 169 163 163 100  6
239 101 266 671 388 259 149 154 169 167 170 102  7
239 93 192 197 75 259 123 131 161 147 142 85  8
239 101 200 76 37 259 131 144 168 158 157 96  9
239 98 199 79 40 259 145 151 169 163 171 103  10
239 98 192 74 33 259 128 130 163 153 146 15000  11
