
Chip#1
102 100 99 99 100 100 104 104 97 97 97 98  0
101 100 104 102 100 104 108 105 100 103 100 102  1
106 102 119 133 103 122 143 108 114 148 105 98  2
98 101 103 108 101 109 116 104 108 129 98 95  3
102 100 97 102 100 101 101 96 100 101 95 95  4
104 102 139 148 102 126 143 108 114 135 102 96  5
101 106 116 120 107 118 127 108 112 132 102 99  6
101 105 99 101 103 104 106 103 104 99 97 96  7
103 105 129 133 104 123 133 101 98 97 98 96  8
105 109 120 125 105 128 134 105 103 99 105 100  9
102 105 95 107 101 104 106 102 102 100 96 101  10
109 106 102 106 103 103 101 108 103 97 100 15000  11
Chip#2
104 97 96 97 100 102 98 96 99 95 100 98  0
116 115 107 112 112 108 110 106 111 110 113 111  1
103 103 101 100 105 103 102 96 98 96 101 99  2
106 106 99 105 104 103 104 104 100 101 106 103  3
105 106 105 114 112 104 114 109 101 104 110 103  4
102 103 100 102 100 96 99 97 96 97 100 98  5
101 99 96 99 102 101 100 95 96 96 104 99  6
103 103 96 102 107 97 106 105 96 103 106 100  7
100 103 100 104 100 101 98 99 100 99 100 100  8
106 105 98 102 106 107 107 104 100 104 109 105  9
104 101 100 97 101 102 104 107 99 105 110 103  10
100 101 96 99 97 94 99 97 95 98 99 15000  11
