
Chip#1
395 395 307 420 394 388 363 337 321 302 323 379  0
381 379 298 417 388 347 345 334 318 295 309 363  1
380 363 303 422 394 363 363 336 333 306 309 347  2
380 379 1578 1387 402 1828 1451 350 1691 1211 311 295  3
380 379 1626 1495 407 1277 1050 349 1131 834 314 301  4
380 379 304 425 395 363 363 336 323 299 306 347  5
380 379 1289 1352 400 394 456 343 430 350 309 301  6
380 379 1163 1219 401 386 449 340 363 327 309 347  7
380 379 304 423 398 383 363 340 325 302 307 296  8
380 379 304 422 398 399 462 341 438 363 310 299  9
380 379 308 427 395 398 436 342 413 337 314 363  10
380 379 306 426 399 363 363 341 325 301 314 15000  11
Chip#2
460 450 303 395 396 302 297 454 347 410 336 294  0
395 448 300 393 390 296 290 453 331 409 333 294  1
462 453 305 395 399 299 296 456 363 413 336 296  2
461 451 306 393 396 425 388 457 363 421 338 292  3
395 452 304 396 398 363 380 455 363 420 336 298  4
462 453 309 400 401 304 295 455 363 414 339 297  5
411 456 497 468 401 319 363 461 379 430 339 298  6
461 454 468 439 396 307 297 455 363 421 334 297  7
466 454 311 400 400 308 297 461 363 417 339 298  8
461 456 546 510 399 550 477 458 580 510 333 296  9
462 458 513 471 399 500 440 458 545 490 336 300  10
411 457 309 395 396 304 347 457 347 413 338 15000  11
