
Chip#1
117 120 118 129 111 121 113 112 112 117 125 121  0
117 120 114 129 113 115 108 106 114 114 119 117  1
117 118 116 129 114 116 108 112 116 117 116 114  2
113 122 270 250 115 281 229 114 252 202 116 118  3
115 121 286 269 116 224 183 113 198 167 116 116  4
111 122 119 129 111 118 110 108 113 114 118 118  5
113 120 243 250 110 127 119 110 124 119 118 120  6
115 122 238 243 116 131 120 112 118 122 118 114  7
117 118 115 129 113 116 110 110 109 113 115 120  8
111 114 111 129 106 135 128 108 120 127 111 114  9
113 118 114 145 110 134 122 108 114 119 115 114  10
120 122 120 129 118 121 110 113 113 113 120 15000  11
Chip#2
117 113 105 105 118 112 119 104 105 110 110 114  0
117 114 103 106 115 114 117 101 104 113 112 113  1
115 113 99 105 118 117 120 104 105 108 113 110  2
108 110 97 101 113 115 117 99 102 109 107 106  3
112 110 102 102 115 117 117 98 101 110 108 108  4
111 107 95 102 111 108 111 97 98 103 106 106  5
115 107 128 122 115 114 117 104 104 110 114 109  6
115 114 127 122 120 115 117 111 105 112 116 114  7
105 101 93 101 111 110 109 101 101 103 106 105  8
114 114 136 127 115 141 139 104 126 129 113 113  9
118 115 130 119 115 133 131 108 123 126 114 114  10
122 117 108 109 117 118 117 106 106 112 113 15000  11
