
Chip#1
156 153 136 145 118 129 120 117 125 132 152 156  0
160 141 126 145 122 125 116 119 118 119 131 145  1
139 132 131 145 127 140 125 122 143 138 129 134  2
124 134 1929 1570 129 2307 1784 136 2175 1555 130 125  3
122 133 2047 1752 128 1533 1116 127 1360 919 129 128  4
120 134 139 145 122 129 121 119 128 127 122 122  5
121 129 1480 1526 128 224 200 117 189 184 120 121  6
124 130 1344 1330 128 208 193 119 167 161 122 124  7
121 125 126 145 119 127 120 121 124 123 122 122  8
117 126 119 129 119 224 207 113 198 197 118 120  9
122 128 123 129 124 178 170 117 163 164 126 122  10
126 133 124 145 125 129 116 115 121 118 127 15000  11
Chip#2
118 115 105 110 121 114 124 106 109 110 113 109  0
122 113 111 112 121 119 127 109 110 116 113 117  1
118 114 106 110 121 118 123 105 113 110 116 115  2
117 110 106 105 118 218 190 101 140 135 107 109  3
121 118 106 114 121 187 163 111 135 132 117 113  4
112 113 102 108 117 110 120 97 103 109 107 108  5
121 121 385 286 124 151 144 106 148 145 117 121  6
122 125 317 232 127 138 142 113 135 129 114 115  7
118 118 114 115 123 126 129 112 116 118 114 114  8
119 121 492 391 130 552 422 109 418 360 114 111  9
125 131 419 303 130 412 332 109 335 313 117 123  10
132 121 114 115 130 123 127 108 117 120 124 15000  11
