
Chip#1
73 185 159 9 36 92 54 85 101 128 184 185  0
41 169 386 362 52 300 614 117 167 580 193 180  1
25 171 2701 3388 84 3743 3936 468 2276 3906 1019 172  2
25 164 731 993 52 1220 2662 210 973 3395 434 170  3
25 159 156 6 36 108 54 153 105 186 171 164  4
25 159 219 104 36 196 134 101 1563 3899 452 165  5
25 159 185 39 36 124 86 85 1070 2996 340 165  6
41 165 157 14 36 108 54 101 105 132 169 161  7
25 160 219 93 36 196 102 85 92 115 164 160  8
25 161 213 53 36 196 102 85 89 119 160 164  9
25 156 151 1 20 92 38 85 85 110 155 154  10
41 167 157 8 36 108 54 101 98 123 166 15000  11
Chip#2
239 103 204 79 40 259 125 130 166 158 145 99  0
239 99 199 78 34 259 123 127 162 152 145 96  1
239 102 205 140 43 259 132 137 167 163 157 105  2
239 191 264 588 251 259 507 436 170 390 434 105  3
239 96 307 897 445 259 603 470 168 406 428 103  4
239 98 203 197 61 259 147 142 163 162 151 97  5
239 94 211 286 134 259 135 142 168 162 158 99  6
239 191 271 679 398 259 145 149 167 168 168 103  7
239 93 199 197 77 259 127 130 167 151 143 92  8
239 93 197 83 42 259 129 138 168 162 157 97  9
239 191 197 140 42 259 136 147 164 165 167 99  10
239 99 205 140 42 259 134 136 169 162 156 15000  11
