
Chip#1
372 372 289 409 381 347 336 325 310 287 302 347  0
373 373 293 416 391 363 363 331 320 294 305 347  1
372 372 295 413 388 347 342 329 315 292 303 347  2
372 372 459 496 389 461 493 328 493 428 300 347  3
295 372 459 503 385 406 446 326 441 336 296 289  4
363 372 292 412 386 347 337 324 312 292 298 283  5
363 372 429 495 385 363 346 327 317 295 298 347  6
379 373 422 479 387 379 363 328 319 293 298 347  7
347 372 286 408 380 347 336 324 309 280 290 279  8
379 372 290 415 388 379 363 325 321 296 301 347  9
363 372 293 413 383 363 342 326 314 293 297 347  10
363 372 290 410 386 347 335 320 309 285 297 15000  11
Chip#2
395 448 296 388 395 293 288 454 347 404 326 286  0
395 444 297 323 386 293 285 395 331 363 328 283  1
395 445 291 386 390 289 283 446 331 363 323 285  2
395 447 293 383 387 296 286 395 331 405 324 284  3
395 447 295 385 390 295 288 395 331 407 329 288  4
395 448 301 387 390 291 289 454 331 409 328 287  5
395 444 307 392 388 291 286 446 347 401 322 283  6
395 444 304 387 390 291 284 395 331 407 325 285  7
395 447 297 388 389 293 290 449 331 407 325 287  8
395 443 308 396 388 309 296 448 363 414 326 283  9
395 445 308 393 389 302 296 450 347 416 328 286  10
395 442 293 319 383 288 280 444 331 363 322 15000  11
