
Chip#1
298 340 291 331 373 288 248 314 347 316 282 363  0
292 338 284 331 372 283 245 307 286 315 277 343  1
297 338 387 395 373 318 301 311 379 419 280 363  2
294 345 1011 1011 373 891 1123 329 960 1123 300 342  3
300 345 736 751 374 716 802 327 746 867 297 363  4
302 345 380 363 373 300 265 317 363 331 287 348  5
293 342 866 907 373 292 257 310 347 323 276 344  6
290 342 786 804 373 288 250 309 347 318 278 341  7
292 340 301 347 373 286 247 309 347 314 278 346  8
291 337 286 331 373 291 258 310 347 317 277 363  9
291 335 285 331 372 286 253 308 286 315 276 341  10
294 341 286 331 373 285 249 309 286 314 280 344  11
Chip#2
375 363 267 363 411 390 288 355 355 339 355 372  0
375 347 355 363 406 355 286 349 355 333 355 372  1
374 347 251 355 400 355 282 345 348 332 355 348  2
375 363 355 363 415 363 289 355 355 337 355 363  3
375 363 355 363 419 402 291 355 355 342 355 363  4
375 379 355 363 413 355 291 355 355 337 355 363  5
375 1268 1379 363 415 363 289 355 355 336 355 363  6
376 1467 1579 423 420 363 291 355 355 338 355 363  7
375 427 347 363 434 412 293 355 355 339 355 363  8
375 1195 1295 363 1179 1215 293 1018 1057 337 355 363  9
377 1568 1643 437 1759 1995 324 1643 1809 355 355 380  10
375 511 331 363 518 499 294 427 508 342 355 380  11
