
Chip#1
79 52 25 173 0 110 111 17 85 49 71 0  0
88 52 34 173 0 126 110 24 85 50 75 0  1
88 52 36 173 0 126 116 30 33 55 77 0  2
76 52 244 372 0 398 320 23 325 213 64 0  3
80 52 265 404 0 302 231 29 190 147 69 0  4
81 52 36 196 0 110 110 22 85 50 72 0  5
85 68 183 372 0 142 133 33 117 64 73 0  6
88 52 174 340 0 142 133 31 101 65 82 0  7
83 52 31 240 0 110 109 22 85 50 69 0  8
84 52 31 180 0 126 130 27 101 63 72 0  9
86 52 34 240 0 142 123 29 101 64 77 0  10
79 52 32 240 0 110 110 26 85 45 71 15000  11
Chip#2
264 320 261 286 114 165 148 182 254 187 192 223  0
266 321 261 290 114 164 148 182 259 189 193 223  1
266 320 261 290 114 162 148 185 257 184 189 223  2
270 324 261 290 114 213 148 186 276 201 196 232  3
266 321 261 288 114 192 148 183 269 195 194 223  4
267 324 261 291 114 165 148 183 264 189 194 223  5
267 325 396 351 114 174 148 183 276 199 192 223  6
268 328 280 335 114 177 148 188 270 198 194 223  7
270 324 261 291 114 165 148 183 263 187 194 223  8
268 325 460 402 114 351 299 185 380 356 194 223  9
271 330 412 361 114 288 170 186 341 258 196 223  10
271 324 261 286 114 162 148 185 262 190 193 15000  11

Chip#1
89 68 39 240 0 126 114 25 85 49 79 0  0
83 68 28 240 0 110 109 21 85 42 67 0  1
81 52 34 180 0 110 115 27 85 49 67 0  2
79 0 249 372 0 414 324 23 325 214 68 0  3
83 52 268 404 0 318 234 29 190 144 73 0  4
77 0 34 180 0 110 105 22 25 44 69 0  5
80 52 183 356 0 126 133 29 101 63 73 0  6
80 52 165 324 0 126 120 21 101 53 67 0  7
84 52 36 226 0 110 117 27 85 52 80 0  8
80 52 34 226 0 126 126 28 53 63 73 0  9
81 52 32 225 0 126 116 21 101 50 67 0  10
79 0 31 226 0 110 105 20 85 41 63 15000  11
Chip#2
263 319 261 289 114 159 148 182 259 187 192 223  0
266 321 261 296 114 162 148 185 260 190 192 223  1
262 321 261 290 114 159 148 182 260 189 191 223  2
264 320 261 289 114 214 148 183 275 201 189 223  3
255 315 261 286 114 188 148 179 266 193 186 223  4
262 320 261 293 114 162 148 182 254 185 190 223  5
261 321 396 356 114 177 148 182 272 202 189 223  6
265 324 279 333 114 171 148 188 266 198 192 223  7
264 319 261 295 114 162 148 181 257 189 191 223  8
260 320 444 401 114 350 299 181 380 340 190 207  9
267 320 412 367 114 292 170 184 346 258 194 223  10
271 320 261 292 114 166 148 185 264 191 194 15000  11
