
Chip#1
73 181 153 6 20 92 38 85 100 124 180 217  0
25 163 386 357 36 284 598 101 162 575 188 172  1
25 169 2729 3488 84 3676 3936 470 2289 3902 1022 173  2
25 160 731 1003 36 1212 2766 203 978 3467 426 164  3
25 167 164 15 36 108 54 85 114 191 174 171  4
25 161 219 103 36 196 150 101 1572 3915 448 166  5
9 159 185 40 36 124 86 85 1072 3010 342 160  6
25 167 160 13 52 108 54 101 105 131 171 165  7
25 163 219 94 36 196 118 85 97 119 166 161  8
9 159 213 49 20 196 86 85 91 117 161 160  9
25 160 145 4 20 92 38 85 84 115 161 156  10
25 168 156 0 36 92 38 85 86 117 165 15000  11
Chip#2
239 191 206 140 39 259 127 136 169 155 148 104  0
239 105 208 87 40 259 128 136 167 160 148 100  1
239 86 195 140 33 259 120 129 159 153 145 90  2
239 95 265 590 251 259 507 438 173 389 435 108  3
239 100 308 909 450 259 707 470 173 415 435 108  4
239 93 195 188 58 259 142 143 162 156 147 93  5
239 94 209 285 132 259 136 140 168 161 160 96  6
239 94 268 680 398 259 141 148 164 170 165 98  7
239 96 205 198 85 259 128 141 169 159 151 98  8
239 191 200 140 40 259 128 139 167 216 158 98  9
239 98 200 140 42 259 142 152 168 163 171 104  10
239 96 200 140 35 259 124 135 164 153 152 15000  11
