
Chip#1
124 122 118 129 111 117 113 112 114 118 120 130  0
113 111 107 129 106 110 105 104 107 107 110 120  1
117 116 114 129 111 118 111 113 118 115 112 117  2
113 113 552 457 110 636 516 113 598 451 111 113  3
115 120 576 506 113 464 353 110 411 313 112 114  4
115 112 114 129 111 117 109 109 110 109 110 114  5
112 117 437 455 113 145 132 108 133 129 109 109  6
116 117 422 417 114 141 128 114 125 125 112 117  7
113 113 111 129 111 118 108 112 110 113 115 113  8
115 116 118 129 114 146 139 109 141 142 116 117  9
112 109 111 129 111 135 120 109 122 128 108 117  10
109 109 109 129 105 113 103 105 106 107 110 15000  11
Chip#2
105 102 103 101 107 112 115 106 103 109 110 109  0
102 99 99 98 103 110 116 101 102 106 110 104  1
99 99 95 96 104 107 112 97 103 102 104 101  2
105 102 100 100 111 145 142 101 112 114 110 106  3
104 106 99 98 107 133 132 98 110 110 110 106  4
102 106 103 105 114 112 120 99 106 109 111 105  5
111 103 191 159 115 123 125 105 117 120 112 108  6
102 105 160 136 104 112 117 98 105 110 104 105  7
107 105 103 105 107 112 120 102 103 105 113 106  8
111 109 236 190 115 246 218 105 206 186 111 108  9
105 101 199 157 107 207 178 95 170 164 108 104  10
111 98 96 100 108 104 117 98 102 102 108 15000  11
