
Chip#1
73 180 150 1 20 92 38 85 95 124 164 185  0
41 162 354 327 36 252 502 101 141 443 173 166  1
25 168 2437 3088 177 2984 3942 325 1710 3952 783 163  2
25 168 653 870 36 964 2006 117 725 2491 344 163  3
25 165 150 9 36 108 38 101 105 172 169 160  4
25 160 219 133 20 140 150 85 1185 2971 361 159  5
25 159 191 45 36 124 102 85 790 2219 283 157  6
25 157 149 5 36 108 54 148 93 123 160 161  7
25 164 219 111 36 196 118 150 93 124 161 155  8
9 154 215 54 20 196 102 69 86 109 154 151  9
41 170 159 6 36 108 38 145 91 123 161 161  10
93 162 146 0 36 92 38 85 86 117 160 15000  11
Chip#2
239 207 206 91 42 259 132 137 173 216 155 107  0
239 191 206 89 41 259 127 136 168 161 151 103  1
239 191 201 140 37 259 128 139 168 154 150 102  2
239 99 228 420 161 259 451 318 172 357 401 103  3
239 99 271 653 326 259 475 436 168 369 391 100  4
239 191 203 131 55 259 143 144 169 161 155 97  5
239 191 210 242 109 259 138 144 172 216 163 105  6
239 95 231 517 296 259 133 144 167 161 156 98  7
239 98 201 188 64 259 125 137 168 153 150 95  8
239 98 204 83 40 259 132 142 169 159 153 98  9
239 94 197 82 37 259 135 148 168 161 158 104  10
239 94 194 80 32 259 126 134 161 152 146 15000  11

Chip#1
41 163 133 0 20 76 22 69 76 115 152 171  0
25 160 219 164 20 196 262 85 114 251 168 163  1
9 156 1242 1555 36 1484 2918 237 900 2762 469 157  2
9 159 391 424 20 508 1014 101 404 1354 243 158  3
9 151 143 0 20 92 22 85 85 140 154 149  4
25 161 219 87 36 196 118 85 650 1607 265 163  5
25 151 168 29 20 108 70 85 438 1176 218 153  6
25 152 147 0 20 92 38 85 87 121 158 158  7
25 155 209 63 20 124 86 85 84 110 151 151  8
25 163 189 31 20 124 70 85 85 115 155 157  9
9 160 147 0 20 76 22 69 80 115 156 158  10
25 152 143 0 20 92 22 85 78 118 152 10000  11
Chip#2
239 94 194 72 22 259 117 123 156 146 137 91  0
239 98 194 73 34 259 123 134 160 151 145 95  1
239 99 194 81 34 259 130 133 166 156 152 98  2
239 98 226 444 155 259 451 318 168 351 397 100  3
239 98 273 651 332 259 491 439 167 360 390 102  4
239 94 190 120 48 259 133 135 160 151 145 90  5
239 95 203 228 103 259 135 141 169 160 157 103  6
239 95 248 514 302 259 138 142 166 161 158 98  7
239 191 200 197 67 259 131 141 169 157 152 102  8
239 96 193 78 37 259 128 134 166 160 153 97  9
239 96 194 77 35 259 132 144 164 161 161 100  10
239 91 192 74 35 259 123 128 160 147 140 15000  11

Chip#1
41 169 143 0 36 76 38 85 86 121 161 180  0
25 159 219 158 20 196 262 85 110 296 164 161  1
25 156 1243 1537 52 1476 2902 237 896 2760 469 159  2
9 155 384 424 20 492 1014 101 397 1275 240 157  3
25 160 150 5 20 76 38 85 93 142 160 158  4
25 153 219 73 20 108 102 85 643 1531 259 159  5
25 156 163 19 36 108 70 85 442 1173 218 156  6
76 145 132 0 20 92 38 136 83 108 150 150  7
25 163 213 65 36 124 86 85 92 123 156 159  8
9 155 182 30 20 108 54 69 82 115 156 158  9
9 156 139 0 20 76 22 69 85 113 152 150  10
25 155 138 0 36 92 38 85 87 113 155 10000  11
Chip#2
239 101 198 74 29 259 121 135 167 153 148 98  0
239 191 201 140 38 259 127 136 168 156 147 102  1
239 89 187 124 24 259 119 128 155 147 142 89  2
239 96 225 444 158 259 451 318 166 353 399 102  3
239 92 270 649 329 259 475 441 163 362 384 98  4
239 93 194 126 43 259 139 138 165 157 148 90  5
239 191 209 237 108 259 138 143 172 165 162 100  6
239 96 234 519 302 259 132 149 167 163 163 100  7
239 98 199 188 63 259 124 135 166 152 148 97  8
239 94 195 79 35 259 128 137 167 156 153 94  9
239 191 206 89 46 259 144 151 172 167 171 107  10
239 92 195 74 32 259 124 131 163 148 142 15000  11

Chip#1
41 163 140 0 20 92 22 85 80 113 158 173  0
25 155 219 154 20 196 262 85 108 251 165 155  1
9 153 1236 1488 52 1472 2918 237 899 2772 471 151  2
25 161 391 424 36 508 1030 101 407 1361 243 159  3
25 155 143 0 20 92 38 85 88 139 157 152  4
25 152 219 69 36 124 102 85 639 1602 259 153  5
25 156 165 23 36 108 70 85 437 1175 218 149  6
25 157 146 3 36 92 38 85 89 119 160 150  7
25 155 211 66 36 124 86 85 88 115 156 159  8
25 153 180 27 20 108 70 136 80 108 152 148  9
25 155 138 0 20 76 38 134 74 112 146 148  10
25 153 134 0 20 76 22 85 84 112 148 10000  11
Chip#2
239 93 192 72 26 259 119 124 160 200 141 92  0
239 98 198 81 33 259 125 133 167 156 147 98  1
239 98 200 140 36 259 128 136 168 159 152 98  2
239 191 246 453 157 259 451 318 170 352 400 102  3
239 98 278 658 336 259 491 447 173 371 394 102  4
239 191 200 188 51 259 143 141 167 160 156 99  5
239 191 211 241 109 259 138 145 170 171 167 105  6
239 92 244 517 295 259 132 137 162 162 158 89  7
239 94 197 188 61 259 125 134 163 151 147 94  8
239 101 198 83 37 259 131 140 168 158 160 100  9
239 92 194 76 31 259 129 144 162 156 158 97  10
239 102 204 83 42 259 130 144 170 161 156 15000  11
