
Chip#1
105 104 111 111 114 105 103 99 102 108 106 103  0
105 102 110 151 164 115 102 102 104 105 102 99  1
104 98 107 144 164 113 101 96 101 96 107 100  2
100 95 102 111 113 105 97 89 95 98 94 92  3
100 100 110 151 149 108 102 97 101 99 100 99  4
100 99 107 139 140 108 102 95 100 99 99 94  5
108 108 107 103 100 100 95 93 94 94 94 93  6
164 155 112 102 106 107 102 94 104 98 94 95  7
152 139 111 109 108 106 102 96 102 96 104 100  8
132 112 106 108 105 107 103 99 102 103 102 100  9
150 142 108 105 101 100 102 94 99 94 96 94  10
141 134 107 106 107 105 100 96 100 100 96 15000  11
Chip#2
77 98 96 95 99 91 93 95 99 99 96 100  0
81 99 96 109 129 99 97 97 99 99 99 100  1
81 100 97 129 153 96 91 92 99 99 90 100  2
112 105 106 104 105 99 97 102 99 108 99 113  3
78 93 91 110 124 87 93 90 99 93 88 94  4
112 108 102 125 144 104 98 102 99 105 102 107  5
82 105 103 97 98 96 98 96 99 100 97 105  6
112 162 108 97 98 98 98 98 99 98 97 105  7
112 149 101 94 98 93 98 95 99 93 95 97  8
112 108 104 100 103 102 100 101 99 101 100 107  9
112 155 109 94 94 96 94 92 99 99 94 100  10
112 133 100 97 94 93 97 93 99 99 97 15000  11
