
Chip#1
103 105 110 132 140 112 104 100 104 107 105 102  0
109 107 116 349 383 168 107 99 102 103 99 98  1
98 97 109 318 375 135 103 97 100 102 100 95  2
110 102 111 157 169 114 107 108 108 107 104 105  3
112 108 126 362 367 135 112 104 110 107 105 99  4
110 107 121 301 316 127 106 105 106 109 106 103  5
165 179 119 118 119 112 107 104 110 112 102 103  6
411 424 147 106 112 104 99 95 101 107 99 95  7
331 335 139 116 113 109 111 108 109 110 107 105  8
170 179 111 103 106 107 103 97 103 104 101 96  9
354 368 158 109 107 104 102 94 101 107 101 98  10
281 279 119 100 102 100 104 94 100 104 100 15000  11
Chip#2
90 107 107 104 103 104 105 102 99 106 100 110  0
81 101 100 196 274 104 96 97 99 102 99 103  1
81 106 100 312 455 116 101 98 99 100 100 94  2
112 104 106 113 134 102 96 101 99 105 100 108  3
82 105 97 226 332 106 100 93 99 102 97 103  4
82 102 102 261 394 109 98 101 99 100 98 103  5
88 112 106 100 105 103 101 102 99 105 99 104  6
204 461 147 95 98 100 97 95 99 101 94 97  7
189 417 147 93 96 97 101 97 99 99 97 97  8
112 132 104 103 101 104 102 101 99 102 98 113  9
197 461 179 102 105 104 107 100 99 106 103 107  10
151 294 132 102 104 98 101 101 99 101 102 15000  11
