
Chip#1
215 150 117 113 112 116 125 122 122 114 124 165  0
118 118 509 687 128 337 788 136 188 614 138 121  1
109 122 509 687 226 337 788 517 2498 614 1038 115  2
104 115 1227 1947 123 1460 3381 178 1076 3891 399 113  3
103 104 110 120 115 117 125 117 129 187 117 102  4
103 109 285 314 115 214 302 125 1717 187 439 110  5
104 106 160 180 115 165 212 118 1162 3401 317 109  6
111 115 111 119 122 120 122 121 121 121 113 106  7
106 109 240 245 115 201 225 114 119 107 102 99  8
105 109 186 180 114 187 220 116 109 108 102 100  9
96 102 96 96 97 98 102 102 101 96 94 89  10
111 110 106 108 111 103 109 105 108 108 103 15000  11
Chip#2
120 120 112 110 113 109 107 104 109 110 110 112  0
120 122 116 107 113 110 108 109 109 110 111 115  1
113 109 104 104 107 103 105 102 99 109 107 109  2
115 118 147 563 287 135 691 495 113 465 568 125  3
99 105 194 942 528 143 894 670 106 548 604 119  4
102 104 101 185 134 99 136 116 98 110 113 98  5
114 112 115 314 208 111 119 117 107 119 128 112  6
109 110 164 755 502 108 131 131 106 121 139 111  7
103 101 107 216 163 102 102 103 100 104 105 101  8
111 106 106 105 107 106 108 109 104 110 119 108  9
112 106 106 109 110 107 122 126 102 120 138 111  10
113 114 107 107 111 106 112 111 105 111 114 15000  11
