
Chip#1
140 131 121 133 132 119 126 119 114 129 147 108  0
206 206 149 258 274 143 231 229 135 243 236 125  1
183 189 140 249 270 140 231 228 139 252 245 125  2
150 137 121 146 164 119 137 133 114 143 147 112  3
242 231 150 297 292 144 231 225 135 281 276 121  4
213 202 136 258 265 131 222 226 138 289 281 130  5
172 159 130 140 143 125 143 129 125 151 163 115  6
354 350 172 257 246 131 231 218 164 304 291 127  7
305 292 152 252 243 136 231 221 164 323 320 135  8
175 179 128 150 171 121 140 127 114 157 163 109  9
330 327 176 237 218 136 207 187 164 253 219 121  10
283 271 148 208 191 130 191 183 136 247 225 15000  11
Chip#2
128 113 113 105 106 110 107 104 99 112 111 117  0
164 262 147 258 339 119 260 261 100 278 244 114  1
233 461 179 373 567 133 419 383 114 412 312 114  2
128 163 124 123 148 115 128 121 114 137 122 113  3
199 376 163 271 405 122 317 340 98 346 328 115  4
238 532 195 345 535 136 355 364 108 355 296 115  5
144 141 118 115 124 119 121 119 108 128 125 110  6
307 824 222 284 457 127 357 384 109 619 520 114  7
294 778 214 252 382 122 282 296 105 385 331 114  8
128 167 119 123 133 119 130 127 102 168 143 117  9
303 872 276 258 414 127 313 346 116 605 442 115  10
238 556 179 180 276 123 194 217 105 290 245 15000  11
