
Chip#1
73 182 155 8 20 92 38 85 95 127 178 193  0
25 159 382 356 36 284 614 101 155 575 190 170  1
25 172 2746 3504 188 3676 3938 473 2287 3902 1026 172  2
9 163 731 1004 36 1107 2766 203 974 3467 429 169  3
25 167 165 13 36 92 54 85 110 191 180 169  4
9 159 219 103 20 196 134 85 1580 3899 449 166  5
9 155 181 38 36 124 86 85 1077 3007 343 163  6
25 157 151 3 20 92 38 85 98 124 164 160  7
9 168 219 92 20 196 102 85 96 121 160 160  8
9 157 217 45 20 196 102 85 87 121 163 159  9
9 159 154 4 20 76 38 69 89 113 156 158  10
41 175 161 10 36 92 54 85 93 131 174 15000  11
Chip#2
239 191 206 81 42 259 130 134 162 157 147 103  0
239 191 199 140 37 259 125 131 162 156 143 98  1
239 95 204 82 40 259 127 136 168 162 154 98  2
239 96 259 586 245 259 507 442 168 389 435 105  3
239 95 308 903 444 259 707 470 172 408 428 102  4
239 191 199 197 55 259 145 139 160 156 145 97  5
239 88 204 278 122 259 129 134 160 154 153 88  6
239 191 266 676 393 259 141 142 162 216 161 92  7
239 98 207 197 81 259 130 135 165 160 149 98  8
239 191 208 140 41 259 135 148 174 168 160 104  9
239 191 206 92 48 259 143 159 174 172 176 108  10
239 92 200 79 37 259 127 137 163 158 151 15000  11
