
Chip#1
112 110 108 112 109 110 109 107 111 108 102 111  0
105 101 103 112 102 105 109 102 107 101 98 101  1
109 106 142 158 109 141 175 113 134 183 116 107  2
109 102 105 123 103 115 132 105 121 140 105 99  3
105 104 104 112 108 108 112 108 108 104 106 107  4
103 100 165 184 102 140 173 110 121 152 105 101  5
106 101 128 132 101 123 139 108 124 141 102 105  6
112 106 108 115 103 110 116 111 114 101 103 107  7
105 106 153 161 104 140 147 108 109 104 98 106  8
103 101 133 135 102 140 149 107 107 103 98 106  9
110 110 104 109 103 103 112 107 104 107 105 106  10
108 104 104 108 107 107 106 108 107 101 102 15000  11
Chip#2
102 104 100 104 106 99 104 102 100 97 102 103  0
104 106 105 100 110 103 106 105 101 102 104 105  1
110 115 109 109 111 112 112 106 108 108 107 106  2
105 104 101 109 105 99 110 104 100 95 107 101  3
107 111 105 118 118 106 118 109 101 110 110 109  4
107 110 110 110 108 107 112 105 105 102 107 108  5
109 111 110 109 111 112 114 110 106 108 114 106  6
104 106 106 115 112 102 113 112 101 104 118 105  7
105 105 104 107 105 102 104 104 102 101 102 104  8
107 108 112 109 110 109 110 112 108 108 112 109  9
107 109 103 107 111 106 116 113 106 111 121 106  10
109 109 110 108 110 111 113 110 102 105 116 15000  11
