
Chip#1
111 110 105 109 110 104 108 108 109 109 106 104  0
110 111 114 121 109 114 123 109 109 120 106 104  1
108 106 179 215 114 178 252 117 163 254 124 102  2
104 104 119 140 105 129 161 108 128 188 101 100  3
109 105 109 119 109 108 114 110 107 107 100 101  4
112 111 258 281 111 191 252 115 153 222 116 107  5
109 106 154 166 110 156 192 110 144 190 108 109  6
105 102 105 108 109 103 108 103 107 100 98 101  7
104 101 209 212 104 171 196 107 108 101 97 105  8
109 107 165 165 107 166 189 108 109 101 102 99  9
106 109 110 110 105 103 113 109 106 107 98 99  10
111 110 111 110 114 110 109 113 112 108 105 15000  11
Chip#2
107 106 104 98 107 104 105 105 105 104 102 104  0
105 105 105 100 108 104 100 104 102 101 100 104  1
117 113 112 109 112 113 112 113 110 111 111 114  2
116 118 115 122 121 113 126 124 110 118 124 110  3
107 113 115 131 130 107 133 124 107 119 121 110  4
103 105 105 103 104 106 106 103 99 103 105 106  5
111 105 104 107 112 109 114 111 106 114 123 108  6
106 105 106 128 123 109 123 123 102 119 130 109  7
111 109 109 115 113 107 111 112 107 109 110 109  8
106 108 105 102 108 104 108 110 104 107 116 105  9
109 109 106 105 110 111 125 133 111 125 133 116  10
116 105 109 100 111 106 111 116 105 107 111 15000  11
