
Chip#1
113 116 114 129 115 115 110 112 106 115 114 116  0
113 116 115 129 114 117 106 114 105 112 115 113  1
109 114 114 129 115 113 109 113 108 113 116 116  2
116 118 111 115 113 117 111 114 110 117 118 121  3
112 112 113 111 114 115 107 110 109 112 116 118  4
115 124 119 145 116 120 116 117 113 120 123 122  5
113 118 113 129 114 117 114 116 113 113 120 121  6
115 120 116 129 116 120 111 116 107 112 119 114  7
113 116 111 129 114 117 111 105 105 110 116 120  8
115 114 116 129 113 118 115 112 107 115 119 116  9
112 113 110 129 109 116 106 109 105 110 110 116  10
117 120 120 129 118 122 116 118 113 117 122 15000  11
Chip#2
112 110 111 104 118 114 123 111 106 113 114 114  0
112 110 111 106 114 115 121 111 108 113 116 113  1
114 111 114 105 118 112 123 105 110 107 113 111  2
109 109 106 105 117 111 123 109 105 113 112 113  3
114 113 114 110 121 119 127 109 112 114 116 115  4
109 110 109 108 111 114 123 106 104 112 111 111  5
114 113 114 112 117 119 125 115 113 118 117 118  6
112 110 115 108 115 118 124 111 108 114 117 115  7
115 115 120 112 124 120 123 115 108 117 116 119  8
112 107 115 106 114 117 120 109 105 114 113 117  9
114 105 109 105 115 114 119 111 100 107 111 115  10
122 115 121 113 121 121 132 115 113 120 118 15000  11
