
Chip#1
332 363 387 432 395 355 331 390 431 284 320 323  0
331 363 386 427 395 355 331 389 429 279 323 321  1
334 329 383 432 395 355 331 389 434 289 327 328  2
338 363 388 435 395 355 331 390 437 289 325 334  3
332 326 382 432 395 355 331 389 428 282 325 326  4
339 326 386 436 395 355 331 389 435 287 330 333  5
334 323 384 433 379 355 331 389 425 283 318 327  6
335 363 385 435 395 355 347 390 429 286 326 325  7
331 323 384 430 395 355 331 389 427 283 324 324  8
333 320 384 429 395 355 331 389 424 282 319 326  9
335 328 389 435 395 355 347 390 436 285 328 332  10
339 325 388 434 395 355 331 389 436 285 328 15000  11
Chip#2
195 415 284 379 363 363 351 379 395 331 314 408  0
925 2618 291 1036 1723 379 841 1021 380 651 534 410  1
1367 3003 294 2017 2890 379 2147 2827 383 3803 3739 407  2
206 425 290 379 363 379 363 403 381 363 332 410  3
1790 2110 292 1915 1794 379 1467 1473 381 1237 774 406  4
1691 2235 290 2363 2299 379 2555 2884 384 3995 2667 407  5
208 430 289 395 387 379 391 425 383 347 321 408  6
2403 2411 299 1899 1387 379 1723 1212 387 1758 954 414  7
2203 2475 291 2187 1567 379 2987 2155 384 1758 2403 409  8
206 423 288 379 363 363 355 390 383 331 315 404  9
2811 2104 291 3195 1467 363 2683 989 384 1979 555 409  10
1581 1403 287 2866 1305 379 3939 1643 382 3275 875 15000  11
