
Chip#1
111 117 113 108 111 108 103 113 112 112 106 114  0
111 112 110 101 104 108 102 108 108 112 107 106  1
113 123 174 160 114 152 179 117 146 187 113 114  2
109 127 798 814 122 737 987 138 739 969 136 109  3
107 122 500 538 115 479 635 122 518 656 120 107  4
104 113 140 138 101 115 115 106 117 124 105 103  5
111 127 680 732 122 120 121 111 118 126 109 107  6
104 114 577 615 115 112 106 100 104 112 98 99  7
105 110 126 122 108 106 98 108 105 109 104 105  8
104 109 106 105 100 112 115 107 102 115 101 103  9
107 112 104 94 105 110 113 107 106 118 102 107  10
105 113 104 102 103 102 96 104 101 104 103 105  11
Chip#2
103 108 106 109 109 110 97 110 111 110 108 117  0
111 118 117 114 121 112 104 118 113 115 116 122  1
100 109 110 107 108 103 99 107 106 115 106 112  2
107 115 116 106 115 119 104 112 117 117 111 116  3
102 108 110 106 114 116 95 107 115 106 103 104  4
104 130 143 110 114 113 104 110 113 113 109 110  5
117 959 1120 135 119 118 109 119 119 114 114 119  6
116 1132 1301 135 129 127 104 116 124 113 113 115  7
112 182 196 119 153 140 108 132 130 118 114 117  8
113 876 1040 123 795 923 104 745 790 113 104 112  9
121 1239 1340 139 1433 1580 125 1314 1535 130 108 110  10
116 182 191 119 220 217 104 224 246 119 116 123  11
