
Chip#1
98 95 93 97 95 101 106 98 97 95 98 95  0
103 105 105 107 103 109 114 107 108 103 103 104  1
105 100 119 123 102 124 138 109 116 136 103 100  2
108 104 105 114 103 110 116 103 114 120 106 106  3
108 101 120 123 103 114 130 103 108 101 105 99  4
106 102 541 551 104 559 940 129 116 121 102 99  5
102 100 279 288 102 345 563 111 108 115 103 96  6
105 97 115 120 105 106 112 102 108 101 101 100  7
111 111 698 666 109 371 441 112 113 105 105 107  8
102 102 464 415 97 368 430 103 104 97 97 99  9
108 99 100 103 100 101 104 101 100 97 96 96  10
116 107 107 108 107 107 116 107 106 101 105 15000  11
Chip#2
109 114 110 107 112 109 106 105 102 104 106 111  0
107 109 107 108 111 111 110 106 104 101 110 111  1
103 103 103 100 105 107 100 97 98 95 101 104  2
100 105 104 107 106 103 110 104 101 98 109 101  3
103 104 105 113 113 103 111 106 98 103 107 106  4
110 109 110 109 110 107 106 106 102 103 106 109  5
120 111 116 114 118 117 206 202 112 155 196 119  6
109 109 110 118 116 113 368 359 107 189 260 117  7
103 99 103 103 104 101 126 123 99 99 110 103  8
107 104 100 102 106 107 132 144 100 138 201 110  9
101 104 101 97 102 101 198 243 105 208 350 137  10
109 108 107 107 111 108 126 137 104 112 147 15000  11
