
Chip#1
115 118 118 110 106 113 100 105 106 109 119 120  0
117 114 109 129 106 112 98 106 105 110 115 116  1
108 114 114 129 105 118 106 110 110 109 109 111  2
116 120 495 408 109 565 457 114 526 401 116 112  3
111 116 514 438 111 406 305 109 361 280 114 108  4
112 118 115 129 110 115 104 106 107 117 114 111  5
119 122 396 401 119 144 127 113 132 135 125 124  6
107 114 353 347 110 126 115 108 113 113 112 105  7
108 110 110 129 106 115 104 105 112 108 114 111  8
104 106 109 129 106 127 116 101 120 119 108 107  9
108 113 111 129 104 122 109 104 114 115 112 111  10
107 110 113 129 109 117 100 102 108 108 110 15000  11
Chip#2
104 103 98 104 110 105 116 98 94 103 106 109  0
104 101 97 104 107 104 111 95 97 101 99 101  1
101 101 95 100 103 101 113 94 93 98 102 102  2
108 105 97 101 113 135 132 104 112 112 108 106  3
102 98 98 97 105 118 116 98 102 102 99 100  4
102 105 97 100 107 110 113 95 98 102 102 102  5
102 99 172 143 104 111 117 95 102 106 99 105  6
108 105 158 136 113 117 117 101 108 112 108 108  7
107 99 95 101 107 108 111 94 96 102 100 100  8
114 106 211 178 111 229 198 102 184 167 108 109  9
108 109 188 155 111 200 173 102 164 155 107 110  10
112 106 100 105 113 117 116 104 102 106 108 15000  11
