
Chip#1
118 115 118 108 119 118 121 123 115 109 113 116  0
111 113 117 108 124 116 113 127 118 108 117 111  1
114 124 122 106 140 133 111 152 141 109 142 119  2
115 111 119 108 124 122 119 124 118 113 118 113  3
112 118 120 108 132 127 119 123 119 106 128 116  4
123 136 139 108 132 140 130 144 133 121 166 134  5
117 111 122 108 117 122 121 125 112 111 115 113  6
115 120 123 108 124 124 117 130 117 111 126 118  7
115 126 128 108 131 129 116 131 126 109 133 118  8
113 115 113 108 119 124 119 115 116 111 112 113  9
111 120 122 108 128 125 117 131 124 109 118 111  10
113 123 127 107 132 125 119 130 122 108 125 114  11
Chip#2
191 203 233 251 250 232 246 234 227 233 233 297  0
191 203 277 251 250 270 246 234 264 3033 1909 264  1
191 203 280 251 250 287 246 234 292 3033 1909 282  2
278 282 276 311 310 267 310 308 267 489 437 261  3
278 282 286 311 310 295 310 308 297 489 437 269  4
278 282 291 311 310 296 310 308 316 489 437 277  5
294 295 278 320 315 276 334 322 286 348 323 267  6
294 295 296 320 315 285 334 322 296 348 323 269  7
294 295 301 320 315 296 334 322 336 348 323 272  8
326 294 277 318 307 270 334 303 270 340 310 260  9
326 294 299 318 307 281 334 303 300 340 2473 272  10
326 294 297 318 307 298 334 303 385 340 2473 311  11
