
Chip#1
112 108 115 102 102 104 109 102 105 112 108 110  0
103 108 115 108 109 111 116 104 111 101 115 118  1
109 105 104 104 103 106 106 102 107 100 101 112  2
108 107 111 105 106 104 117 107 115 106 107 115  3
100 107 109 105 106 111 108 111 109 112 105 112  4
109 109 111 110 115 107 110 110 115 108 107 118  5
114 102 117 107 109 105 118 107 115 109 112 117  6
114 104 118 110 107 105 114 105 106 106 109 111  7
108 111 112 104 109 113 107 107 109 111 109 118  8
111 111 117 107 104 105 112 108 106 112 109 114  9
112 120 118 114 112 115 117 110 120 111 109 122  10
116 116 120 108 113 114 117 111 103 113 104 15000  11
Chip#2
137 137 141 139 147 147 148 151 149 148 149 146  0
147 167 159 155 163 165 161 161 169 160 154 158  1
149 167 155 155 163 165 166 169 170 164 160 162  2
153 167 165 155 172 168 169 172 174 168 162 169  3
148 167 155 155 169 159 162 169 173 167 159 163  4
148 167 159 155 171 168 168 169 176 169 165 162  5
160 183 166 171 179 206 179 181 183 176 170 168  6
161 199 170 171 184 206 180 181 189 178 178 179  7
153 167 164 155 178 190 177 183 179 175 168 169  8
159 183 172 171 178 206 177 182 181 180 169 174  9
156 183 160 155 170 190 171 171 176 170 169 166  10
154 167 153 139 167 162 168 171 175 167 159 15000  11
