
Chip#1
122 121 115 129 110 113 111 106 106 113 119 126  0
119 112 106 110 105 110 100 102 101 108 108 112  1
108 107 105 107 102 112 102 98 106 110 108 109  2
113 113 610 506 115 705 567 117 636 476 116 116  3
109 112 633 549 111 496 373 109 427 317 104 111  4
112 118 111 129 110 117 105 109 107 114 110 113  5
112 112 488 490 110 140 130 109 129 129 109 112  6
113 116 451 442 113 144 136 115 125 124 111 112  7
112 121 119 129 115 120 108 114 110 113 116 117  8
115 122 119 129 116 150 142 112 141 142 118 117  9
112 117 113 129 111 136 124 112 124 128 114 117  10
112 112 109 129 113 112 108 110 105 108 111 15000  11
Chip#2
109 106 105 108 115 117 123 105 106 113 112 110  0
109 111 106 109 117 118 121 108 104 113 112 114  1
115 114 109 110 120 120 127 106 114 113 111 114  2
112 113 108 106 117 181 164 108 130 128 112 113  3
111 106 111 109 117 162 147 105 117 121 114 111  4
105 107 105 106 113 115 119 99 103 109 104 108  5
112 113 256 205 114 130 132 105 129 125 112 110  6
112 111 212 169 117 131 129 109 122 122 111 113  7
107 106 108 108 115 118 121 105 104 109 111 110  8
109 113 312 250 118 335 280 106 262 235 110 108  9
112 118 272 212 118 278 228 111 222 213 112 117  10
114 110 108 109 114 119 121 106 109 112 114 15000  11
