
Chip#1
108 106 99 102 104 101 102 105 103 100 102 102  0
103 99 99 107 103 101 111 101 102 111 97 96  1
104 106 166 196 107 164 220 115 157 238 119 104  2
106 112 125 138 114 128 151 114 126 176 113 105  3
101 106 106 115 105 105 108 111 104 104 100 100  4
102 106 220 236 109 166 218 107 137 190 102 96  5
109 102 138 153 101 136 167 107 128 178 108 96  6
97 96 100 99 96 94 99 104 96 92 92 92  7
104 105 187 194 109 162 176 111 107 107 102 100  8
108 107 154 154 108 157 178 105 106 101 102 102  9
106 106 103 108 110 109 111 111 108 107 101 102  10
116 109 106 112 109 108 109 112 107 107 109 15000  11
Chip#2
106 105 98 98 101 99 101 99 99 96 102 105  0
103 108 101 103 102 102 101 102 100 102 100 106  1
105 111 104 102 105 102 100 106 101 97 104 105  2
112 113 110 116 116 106 125 116 107 112 118 110  3
105 109 106 123 118 103 120 117 99 111 114 105  4
112 113 107 109 105 108 110 105 107 105 104 108  5
110 114 109 114 112 111 119 112 108 112 124 109  6
110 110 107 125 119 107 125 120 107 117 133 110  7
106 108 107 109 108 106 106 110 102 104 109 105  8
109 115 107 105 110 108 113 112 105 104 118 109  9
97 104 101 100 100 99 113 117 98 107 125 103  10
115 120 107 105 108 107 112 110 111 104 114 15000  11
