
Chip#1
104 113 114 129 107 115 109 113 109 113 122 120  0
109 112 107 111 109 111 104 108 107 113 112 112  1
111 113 116 129 111 118 116 116 110 117 123 120  2
113 117 111 129 115 112 109 117 108 119 120 121  3
111 111 109 129 106 115 111 110 106 112 115 118  4
113 116 113 129 109 117 110 109 108 114 118 118  5
113 112 110 129 111 115 111 108 104 108 114 117  6
115 114 119 129 116 115 110 114 113 113 116 118  7
111 113 110 114 109 108 109 110 106 108 116 116  8
112 110 118 129 111 110 108 110 107 112 115 120  9
116 113 118 129 110 116 109 113 109 114 118 122  10
120 118 119 129 115 118 110 117 112 119 122 15000  11
Chip#2
122 111 115 112 117 123 124 118 113 118 118 122  0
111 109 108 105 117 112 119 104 108 110 110 114  1
119 113 117 110 118 123 128 109 110 114 116 121  2
118 109 115 109 115 118 125 111 113 113 114 114  3
115 110 117 109 118 115 123 112 109 114 113 114  4
115 111 114 114 117 118 123 108 112 113 118 114  5
117 109 106 106 114 117 123 109 110 110 113 118  6
111 105 112 106 115 118 119 109 108 112 112 113  7
122 117 117 115 123 121 129 115 113 121 122 124  8
115 111 112 112 114 117 123 112 109 117 118 115  9
114 114 114 109 117 115 123 111 109 116 117 115  10
122 115 115 112 120 121 129 112 110 117 116 15000  11
