
Chip#1
111 114 119 104 100 105 111 108 105 111 104 108  0
110 430 647 105 595 582 114 532 270 107 380 163  1
110 583 817 105 753 713 115 472 264 108 503 211  2
116 123 128 116 116 115 121 116 130 110 117 124  3
108 440 535 102 643 584 112 598 344 110 715 318  4
102 385 413 105 480 420 110 473 277 108 542 251  5
110 112 113 105 112 111 110 118 110 108 108 112  6
110 458 590 113 600 476 116 623 409 112 586 298  7
117 371 502 107 491 378 122 504 307 115 526 246  8
107 119 128 113 110 115 114 116 113 118 116 119  9
111 472 628 113 535 454 114 540 357 108 540 274  10
104 297 412 114 437 403 115 411 265 108 326 15000  11
Chip#2
120 129 130 123 144 141 134 140 142 137 134 130  0
120 2998 3313 139 3294 141 149 2626 2636 145 2354 1804  1
123 2577 2700 139 2669 3575 144 2298 2423 148 3135 2627  2
128 138 144 139 151 148 142 150 149 146 146 146  3
137 3339 144 139 3227 3549 151 2893 3240 156 3369 2173  4
136 1846 2296 155 2297 2326 152 2478 2759 157 2865 2065  5
132 166 151 155 153 149 146 153 161 148 148 145  6
152 166 151 171 153 3501 154 3241 2986 157 3695 2109  7
131 1635 2188 155 2389 2024 146 2733 2136 148 3321 1759  8
132 166 151 139 152 149 145 155 168 147 144 146  9
136 166 151 155 152 3568 151 155 3167 155 144 1885  10
144 1510 1868 155 1648 1254 156 1945 1309 161 3189 15000  11
