
Chip#1
263 304 363 363 398 307 464 385 448 391 471 363  0
264 315 400 411 408 319 471 389 452 392 486 363  1
261 308 394 404 404 314 468 389 450 388 477 363  2
268 312 407 412 409 311 472 393 461 396 484 363  3
264 309 406 416 413 317 475 399 455 401 484 363  4
259 312 363 407 406 312 466 394 451 391 480 363  5
261 303 396 400 401 308 468 385 447 388 478 363  6
262 305 403 412 405 311 474 390 450 391 492 363  7
267 310 412 415 411 313 470 363 452 402 480 363  8
266 312 404 405 404 311 465 387 449 395 484 363  9
265 314 399 408 403 315 472 394 460 396 483 363  10
273 314 399 408 403 388 474 392 455 395 475 15000  11
Chip#2
318 375 310 347 355 380 304 332 411 381 258 355  0
311 374 307 331 355 383 300 334 417 329 252 355  1
314 374 308 347 355 387 303 333 414 329 260 355  2
315 374 312 347 355 389 310 335 416 363 258 355  3
320 375 320 363 355 397 314 347 429 379 265 355  4
327 374 330 363 355 399 317 352 434 380 277 355  5
319 375 317 363 355 396 311 345 427 379 264 355  6
320 375 314 347 355 398 308 342 429 378 266 355  7
323 375 322 363 355 400 363 352 433 381 273 363  8
319 375 315 363 355 391 315 348 427 380 315 355  9
321 374 320 347 355 391 313 345 426 380 270 355  10
330 375 326 363 355 401 363 352 437 381 272 15000  11
