
Chip#1
106 102 97 104 107 103 104 109 102 101 101 100  0
101 105 104 106 104 106 107 109 100 108 96 101  1
104 105 147 169 107 145 185 113 138 190 112 101  2
99 105 113 124 102 115 136 105 119 152 102 98  3
103 101 105 108 104 105 111 105 107 107 100 98  4
104 102 183 204 105 147 188 109 128 171 102 98  5
106 111 138 142 109 138 160 117 132 167 108 106  6
103 106 102 103 105 104 105 107 103 101 98 99  7
108 112 166 172 110 153 161 114 109 107 106 107  8
98 100 134 136 101 140 150 105 101 100 92 96  9
105 109 103 108 104 106 109 111 104 99 101 100  10
105 104 98 104 108 106 105 101 104 101 101 15000  11
Chip#2
116 117 107 108 110 112 110 109 108 110 111 109  0
107 104 104 104 105 103 104 105 100 108 106 105  1
109 109 105 104 105 111 110 109 102 111 111 114  2
107 108 101 109 110 106 114 111 99 107 111 106  3
97 101 99 114 108 101 111 114 96 107 110 100  4
103 104 100 102 101 99 104 99 98 102 97 99  5
102 101 100 104 110 102 104 104 95 103 110 103  6
109 106 103 118 118 107 118 118 104 118 125 106  7
109 104 106 108 111 107 108 110 105 104 110 106  8
105 104 101 103 105 103 107 106 104 107 110 104  9
107 106 105 107 106 107 117 119 100 117 126 114  10
104 103 100 103 104 103 107 106 101 104 104 15000  11
