
Chip#1
122 121 126 125 106 111 119 115 121 124 114 122  0
114 120 119 110 116 122 119 109 112 112 119 116  1
105 116 112 116 128 125 112 111 110 101 113 117  2
114 117 122 114 113 114 115 111 119 116 109 113  3
107 112 113 110 130 131 116 112 107 113 112 113  4
110 123 119 116 127 125 112 117 121 115 115 116  5
113 110 112 108 107 109 127 109 110 110 128 120  6
117 110 122 117 122 114 114 105 115 110 112 117  7
119 120 125 114 121 116 118 114 116 115 117 120  8
116 120 122 107 113 112 118 112 115 122 120 119  9
123 134 123 120 116 119 121 118 128 116 121 129  10
123 126 126 119 115 119 127 119 119 122 117 15000  11
Chip#2
93 93 97 102 99 96 100 99 100 94 100 99  0
94 97 98 99 107 106 104 101 99 95 99 99  1
97 101 96 104 103 99 101 101 101 97 95 99  2
101 103 102 106 105 103 103 106 105 103 103 104  3
97 102 97 109 104 100 103 103 102 98 98 99  4
98 96 94 105 105 101 94 103 99 95 97 99  5
94 99 95 102 101 96 96 101 98 93 97 102  6
105 104 105 111 111 105 108 107 108 101 106 107  7
99 106 98 109 107 103 105 103 104 98 100 103  8
106 108 103 115 104 105 110 107 107 101 107 107  9
100 111 106 109 105 102 102 112 103 100 103 107  10
101 102 100 104 107 102 102 106 104 98 100 15000  11
