
Chip#1
105 110 102 107 105 109 115 103 109 101 106 110  0
106 101 106 110 98 104 113 107 107 107 105 107  1
112 109 134 152 107 133 165 115 137 175 116 108  2
105 109 111 125 108 117 131 105 122 138 105 105  3
108 111 107 115 109 112 114 107 113 105 105 110  4
105 109 160 174 107 141 167 112 131 152 102 102  5
105 104 120 129 103 126 143 104 118 145 107 100  6
104 106 103 108 103 101 108 105 109 97 100 100  7
106 105 144 148 101 132 144 103 104 101 101 104  8
105 102 128 136 101 128 144 103 104 100 100 101  9
108 107 105 107 103 105 109 108 108 105 105 107  10
111 101 103 104 104 106 106 104 106 101 101 15000  11
Chip#2
105 105 103 105 107 106 105 100 101 102 107 105  0
97 103 98 98 99 96 100 93 96 91 99 95  1
103 105 99 104 106 102 104 98 99 95 101 99  2
103 103 103 110 106 106 107 102 100 98 105 98  3
102 108 101 115 112 107 114 109 99 105 107 103  4
106 108 104 109 104 107 106 104 100 103 106 104  5
106 105 111 112 107 108 112 110 101 108 118 106  6
103 108 107 115 111 106 113 111 98 103 118 106  7
102 104 104 108 107 104 104 102 99 96 100 101  8
103 105 105 104 106 104 105 103 99 102 106 104  9
106 105 107 103 106 106 114 117 106 104 116 110  10
105 105 107 104 101 107 106 105 101 101 106 15000  11
