
Chip#1
103 102 99 102 108 110 110 106 106 102 99 106  0
105 101 107 103 111 106 106 107 105 100 100 103  1
105 102 105 103 111 111 107 107 107 102 100 104  2
96 94 94 97 105 98 99 102 101 92 94 95  3
100 101 99 98 102 104 97 99 100 91 99 100  4
104 102 97 96 106 105 107 103 106 97 101 101  5
103 93 96 90 100 106 107 103 99 96 94 97  6
95 99 98 95 106 105 104 104 105 97 95 95  7
108 108 105 104 109 111 108 103 113 103 99 103  8
103 96 95 95 106 104 102 98 96 91 95 94  9
102 99 94 96 103 105 96 97 99 92 90 96  10
108 100 106 97 113 108 104 107 109 99 99 106  11
Chip#2
99 102 111 106 105 112 107 107 106 109 99 106  0
160 311 98 164 218 96 138 158 96 123 108 97  1
216 370 102 272 348 106 282 332 102 443 433 101  2
95 114 99 101 100 102 101 101 103 112 103 104  3
232 239 105 255 234 109 221 206 105 187 139 107  4
235 256 105 307 293 107 351 350 104 450 320 103  5
96 103 106 107 105 107 106 104 105 101 93 101  6
278 274 101 246 186 106 246 174 102 234 147 98  7
278 290 103 286 202 104 391 280 104 543 289 103  8
101 98 108 106 103 105 103 101 99 105 93 102  9
347 251 103 378 186 107 346 160 105 291 122 104  10
249 201 111 362 202 111 465 233 109 458 170 108  11
