
Chip#1
395 393 363 432 402 403 408 347 330 315 363 383  0
402 382 307 426 399 363 363 342 327 305 321 382  1
383 381 319 433 405 403 418 348 363 323 317 381  2
382 381 2390 2031 411 2831 2171 355 2636 1803 320 300  3
383 387 2459 2171 415 1931 1419 355 1675 1131 324 363  4
382 386 363 434 405 374 410 347 333 310 316 301  5
383 381 1899 1979 410 439 502 354 474 439 321 363  6
382 381 1707 1723 408 421 481 347 437 363 316 363  7
383 379 363 437 409 415 415 350 363 312 319 363  8
382 378 311 431 406 446 506 347 485 459 318 303  9
383 378 314 429 403 407 469 346 433 363 319 363  10
383 380 363 435 409 402 411 348 335 309 321 15000  11
Chip#2
411 459 311 402 404 309 300 463 347 419 342 304  0
411 459 309 402 404 310 300 465 347 419 342 303  1
473 463 314 406 407 313 303 469 363 422 344 306  2
411 462 311 406 409 468 421 464 395 441 344 302  3
411 459 311 403 409 436 398 464 379 432 344 303  4
467 460 313 407 405 310 303 463 363 418 341 302  5
411 463 578 516 403 406 380 462 379 437 342 303  6
471 463 525 480 406 363 380 463 379 433 343 307  7
469 461 315 412 409 363 380 466 379 422 346 304  8
470 471 667 619 413 744 572 470 619 583 344 307  9
471 468 602 526 405 590 504 466 608 547 347 309  10
475 465 315 403 406 315 303 465 363 424 363 15000  11
