
Chip#1
113 114 113 129 110 113 107 106 109 117 118 116  0
112 113 113 129 111 115 103 109 110 112 111 116  1
105 107 106 109 104 112 99 102 104 105 106 108  2
113 111 230 211 106 240 196 109 207 176 112 111  3
109 111 235 224 102 182 152 106 171 144 106 111  4
109 113 110 129 106 112 102 108 107 109 108 112  5
111 113 202 216 111 122 110 109 117 114 108 116  6
115 117 204 211 110 127 115 113 113 115 111 114  7
108 111 115 129 114 117 108 109 112 113 115 114  8
113 111 110 129 109 132 122 108 116 115 108 111  9
111 109 111 113 109 125 111 105 110 115 108 113  10
115 117 118 145 110 118 105 110 112 109 111 15000  11
Chip#2
115 109 103 105 118 114 123 105 103 112 112 113  0
108 109 100 104 111 110 116 101 101 107 107 108  1
115 107 105 105 115 111 119 105 101 106 108 111  2
109 107 102 104 115 115 116 102 103 107 107 109  3
115 110 108 104 117 115 119 102 106 112 108 113  4
109 101 100 101 108 105 112 94 100 101 102 102  5
107 99 115 108 108 101 113 95 101 103 104 104  6
109 106 109 108 114 107 112 102 104 105 100 106  7
112 106 103 105 114 111 116 99 100 107 106 106  8
107 107 124 113 113 127 135 99 117 117 107 105  9
111 105 118 108 108 120 125 99 108 116 108 110  10
117 113 102 108 114 110 117 104 103 112 108 15000  11
