
Chip#1
108 104 98 107 102 103 104 102 106 97 103 101  0
104 101 104 106 103 106 113 105 111 101 101 101  1
106 100 115 124 101 120 131 104 122 134 107 104  2
101 97 103 108 100 107 113 104 108 116 102 99  3
103 97 119 123 102 111 128 111 106 96 102 98  4
108 104 541 550 109 552 933 128 121 124 103 100  5
109 104 284 296 105 348 561 110 113 118 102 98  6
106 100 115 116 104 107 108 102 109 93 101 105  7
101 105 693 661 104 367 427 105 109 97 100 98  8
104 104 464 412 100 367 433 103 108 99 97 102  9
105 102 104 110 103 103 107 105 107 99 101 101  10
111 106 102 99 98 108 106 102 104 95 102 15000  11
Chip#2
109 110 105 107 111 109 108 103 100 99 102 106  0
118 111 116 115 117 116 117 109 111 110 115 117  1
115 108 109 114 117 116 111 109 108 108 110 114  2
113 113 112 119 118 112 120 113 108 108 116 110  3
115 114 117 128 124 117 128 114 111 117 121 114  4
104 108 105 104 110 107 107 102 96 102 101 103  5
115 113 115 112 118 118 305 294 106 185 268 119  6
116 118 116 129 125 126 581 580 117 284 380 130  7
115 115 115 114 122 116 154 154 112 115 135 115  8
112 113 110 107 113 118 161 182 112 178 298 125  9
115 111 111 109 116 114 310 384 119 319 561 169  10
118 114 119 112 117 114 136 159 112 130 178 15000  11
