
Chip#1
109 107 106 113 117 108 114 116 103 103 101 98  0
147 135 119 151 164 119 262 269 116 109 110 102  1
141 137 116 152 166 124 261 265 118 119 131 101  2
134 117 114 117 119 113 133 135 110 114 131 107  3
174 179 120 123 125 123 283 286 125 124 131 107  4
151 147 112 116 116 121 273 280 118 112 112 101  5
132 116 112 110 119 112 133 129 108 114 109 102  6
157 140 110 111 111 117 270 256 110 109 111 94  7
150 138 110 117 118 122 267 253 115 117 131 105  8
111 119 108 109 108 106 138 122 106 112 105 100  9
159 149 115 113 111 130 282 250 113 118 115 98  10
151 137 116 119 115 128 276 253 115 131 131 15000  11
Chip#2
128 106 107 105 108 110 103 103 102 111 104 108  0
112 109 108 100 111 105 198 210 102 107 108 105  1
128 121 113 113 124 109 330 304 102 113 109 107  2
112 115 115 108 110 110 127 118 102 112 108 117  3
112 109 101 97 104 102 215 237 102 105 102 103  4
128 123 112 104 110 111 230 248 102 111 105 107  5
112 101 97 95 98 103 105 97 102 100 98 99  6
112 113 106 102 108 108 201 220 102 105 106 107  7
112 113 109 104 108 103 170 162 102 108 105 103  8
128 109 109 100 111 114 120 124 102 111 111 109  9
112 123 113 99 106 109 317 352 102 109 106 113  10
144 118 115 102 109 111 179 210 102 109 111 15000  11
