
Chip#1
108 100 103 106 107 106 109 109 108 108 106 104  0
105 97 104 107 103 108 112 103 107 105 101 98  1
105 97 110 120 98 115 131 103 113 126 101 99  2
110 102 110 115 104 111 123 108 113 121 105 102  3
109 102 116 127 102 112 129 108 109 104 100 106  4
104 100 504 530 104 521 880 122 109 118 100 98  5
108 100 273 284 105 335 533 112 116 118 105 100  6
101 97 114 116 100 104 107 103 102 96 93 95  7
106 106 660 631 107 350 419 110 111 93 100 106  8
104 101 444 392 105 350 410 104 104 97 100 101  9
105 102 100 107 100 103 109 104 107 92 101 104  10
106 93 97 104 94 95 102 100 102 88 101 15000  11
Chip#2
105 104 109 98 105 101 101 99 99 97 101 105  0
105 104 105 100 105 101 104 100 99 97 104 101  1
102 100 103 100 105 102 100 102 98 97 104 108  2
100 103 104 105 110 101 111 102 99 97 107 103  3
109 110 111 114 118 114 116 116 106 107 111 112  4
109 108 110 105 111 107 108 106 104 101 104 109  5
107 106 110 109 111 106 185 186 105 138 177 111  6
112 109 111 119 118 112 342 329 107 182 247 119  7
110 105 111 110 113 109 128 126 105 104 116 104  8
100 104 103 100 107 106 125 137 101 134 189 110  9
106 104 103 103 108 106 190 228 106 192 325 140  10
105 105 103 101 104 103 116 125 105 109 139 15000  11
