
Chip#1
103 105 107 145 167 109 104 100 104 102 102 102  0
105 110 125 545 623 184 114 109 106 104 107 103  1
102 101 116 502 601 184 109 102 99 102 105 99  2
109 107 116 196 212 119 111 104 110 110 110 105  3
109 109 135 574 585 168 105 107 106 104 107 95  4
106 102 124 451 493 136 107 106 102 109 107 96  5
206 217 119 127 130 114 109 105 113 114 112 105  6
673 690 195 116 109 107 112 101 106 112 112 98  7
519 534 156 113 111 113 115 109 110 114 111 102  8
202 228 107 105 100 100 101 93 94 95 100 94  9
553 600 190 107 103 105 109 101 102 112 105 94  10
435 449 144 113 113 107 114 109 108 117 116 15000  11
Chip#2
79 99 98 97 101 98 98 93 99 95 98 105  0
112 99 94 328 491 108 100 91 99 98 99 103  1
112 105 106 603 903 137 106 99 99 105 105 107  2
81 100 97 123 162 96 93 95 99 98 94 99  3
85 107 98 401 619 115 102 96 99 102 98 103  4
128 109 110 482 769 127 110 109 99 105 105 109  5
112 123 107 102 110 100 100 98 99 98 99 103  6
343 932 219 107 103 104 109 104 99 108 103 109  7
313 825 196 108 108 100 109 101 99 102 104 107  8
112 165 104 94 100 98 97 95 99 102 102 108  9
309 915 261 95 99 96 103 102 99 101 104 107  10
211 532 179 98 99 98 102 100 99 101 102 15000  11
