
Chip#1
113 120 108 116 122 109 135 132 109 105 111 103  0
178 180 130 200 217 141 436 439 133 126 131 107  1
171 178 134 204 223 168 439 441 164 134 147 108  2
123 131 115 123 128 116 161 159 109 108 111 99  3
232 222 134 139 141 138 477 485 164 126 131 101  4
209 204 130 134 143 143 479 495 164 127 131 107  5
135 125 109 112 116 115 162 175 108 110 131 99  6
219 209 129 130 133 147 498 461 132 133 131 101  7
196 186 124 127 133 168 487 453 131 137 147 105  8
151 140 122 124 122 119 186 204 112 122 116 109  9
222 218 136 127 131 184 530 449 129 155 163 105  10
192 182 117 121 121 168 498 438 125 147 147 15000  11
Chip#2
112 106 107 105 105 106 107 101 94 108 105 110  0
112 113 102 104 114 100 282 290 94 108 104 99  1
128 133 114 119 137 111 537 517 94 114 111 113  2
112 107 103 99 105 111 132 124 94 106 100 108  3
128 126 113 108 119 108 348 384 94 115 112 107  4
128 136 114 112 121 119 378 418 94 115 109 108  5
128 109 109 102 114 115 119 110 94 108 106 109  6
128 135 118 114 120 121 330 360 100 114 117 113  7
128 126 115 109 115 114 248 258 100 111 108 107  8
112 112 110 100 105 114 142 146 99 107 105 109  9
128 136 119 105 115 113 586 674 100 120 112 109  10
128 123 107 102 105 100 268 321 100 108 105 15000  11
