
Chip#1
109 109 103 109 109 105 107 112 108 105 105 102  0
93 96 99 103 97 100 106 97 96 100 94 93  1
105 109 149 170 107 150 193 115 144 206 107 100  2
103 110 115 130 108 116 138 114 121 163 105 98  3
104 104 105 109 102 103 108 110 107 103 102 100  4
104 109 190 210 107 156 197 113 132 183 106 106  5
103 106 133 142 108 132 160 110 127 166 105 100  6
111 111 106 109 109 108 111 113 112 105 105 104  7
105 105 171 176 102 148 162 105 104 108 98 102  8
104 104 147 148 105 146 159 112 103 105 98 103  9
104 106 102 104 105 101 107 109 104 101 98 100  10
111 107 107 114 110 110 111 111 111 108 108 15000  11
Chip#2
105 110 100 100 106 103 105 100 104 99 106 103  0
106 109 104 102 107 106 107 102 104 101 101 104  1
107 109 99 99 106 103 106 104 102 102 106 105  2
102 101 99 105 101 98 110 103 99 97 105 95  3
107 117 105 118 116 111 120 118 106 117 115 104  4
109 109 106 102 106 101 108 103 104 101 107 108  5
107 105 105 108 113 108 112 109 106 108 115 103  6
105 112 106 115 117 102 117 117 105 113 126 104  7
105 105 103 104 108 107 106 105 105 103 106 103  8
102 110 98 103 101 103 102 103 101 103 111 103  9
104 106 99 100 104 104 111 114 100 107 119 105  10
110 113 103 107 106 106 113 110 110 104 110 15000  11
