
Chip#1
115 114 100 109 101 101 111 104 102 103 102 109  0
99 99 142 166 100 126 172 103 104 161 100 98  1
105 102 585 769 112 541 1053 148 359 931 187 102  2
99 101 216 307 101 248 435 109 212 494 129 100  3
99 99 98 103 102 104 106 102 104 103 91 94  4
93 96 110 114 94 104 120 98 269 553 129 89  5
108 109 110 118 104 112 123 111 235 446 125 104  6
106 101 104 108 103 103 112 104 113 101 100 100  7
98 99 117 120 103 114 115 103 102 101 97 92  8
95 95 109 108 98 108 119 97 104 95 92 95  9
97 100 100 99 95 99 101 96 102 93 94 96  10
93 89 94 92 90 91 98 94 94 87 90 15000  11
Chip#2
101 99 96 98 102 98 98 99 94 98 95 101  0
100 97 100 96 97 91 93 93 93 92 92 93  1
107 105 104 107 108 106 104 104 101 104 105 105  2
99 96 107 266 155 101 304 218 96 208 252 96  3
102 101 133 392 239 114 379 280 99 252 271 106  4
104 108 104 131 116 103 117 105 100 107 106 100  5
103 99 98 160 135 101 101 99 96 102 104 96  6
104 100 117 337 232 102 108 109 104 110 115 100  7
102 97 103 141 122 102 101 103 94 102 99 96  8
102 100 100 103 104 101 100 103 99 101 105 99  9
102 100 98 105 104 102 107 107 102 108 114 103  10
104 101 101 102 105 97 100 100 98 98 104 15000  11
