
Chip#1
121 117 115 129 107 113 113 112 113 115 118 124  0
117 114 107 113 102 110 104 102 107 112 108 114  1
111 109 110 129 104 112 105 102 112 113 106 108  2
112 113 583 481 111 680 555 112 632 474 112 112  3
108 111 612 533 107 496 364 108 431 319 116 111  4
113 121 120 145 110 116 109 109 112 114 112 114  5
109 116 487 482 110 141 136 109 133 130 114 111  6
115 113 441 442 115 141 135 109 128 127 114 116  7
108 107 110 129 105 113 104 108 106 112 109 111  8
119 121 120 129 114 150 143 116 145 142 119 121  9
111 109 106 111 105 130 121 102 121 125 112 111  10
112 110 110 109 109 111 105 102 104 108 110 15000  11
Chip#2
105 99 103 100 108 105 116 99 100 105 104 110  0
107 102 103 98 110 111 111 99 103 105 108 108  1
108 102 102 100 108 111 115 99 106 107 107 106  2
108 105 108 106 114 163 151 102 118 122 111 110  3
102 102 106 102 111 141 136 101 109 113 111 108  4
102 103 103 102 111 107 116 99 104 106 112 105  5
108 110 218 173 114 130 132 105 121 125 113 114  6
104 106 183 144 111 118 123 102 109 109 110 106  7
108 106 108 105 115 118 120 106 105 107 108 111  8
105 110 269 215 114 287 232 105 222 214 111 108  9
105 106 230 178 108 230 193 99 188 181 108 109  10
111 103 105 102 113 110 116 105 102 105 111 15000  11
