
Chip#1
117 118 113 129 106 111 99 108 107 109 118 121  0
125 120 110 129 113 118 109 112 108 114 114 122  1
111 110 109 129 106 112 106 109 109 110 109 109  2
111 116 600 483 113 689 555 114 624 466 111 116  3
113 116 622 525 110 496 367 116 421 316 109 113  4
112 117 116 129 113 120 109 109 106 115 112 113  5
108 111 488 477 107 144 131 108 130 132 109 111  6
108 110 435 428 107 140 128 108 121 118 112 111  7
105 106 106 129 109 116 107 108 106 107 111 111  8
113 114 115 129 114 145 139 109 137 139 114 117  9
111 113 110 129 106 134 122 110 120 125 110 117  10
112 112 105 129 107 113 105 105 108 110 110 15000  11
Chip#2
104 107 105 108 110 112 119 104 106 109 107 110  0
102 101 105 104 107 110 111 95 98 105 107 108  1
102 103 103 100 108 112 112 98 104 106 102 106  2
112 114 109 109 118 177 159 108 129 128 113 117  3
115 110 111 113 120 152 140 108 119 122 111 118  4
101 101 105 106 107 110 116 94 102 103 102 106  5
109 109 223 183 111 133 132 104 123 124 108 110  6
112 111 198 160 114 124 129 105 117 120 110 114  7
115 118 117 122 125 126 135 116 118 120 120 124  8
108 114 286 233 121 309 270 105 249 223 110 113  9
107 109 246 185 114 246 203 102 196 185 106 111  10
119 107 105 112 114 118 121 106 109 113 116 15000  11
