
Chip#1
118 123 112 123 131 111 137 142 110 112 109 103  0
183 186 131 214 231 143 473 478 141 119 131 99  1
174 182 125 206 232 168 487 471 164 134 147 102  2
143 130 114 121 126 111 163 176 107 114 106 107  3
251 241 135 147 149 141 524 536 164 133 131 109  4
217 212 134 138 143 168 522 538 180 132 147 109  5
137 128 108 112 109 116 170 175 110 110 107 100  6
228 223 130 140 146 168 545 504 164 140 147 108  7
197 190 121 135 138 168 522 488 135 140 147 108  8
135 128 108 108 107 106 184 175 104 114 106 92  9
227 224 134 125 130 184 572 476 128 157 163 107  10
205 193 125 125 126 184 550 473 129 155 163 15000  11
Chip#2
112 106 106 97 99 100 100 101 95 105 105 99  0
112 114 112 104 124 109 312 327 95 109 105 112  1
112 130 112 119 137 111 586 573 95 111 109 103  2
112 115 109 102 109 113 144 136 95 111 104 114  3
128 133 113 103 116 114 378 434 96 117 110 105  4
128 143 115 109 124 123 415 458 96 114 110 109  5
112 111 112 104 111 115 116 112 95 108 103 113  6
128 136 113 113 116 115 358 388 96 112 114 104  7
128 130 108 107 111 110 267 279 95 107 106 104  8
112 117 113 109 108 113 151 162 95 115 110 112  9
128 145 121 109 119 115 641 753 102 122 116 115  10
112 124 107 99 100 105 282 345 102 106 103 15000  11
