
Chip#1
97 106 99 93 104 96 98 95 101 107 101 103  0
110 114 105 105 109 105 106 106 106 116 108 111  1
102 108 153 137 109 139 166 99 140 165 103 103  2
107 121 730 751 123 689 928 131 704 896 134 105  3
102 113 466 501 111 476 609 110 488 612 116 101  4
99 108 138 132 104 113 114 97 114 122 101 102  5
111 119 628 681 120 120 126 111 121 130 109 110  6
106 108 544 581 120 108 109 100 110 118 106 105  7
104 104 115 114 104 97 100 99 99 104 98 105  8
101 104 104 93 105 108 114 99 108 118 106 102  9
109 114 102 102 108 115 113 107 112 118 105 109  10
106 110 109 101 111 106 107 103 109 116 106 103  11
Chip#2
111 112 115 110 110 109 104 110 112 113 112 116  0
113 113 117 106 109 112 108 112 116 118 114 113  1
104 114 113 111 110 109 102 112 112 117 112 112  2
119 127 127 123 119 130 115 121 128 126 121 119  3
104 119 117 110 121 121 107 123 122 117 108 110  4
112 139 145 116 114 119 109 118 120 115 116 113  5
124 913 1081 138 130 123 119 127 127 128 122 119  6
121 1077 1287 138 125 128 109 125 130 119 113 116  7
111 166 186 115 134 130 110 128 129 114 107 111  8
117 844 971 128 784 915 118 722 771 118 114 112  9
130 1196 1304 143 1379 1556 135 1262 1488 134 108 112  10
127 192 192 121 226 228 124 224 246 127 123 116  11
