
Chip#1
111 114 109 110 105 111 99 109 106 112 118 114  0
116 114 110 129 106 112 98 110 110 110 116 118  1
113 110 114 111 106 115 105 109 109 110 112 109  2
111 120 442 385 111 520 403 113 491 371 114 112  3
113 117 450 405 114 373 288 113 337 245 114 114  4
112 113 116 152 109 116 102 106 108 110 114 113  5
111 114 353 360 105 125 114 109 120 119 110 112  6
113 118 331 328 110 127 114 109 121 117 115 109  7
112 114 114 118 114 118 105 113 108 112 122 112  8
107 109 105 129 107 127 115 104 120 117 109 105  9
108 114 110 129 107 126 113 112 117 119 112 113  10
108 116 111 107 104 110 99 104 108 108 109 15000  11
Chip#2
95 95 92 92 97 97 101 86 90 94 99 96  0
104 102 95 97 111 105 111 95 94 99 102 102  1
101 101 93 100 107 103 112 98 94 98 102 104  2
108 101 99 101 111 124 124 102 104 110 102 108  3
109 103 105 104 113 119 117 105 102 109 107 105  4
112 107 105 105 114 108 120 104 102 108 108 108  5
108 102 144 131 107 112 113 99 103 109 107 105  6
111 105 133 125 113 111 116 102 103 106 106 106  7
105 97 95 98 108 107 111 95 96 99 103 104  8
109 101 164 149 110 181 160 99 148 141 107 102  9
111 103 151 129 108 158 144 102 138 131 106 106  10
99 97 89 94 103 104 104 92 94 95 100 15000  11
