
Chip#1
961 884 992 850 909 981 848 1174 1108 1004 907 917  0
969 931 1088 910 1054 1131 900 1321 1219 1044 1032 989  1
961 928 1083 918 987 1127 895 1249 1218 1044 1016 1005  2
969 932 1087 934 987 1127 896 1321 1222 1044 1032 1021  3
969 932 1089 934 987 1130 896 1321 1222 1044 1016 1037  4
969 931 1087 934 987 1126 894 1321 1223 1044 1016 1021  5
969 930 1086 934 1048 1129 894 1337 1225 1044 1016 1021  6
969 932 1084 934 987 1130 895 1321 1223 1044 1016 1021  7
969 931 1088 934 1051 1134 897 1321 1226 1044 964 1037  8
969 934 1090 934 1050 1133 896 1337 1225 1044 966 1037  9
969 931 1083 934 987 1129 897 1321 1223 1044 1032 1021  10
969 931 1088 934 987 1132 900 1321 1225 1044 964 15000  11
