
Chip#1
57 177 143 3 20 92 38 85 92 124 165 185  0
41 173 325 272 52 268 502 117 149 443 182 175  1
41 170 1971 2496 169 2933 3942 325 1692 3952 765 172  2
25 162 543 680 36 964 1865 190 708 2513 332 165  3
25 161 151 11 36 92 38 150 100 175 168 160  4
25 161 219 124 20 196 150 85 1156 2843 357 160  5
25 161 186 47 36 124 86 85 777 2043 270 163  6
25 161 146 5 36 92 38 85 96 126 160 156  7
9 154 219 103 20 196 102 69 85 113 150 154  8
25 168 219 63 20 140 102 85 87 122 158 159  9
25 161 149 5 36 92 38 85 84 118 151 152  10
41 167 150 8 36 92 38 85 88 131 164 15000  11
Chip#2
239 191 203 81 37 259 130 134 172 159 148 100  0
239 191 202 83 39 259 131 135 168 155 153 99  1
239 94 194 76 33 259 128 130 166 150 147 95  2
239 191 226 402 157 259 451 302 169 335 379 100  3
239 191 276 627 330 259 475 432 173 350 372 108  4
239 191 199 127 54 259 142 143 170 160 155 103  5
239 191 204 226 101 259 134 137 169 216 156 100  6
239 96 234 495 291 259 142 142 169 161 161 98  7
239 94 198 130 61 259 124 131 163 153 145 95  8
239 191 197 74 36 259 125 137 163 157 151 95  9
239 95 199 81 39 259 138 152 170 166 167 104  10
239 191 197 140 36 259 127 135 166 155 150 15000  11

Chip#1
41 173 149 0 20 92 22 85 89 124 164 182  0
25 157 219 139 36 196 262 85 109 251 165 160  1
25 164 1141 1378 52 1476 2790 237 865 2555 455 160  2
25 167 362 390 20 492 982 101 395 1243 243 160  3
25 164 149 5 36 92 38 85 96 144 163 163  4
25 164 213 68 36 124 102 150 625 1467 252 158  5
25 165 174 27 36 124 70 149 429 1124 219 161  6
25 166 149 8 36 92 38 85 95 118 161 163  7
25 161 211 58 36 124 70 85 87 118 156 159  8
25 165 188 33 20 124 70 85 84 114 156 156  9
93 165 153 1 36 92 38 145 89 117 159 158  10
91 166 146 0 36 108 38 143 83 119 156 10000  11
Chip#2
239 191 195 79 31 259 123 129 161 200 145 97  0
239 191 200 140 34 259 131 135 166 153 147 100  1
239 191 200 140 39 259 132 138 167 156 153 99  2
239 191 225 402 155 259 451 302 166 339 384 101  3
239 191 272 618 321 259 459 427 172 357 379 102  4
239 191 200 131 57 259 146 145 169 156 151 102  5
239 91 204 225 104 259 139 137 164 157 152 97  6
239 191 252 498 293 259 142 148 172 161 165 102  7
239 191 201 188 64 259 132 137 170 154 151 103  8
239 92 195 79 35 259 131 139 163 151 150 95  9
239 94 198 82 39 259 140 149 169 157 158 99  10
239 94 198 81 36 259 132 134 166 153 150 15000  11
