
Chip#1
89 187 155 6 36 92 38 101 95 131 180 193  0
41 158 398 379 52 284 598 117 152 571 186 172  1
25 172 2889 3728 188 3634 3914 467 2230 3899 948 176  2
25 169 768 1077 52 1220 2582 208 946 3481 428 172  3
25 165 161 16 36 108 54 101 110 189 174 165  4
25 165 219 102 36 196 134 101 1534 3883 449 165  5
25 167 189 43 36 124 86 101 1048 2907 339 163  6
77 153 144 0 36 108 54 147 92 120 157 158  7
25 165 219 94 36 196 102 101 96 123 164 164  8
25 161 215 49 36 196 102 153 88 121 163 164  9
25 163 147 0 20 92 22 85 82 119 161 158  10
41 168 153 3 36 92 38 85 87 118 165 15000  11
Chip#2
239 105 204 79 40 259 130 140 168 157 153 102  0
239 99 197 78 39 259 126 136 166 154 148 99  1
239 99 203 83 42 259 137 140 167 166 154 102  2
239 105 265 574 246 259 491 438 179 398 435 114  3
239 100 308 884 440 259 587 470 174 419 435 105  4
239 95 204 188 61 259 146 145 166 159 151 94  5
239 98 206 275 130 259 138 143 168 162 161 94  6
239 91 262 657 383 259 141 150 162 160 161 92  7
239 92 194 197 72 259 124 133 161 148 142 93  8
239 98 204 82 37 259 134 148 170 163 161 99  9
239 95 197 73 35 259 141 151 168 166 168 100  10
239 98 203 140 39 259 128 140 169 157 155 15000  11
