
Chip#1
73 184 153 1 36 108 54 101 97 122 179 219  0
41 173 391 356 52 300 614 117 224 578 195 183  1
25 168 2704 3472 184 3676 3938 468 2270 3905 1020 175  2
25 167 731 991 36 1112 2662 205 977 3394 433 172  3
25 168 160 4 36 108 38 85 103 186 175 164  4
25 169 219 105 36 196 134 101 1567 3899 453 174  5
25 164 192 35 36 124 102 101 1072 3001 344 166  6
25 160 153 8 36 108 54 85 96 122 168 164  7
25 160 219 90 36 196 102 85 95 118 161 160  8
25 168 219 51 36 196 102 85 92 121 169 160  9
9 167 162 6 20 92 38 85 95 124 169 170  10
25 171 161 12 20 92 38 85 101 123 171 15000  11
Chip#2
239 191 204 140 42 259 127 136 168 153 152 105  0
239 191 204 140 39 259 127 135 167 154 148 104  1
239 191 205 90 45 259 133 142 170 156 155 102  2
239 191 261 587 246 259 507 440 170 387 435 107  3
239 191 313 913 452 259 707 470 178 409 432 110  4
239 85 199 197 58 259 142 139 160 151 151 92  5
239 191 214 292 130 259 135 142 167 162 158 98  6
239 91 268 681 393 259 142 147 168 216 165 98  7
239 191 206 200 82 259 135 141 169 157 151 103  8
239 94 200 140 39 259 126 139 163 154 153 100  9
239 93 203 82 36 259 139 153 170 165 168 102  10
239 94 199 79 37 259 128 133 166 148 147 15000  11
