
Chip#1
109 105 106 109 102 105 109 103 107 101 103 105  0
108 101 104 104 103 104 108 101 103 96 101 100  1
106 105 113 119 102 117 132 108 113 121 106 101  2
103 104 105 112 102 114 119 105 112 109 101 106  3
98 101 98 102 102 104 113 101 104 99 102 100  4
96 95 115 124 96 109 123 97 104 107 100 92  5
99 99 106 116 100 105 119 103 101 111 100 96  6
97 99 98 98 97 99 107 95 102 95 95 98  7
106 107 120 127 107 121 122 104 106 103 100 104  8
104 104 114 118 105 115 122 101 106 103 103 102  9
102 101 100 103 98 104 109 102 101 100 102 106  10
109 101 104 108 104 103 112 104 103 101 107 15000  11
Chip#2
97 98 98 98 98 93 96 95 93 91 95 93  0
103 104 103 102 106 103 101 102 102 95 104 103  1
107 105 107 109 102 107 102 107 102 104 106 108  2
105 103 105 108 111 109 108 105 104 103 107 108  3
101 103 105 108 107 104 105 100 100 101 105 106  4
106 106 105 103 106 103 101 104 101 101 106 103  5
100 101 101 99 105 99 101 97 94 96 99 103  6
103 105 106 112 107 103 107 103 100 101 106 101  7
103 103 103 109 102 106 102 98 98 99 106 104  8
110 109 104 108 110 112 110 110 105 108 111 106  9
110 106 104 108 110 106 110 106 104 104 106 108  10
97 104 101 102 100 103 101 96 99 97 102 15000  11
