
Chip#1
106 109 108 103 113 113 110 110 109 105 103 110  0
101 101 101 100 107 105 108 104 104 96 98 102  1
96 94 102 90 103 104 102 102 101 94 96 99  2
102 108 106 103 111 111 107 109 107 103 110 107  3
96 104 100 97 107 101 107 100 103 95 99 102  4
105 108 108 108 114 116 113 106 112 107 107 112  5
103 105 102 104 107 109 108 106 111 99 103 106  6
96 99 101 95 102 103 104 102 104 91 100 101  7
100 102 102 97 112 104 107 101 104 101 100 97  8
103 102 105 98 108 103 106 99 100 95 99 100  9
100 107 105 102 107 108 107 103 110 97 100 106  10
102 106 105 103 107 104 106 104 106 92 100 104  11
Chip#2
99 98 106 105 103 107 106 110 105 102 98 108  0
158 307 100 180 250 102 145 174 99 130 111 98  1
216 355 101 289 376 106 293 349 104 443 430 106  2
100 114 108 110 109 112 111 109 112 112 109 105  3
242 253 99 256 234 107 216 206 106 193 141 105  4
254 286 110 317 310 117 338 342 109 474 336 107  5
100 114 102 105 108 107 107 106 107 112 101 107  6
294 273 102 266 202 109 239 174 110 250 158 108  7
294 286 99 296 234 100 369 265 99 566 301 100  8
99 114 104 106 105 108 104 105 103 105 98 105  9
348 252 108 384 202 115 348 174 111 294 126 111  10
239 188 99 354 186 102 453 238 100 458 164 101  11
Chip#3
125 133 121 112 110 110 114 116 105 111 114 111  0
125 117 107 106 106 106 106 107 102 106 114 110  1
125 117 121 106 111 109 110 114 102 106 114 109  2
125 133 122 104 107 110 105 109 101 104 114 108  3
125 117 121 103 110 107 105 109 100 104 114 109  4
125 117 121 106 107 109 106 109 104 106 114 106  5
125 117 121 109 108 108 102 111 104 106 114 109  6
125 117 121 103 106 102 102 104 95 98 114 104  7
125 117 121 109 110 108 105 112 102 106 112 108  8
125 117 121 101 102 103 100 104 99 99 101 99  9
125 117 121 106 107 109 103 114 102 110 121 104  10
125 117 122 106 111 110 112 114 105 109 111 112  11
Chip#4
104 117 118 109 136 126 108 114 113 108 107 109  0
102 112 115 105 136 126 110 106 110 104 102 112  1
107 116 118 105 111 115 106 107 113 104 111 111  2
99 109 114 105 101 106 106 107 102 100 104 106  3
104 118 124 109 112 109 113 110 113 105 109 111  4
103 114 118 105 105 106 104 108 110 103 109 108  5
102 112 114 104 106 103 106 106 106 101 102 106  6
107 121 117 110 136 133 108 111 112 109 107 111  7
113 120 125 114 136 133 117 116 119 113 114 116  8
109 114 115 110 109 113 111 104 111 108 106 107  9
104 114 112 104 109 109 107 110 109 107 104 110  10
107 117 119 110 136 133 117 108 115 112 111 112  11
