
Chip#1
103 104 110 149 164 107 104 99 102 99 100 100  0
105 104 126 544 620 184 105 106 101 104 105 93  1
103 101 124 501 604 184 106 106 104 105 109 96  2
108 104 111 186 210 112 104 104 107 107 131 96  3
108 108 136 574 585 184 109 109 107 108 131 100  4
105 107 124 450 489 136 112 105 104 105 109 99  5
197 206 111 119 122 113 105 101 102 105 105 99  6
671 685 196 115 117 109 111 104 112 110 111 102  7
520 534 152 115 115 113 110 109 109 113 110 102  8
214 239 115 113 109 106 106 102 102 105 102 100  9
559 607 196 109 111 107 112 104 106 114 111 100  10
423 440 133 102 102 100 105 92 96 105 105 15000  11
Chip#2
85 104 102 98 100 96 97 91 99 99 98 104  0
112 108 108 337 499 114 105 103 99 106 104 110  1
112 110 103 597 902 158 100 96 99 106 102 105  2
112 101 98 125 168 102 98 98 99 99 97 109  3
80 101 102 401 623 111 102 96 99 102 97 103  4
112 109 106 482 768 125 105 101 99 105 104 109  5
112 130 107 104 119 109 110 102 100 102 98 108  6
342 933 215 104 106 100 107 101 99 104 108 107  7
303 814 215 97 96 94 98 95 99 94 93 91  8
112 162 106 95 89 93 95 91 99 93 96 99  9
308 923 264 104 109 103 103 104 99 111 106 108  10
206 527 163 98 100 97 98 92 99 99 96 15000  11
