
Chip#1
104 106 102 102 107 106 104 109 108 104 101 102  0
104 107 100 109 110 108 111 112 109 108 102 105  1
104 102 132 148 104 135 167 108 128 182 107 101  2
106 106 110 120 108 117 132 113 119 142 101 104  3
102 101 103 108 101 103 107 105 103 99 98 99  4
102 104 165 176 104 138 167 108 123 154 100 102  5
103 105 120 126 101 121 138 110 122 140 100 99  6
101 110 102 104 108 101 106 104 107 100 103 102  7
108 106 149 160 107 139 150 109 109 100 105 105  8
102 110 132 132 108 138 149 108 109 104 97 102  9
99 104 96 98 102 99 105 108 103 96 96 100  10
98 101 95 96 103 97 96 103 101 95 97 15000  11
Chip#2
104 105 101 102 101 101 105 99 99 98 102 104  0
102 103 95 93 97 96 96 93 92 96 100 99  1
110 108 100 102 108 104 104 100 99 103 101 109  2
105 106 105 109 108 108 111 110 101 107 111 104  3
103 106 105 113 108 103 113 109 101 108 105 104  4
105 108 103 105 104 101 104 99 105 102 107 105  5
110 108 104 102 108 106 107 102 102 105 116 109  6
102 100 104 113 110 103 113 109 99 104 114 104  7
100 99 98 102 104 97 95 96 96 93 101 96  8
105 108 103 100 101 104 101 102 100 102 106 103  9
100 103 99 99 101 102 107 111 96 99 113 105  10
104 105 104 102 102 99 100 100 101 101 102 15000  11
