
Chip#1
121 124 109 111 110 115 109 104 109 112 120 120  0
122 114 107 129 109 112 108 104 107 113 114 120  1
116 114 115 129 111 120 111 113 110 117 111 118  2
120 120 624 516 120 720 587 116 656 498 114 118  3
103 112 653 561 107 518 381 109 435 326 106 108  4
109 113 107 129 105 112 104 105 107 109 110 108  5
112 118 508 504 114 145 139 113 137 134 111 116  6
112 117 457 448 114 141 131 109 121 124 109 112  7
107 116 109 129 110 118 100 106 105 108 110 111  8
111 120 106 129 109 143 133 106 138 139 111 111  9
117 118 115 129 110 141 128 113 128 132 115 118  10
115 121 115 129 115 116 108 112 112 112 114 15000  11
Chip#2
111 110 105 110 113 117 120 106 106 110 110 111  0
108 109 103 110 110 114 115 101 104 109 110 110  1
109 111 105 112 110 115 121 108 104 112 112 110  2
114 107 106 109 114 184 164 104 129 124 111 113  3
108 105 105 105 108 154 139 102 112 118 107 109  4
115 111 114 118 115 117 121 106 108 114 116 111  5
109 110 258 205 111 133 136 106 130 124 110 111  6
117 111 223 172 115 130 132 108 117 118 112 114  7
114 110 106 112 118 119 123 106 109 112 114 115  8
114 114 321 263 115 357 289 111 278 248 116 114  9
121 121 290 222 123 290 236 113 222 228 122 121  10
109 105 106 108 113 114 116 105 102 109 116 15000  11
