
Chip#1
116 120 117 113 109 115 102 106 109 114 119 120  0
117 113 111 129 104 111 100 105 107 107 111 117  1
111 110 110 110 104 112 102 109 110 110 111 111  2
112 116 637 516 111 736 573 116 687 509 118 111  3
109 124 665 565 113 529 381 113 465 342 118 111  4
111 114 116 129 110 116 103 108 109 110 114 105  5
111 117 530 522 113 140 128 109 135 130 114 111  6
108 117 493 461 110 139 124 110 126 120 114 112  7
112 114 118 129 111 118 105 112 114 109 116 114  8
107 114 116 129 113 145 131 110 147 137 115 117  9
112 116 114 129 111 138 124 113 128 127 118 113  10
119 120 119 129 111 125 110 116 113 120 122 15000  11
Chip#2
114 106 109 100 111 111 117 101 98 103 111 110  0
111 106 99 100 110 107 116 99 101 108 108 109  1
111 110 111 106 114 112 121 102 105 109 116 113  2
112 106 102 104 114 169 149 102 119 120 108 105  3
121 113 108 110 121 155 143 115 118 121 120 115  4
117 117 114 115 124 117 128 111 109 113 117 110  5
114 113 267 206 118 130 131 102 122 128 114 117  6
112 113 217 165 114 118 123 102 110 117 106 109  7
118 111 112 110 118 118 123 108 110 112 113 114  8
118 119 324 262 120 354 295 115 285 254 117 117  9
112 111 277 208 117 283 227 105 222 221 108 113  10
117 107 105 105 117 114 116 99 105 106 112 15000  11
