
Chip#1
73 178 150 3 20 92 38 85 97 130 178 185  0
25 164 376 356 36 284 614 117 156 581 194 177  1
25 171 2702 3456 183 3660 3935 470 2274 3907 1019 172  2
25 168 731 991 36 1212 2662 209 975 3396 429 170  3
93 161 153 8 52 108 70 101 109 191 174 163  4
25 164 219 102 36 196 150 163 1564 3915 452 163  5
9 159 182 36 36 124 86 85 1066 2996 337 163  6
25 168 154 13 52 108 54 101 105 136 168 166  7
9 161 219 94 20 196 102 85 95 119 159 159  8
25 159 208 48 36 196 102 85 91 119 156 163  9
25 157 148 0 36 92 38 85 85 113 156 154  10
25 165 152 1 36 92 38 85 87 118 159 15000  11
Chip#2
239 191 206 140 39 259 128 134 168 157 147 100  0
239 191 203 140 37 259 127 137 167 156 153 104  1
239 191 199 140 35 259 128 135 163 156 148 100  2
239 93 253 582 240 259 491 436 167 382 430 97  3
239 93 300 894 445 259 603 470 170 402 424 98  4
239 95 202 197 58 259 147 141 164 160 152 95  5
239 93 208 285 130 259 133 136 166 161 157 98  6
239 99 274 683 399 259 148 153 173 168 172 102  7
239 98 206 197 81 259 126 134 169 159 152 95  8
239 94 203 140 39 259 133 143 167 159 157 99  9
239 191 200 140 40 259 141 151 168 165 167 107  10
239 96 199 140 35 259 126 133 162 157 146 15000  11
