
Chip#1
119 111 102 129 100 107 103 102 102 113 110 114  0
117 107 101 105 102 110 100 105 107 112 111 118  1
115 101 105 105 104 113 103 102 107 112 109 107  2
113 107 564 465 111 659 530 112 611 464 109 107  3
106 105 595 507 101 464 351 101 408 307 106 108  4
112 107 110 109 107 113 105 108 107 113 108 109  5
112 109 458 472 110 140 130 112 128 130 109 108  6
111 106 423 418 101 134 128 100 116 120 104 107  7
104 95 99 102 101 103 96 102 100 103 102 103  8
107 103 101 129 104 132 126 102 126 132 109 108  9
109 108 101 107 101 124 116 100 112 122 106 105  10
108 102 102 107 102 106 100 102 97 104 105 15000  11
Chip#2
101 98 99 96 104 105 109 99 93 97 102 101  0
108 102 102 104 108 111 112 104 100 103 104 106  1
104 97 99 97 104 107 109 95 93 98 102 106  2
99 95 95 96 103 142 131 98 109 109 102 101  3
109 103 102 102 108 130 127 106 105 103 106 100  4
105 105 106 102 110 114 113 102 103 103 107 104  5
104 99 192 160 110 118 119 101 113 109 104 109  6
98 95 161 131 98 107 108 97 100 99 96 97  7
105 99 102 102 104 110 112 106 103 99 99 104  8
109 106 228 205 108 258 213 105 198 181 104 105  9
104 101 199 164 108 204 178 98 171 160 106 105  10
107 98 95 97 103 103 109 101 97 98 99 15000  11
