
Chip#1
384 384 310 423 399 379 363 340 325 302 326 363  0
391 380 306 425 400 380 405 344 323 301 318 379  1
390 379 305 424 397 380 412 343 363 310 311 363  2
390 380 1846 1596 409 2171 1723 363 1995 1419 314 363  3
389 379 1899 1707 403 1498 1147 346 1344 907 309 295  4
388 379 310 430 399 363 406 342 324 301 312 347  5
389 379 1491 1567 402 408 470 347 438 355 310 299  6
389 379 1346 1387 409 407 463 348 425 339 314 363  7
389 379 309 430 405 402 411 347 330 305 314 363  8
389 379 302 422 400 412 476 338 448 424 305 295  9
389 379 301 428 399 385 449 339 416 336 310 298  10
389 379 304 427 398 381 405 341 324 298 313 15000  11
Chip#2
463 451 305 397 400 303 295 457 363 415 336 297  0
411 456 312 401 402 304 297 460 363 421 340 299  1
463 454 307 399 400 304 296 457 363 414 335 298  2
411 458 309 402 404 444 403 461 379 430 339 302  3
411 456 307 400 402 417 385 460 379 426 338 298  4
462 454 307 395 400 302 291 458 347 413 336 294  5
411 463 530 487 406 363 379 460 379 439 342 305  6
463 459 486 455 400 389 304 461 363 421 337 299  7
411 458 315 407 407 310 301 462 363 420 342 304  8
474 465 586 541 408 619 514 465 611 541 340 305  9
471 468 546 500 405 536 463 464 569 513 341 309  10
475 461 313 404 403 310 301 464 363 420 363 15000  11
