
Chip#1
99 100 100 99 96 98 107 97 104 93 103 96  0
108 101 106 114 103 109 113 107 109 99 105 105  1
112 109 119 123 104 123 132 108 121 128 109 104  2
106 106 110 114 102 114 117 108 112 115 108 110  3
108 106 117 121 104 114 128 112 109 103 107 101  4
105 99 429 436 100 437 709 122 113 117 101 101  5
105 104 235 241 103 282 432 112 118 111 103 99  6
102 102 113 116 104 110 109 104 106 99 101 102  7
102 99 527 515 101 292 342 104 104 96 100 98  8
104 105 363 336 102 294 346 109 109 96 101 104  9
101 99 100 102 97 100 106 101 103 92 98 95  10
110 102 102 106 103 107 109 102 108 100 100 15000  11
Chip#2
106 109 112 107 112 112 112 109 101 107 112 112  0
99 103 101 99 100 98 99 99 96 93 97 99  1
103 104 109 103 107 104 107 102 101 102 101 109  2
99 104 100 97 101 103 100 93 96 94 101 103  3
109 109 106 109 114 113 113 106 106 105 109 108  4
104 110 104 109 108 107 108 104 101 101 100 110  5
105 103 103 102 110 106 135 132 100 111 134 108  6
106 105 104 108 106 107 183 180 99 127 153 110  7
105 108 109 105 110 107 117 113 105 102 110 110  8
105 104 104 105 106 103 112 116 99 112 131 108  9
102 100 103 99 100 104 133 146 101 134 176 111  10
101 103 104 102 106 101 104 106 94 96 112 15000  11
