
Chip#1
25 159 144 0 20 92 38 69 87 110 160 170  0
9 153 209 78 20 124 206 69 100 225 164 159  1
9 153 720 816 20 964 1742 222 583 1694 348 162  2
9 151 262 236 20 332 630 85 287 886 218 154  3
9 155 153 3 20 92 38 69 91 132 160 156  4
9 153 169 20 4 92 54 69 431 971 218 153  5
9 153 159 10 20 108 54 85 321 747 205 156  6
9 146 144 0 4 76 22 69 86 110 151 157  7
25 151 176 23 20 108 70 85 88 110 159 156  8
9 150 163 12 4 92 54 69 85 110 156 159  9
9 149 144 0 20 92 38 69 85 106 155 153  10
0 154 141 0 4 76 22 69 85 110 158 15000  11
Chip#2
239 95 201 77 34 259 124 129 161 151 143 98  0
239 86 194 78 31 259 123 121 157 147 137 93  1
239 93 198 84 39 259 128 133 163 157 151 102  2
239 93 231 388 154 259 429 270 172 320 349 103  3
239 94 278 614 313 259 451 318 166 322 267 99  4
239 91 198 125 49 259 138 133 165 153 142 93  5
239 83 195 215 88 259 124 129 159 153 143 88  6
239 92 250 484 278 259 138 138 166 160 156 95  7
239 95 203 188 65 259 127 130 166 154 149 98  8
239 92 199 77 33 259 126 130 161 151 148 94  9
239 93 201 84 42 259 137 142 164 159 160 102  10
239 95 206 140 40 259 131 135 167 153 150 15000  11
