
Chip#1
116 112 114 120 112 112 120 112 119 112 112 113  0
115 110 119 126 108 118 125 113 112 120 109 110  1
110 104 166 204 105 172 237 114 159 254 123 107  2
112 109 121 139 109 133 160 110 127 189 116 108  3
106 107 109 120 104 106 114 107 107 104 106 106  4
112 111 242 274 108 182 241 115 150 222 116 111  5
111 111 154 165 109 148 185 114 142 190 113 107  6
109 110 109 115 111 111 114 111 111 107 107 107  7
116 114 210 210 112 180 202 116 117 114 114 112  8
118 115 173 174 112 178 194 116 121 118 113 116  9
118 114 111 119 114 117 119 113 117 109 109 110  10
116 114 108 113 110 115 116 112 112 113 109 15000  11
Chip#2
111 115 112 113 113 109 111 111 108 105 109 112  0
109 106 106 108 107 108 101 109 104 103 106 106  1
116 114 115 115 114 113 111 113 110 110 111 116  2
116 117 115 123 119 112 123 121 108 117 129 110  3
112 113 112 134 123 109 130 126 102 117 121 109  4
118 119 117 117 113 117 116 113 111 113 114 115  5
107 110 111 113 113 111 119 112 107 114 123 109  6
112 115 114 131 125 111 129 128 106 119 137 114  7
113 114 115 118 119 114 110 114 110 110 111 110  8
111 114 117 115 113 114 117 120 110 112 126 115  9
117 117 114 117 112 116 130 139 118 123 140 121  10
118 117 117 116 117 111 118 117 110 108 119 15000  11
