
Chip#1
104 94 95 95 91 93 98 93 94 91 94 92  0
99 96 141 169 100 122 175 107 113 166 98 96  1
97 97 583 765 116 539 1047 145 356 930 189 95  2
93 96 216 303 100 240 440 107 210 494 128 94  3
102 102 99 101 102 101 107 103 106 107 102 95  4
96 97 117 120 98 104 119 100 268 551 133 93  5
103 106 111 118 108 110 116 105 235 446 125 99  6
106 106 110 108 108 104 115 111 113 105 100 95  7
92 97 116 119 103 109 116 101 103 101 97 95  8
99 99 109 113 97 106 114 98 104 100 94 93  9
101 104 105 106 104 101 106 105 102 99 100 98  10
103 100 99 104 100 99 105 100 102 101 96 15000  11
Chip#2
103 100 99 104 102 97 104 100 98 99 100 101  0
102 101 99 99 100 96 100 99 94 96 96 98  1
105 104 105 103 104 103 104 98 99 104 104 105  2
105 110 116 212 150 109 235 192 101 185 212 106  3
100 103 120 324 204 107 313 232 98 205 231 103  4
103 108 104 125 113 102 114 104 101 108 100 104  5
105 104 107 151 125 103 106 105 99 105 109 101  6
99 101 117 282 198 101 105 104 98 103 105 104  7
106 101 104 131 119 102 102 105 99 99 105 101  8
100 98 96 96 97 99 94 99 92 98 101 96  9
97 97 94 93 95 93 98 99 92 96 101 99  10
105 100 100 103 102 101 104 102 99 101 104 15000  11
