
Chip#1
106 104 99 102 104 106 107 100 107 101 105 105  0
112 106 112 123 111 115 127 113 109 116 113 110  1
105 101 158 183 103 160 208 108 148 222 116 99  2
112 107 123 135 109 129 154 110 131 167 109 108  3
109 110 113 116 110 112 120 105 111 107 112 106  4
110 106 216 234 107 169 223 109 142 190 109 100  5
105 104 138 142 101 135 167 104 127 171 106 102  6
102 101 106 106 102 108 107 105 109 100 98 96  7
110 110 185 189 109 165 180 110 114 108 109 106  8
114 111 161 159 111 166 183 111 113 113 113 110  9
112 114 107 113 112 111 114 108 117 104 108 109  10
117 109 109 114 114 112 113 107 113 108 113 15000  11
Chip#2
112 113 110 113 115 113 113 111 111 105 109 111  0
111 115 112 115 112 113 112 111 113 112 114 110  1
112 108 110 114 108 111 111 107 105 107 104 109  2
107 104 109 118 108 103 117 112 107 113 114 105  3
117 115 119 139 128 118 132 128 116 124 126 120  4
109 105 109 114 108 106 111 107 107 105 110 111  5
120 119 117 123 121 118 124 123 116 119 128 117  6
115 115 117 134 127 117 130 127 112 123 131 117  7
112 109 112 114 110 109 112 110 110 105 110 108  8
111 110 112 110 108 114 112 111 107 109 118 110  9
116 111 110 115 111 112 124 124 108 115 134 117  10
112 110 116 113 108 109 117 111 108 111 115 15000  11
