
Chip#1
109 112 103 106 102 107 99 105 100 107 111 121  0
116 110 109 129 107 112 100 104 102 103 110 117  1
105 105 105 107 102 112 103 106 107 107 106 108  2
111 114 544 451 115 636 516 116 587 444 115 114  3
107 110 572 492 107 464 339 104 397 303 111 111  4
100 107 109 109 104 104 99 101 104 105 101 107  5
111 114 434 447 109 138 126 110 125 130 111 112  6
112 114 414 415 111 140 127 110 121 122 111 117  7
108 110 113 129 113 124 105 110 105 109 108 114  8
116 114 120 161 114 148 141 109 139 142 114 118  9
107 107 110 129 109 129 119 102 110 122 108 112  10
111 113 110 129 107 116 107 105 104 105 109 15000  11
Chip#2
102 103 102 104 105 108 111 99 100 105 106 106  0
101 101 100 101 108 108 112 98 98 106 104 109  1
108 107 105 102 110 112 115 99 105 109 110 109  2
104 98 102 100 108 145 140 99 110 114 107 106  3
105 103 103 101 110 135 129 101 106 112 107 108  4
105 102 105 106 104 110 109 101 101 103 107 106  5
108 105 188 151 108 119 116 99 117 112 106 111  6
102 102 164 135 103 114 113 101 105 109 106 104  7
108 107 108 105 113 115 115 101 104 110 111 110  8
109 107 231 205 111 256 207 104 206 179 108 111  9
106 103 201 162 105 208 173 102 167 167 104 111  10
105 99 103 98 104 108 107 97 98 105 106 15000  11
