
Chip#1
105 107 112 140 164 111 103 96 103 99 100 99  0
111 110 129 484 534 184 110 110 104 112 109 102  1
104 108 120 426 519 168 111 104 104 103 105 101  2
108 107 106 175 193 114 105 97 108 105 105 102  3
103 102 131 484 497 147 105 103 102 103 101 94  4
105 107 120 390 427 133 109 108 106 103 109 102  5
184 187 110 118 120 105 106 102 103 104 104 102  6
565 594 183 117 112 111 110 102 107 112 112 101  7
442 457 144 111 115 106 107 103 106 113 131 102  8
187 208 111 105 106 105 102 93 96 100 96 96  9
482 513 180 109 108 106 107 103 106 114 107 105  10
372 378 139 110 111 109 109 106 108 121 112 15000  11
Chip#2
82 101 102 102 94 98 96 96 99 94 97 100  0
76 98 95 242 338 102 89 91 99 99 97 97  1
112 104 106 408 601 119 101 101 99 105 99 104  2
112 101 96 115 142 102 92 93 99 98 94 103  3
128 114 109 292 440 116 107 106 100 109 109 110  4
112 113 103 342 522 119 109 103 99 102 105 108  5
112 115 101 105 109 100 96 100 99 101 105 104  6
253 625 179 103 100 102 102 106 99 105 104 103  7
232 550 163 100 104 102 103 97 99 99 97 99  8
112 150 115 102 104 108 109 102 99 107 104 114  9
238 616 206 98 98 97 100 102 99 102 100 100  10
168 371 132 99 99 94 98 98 99 100 99 15000  11
