
Chip#1
125 124 114 129 114 121 113 113 109 120 123 129  0
126 118 117 129 114 121 113 118 113 118 116 125  1
109 113 114 129 110 120 106 110 109 113 110 117  2
111 117 587 482 113 680 543 112 608 459 112 113  3
115 120 619 534 113 496 364 114 418 319 116 118  4
120 120 114 129 114 122 113 114 110 117 114 113  5
108 113 457 468 111 141 136 105 122 129 110 113  6
111 113 434 426 110 143 127 109 120 123 110 114  7
108 112 107 110 107 115 103 106 104 109 110 109  8
117 117 115 129 111 150 137 112 138 138 110 118  9
109 107 103 107 105 130 117 104 117 122 106 108  10
104 103 102 105 100 107 103 98 98 102 101 15000  11
Chip#2
102 105 106 101 113 114 119 104 100 102 108 109  0
115 110 108 109 115 120 125 111 108 112 112 117  1
112 107 109 106 116 117 117 104 102 110 111 111  2
114 110 106 105 113 163 148 106 118 121 112 114  3
102 105 103 101 108 141 133 104 112 109 107 105  4
109 106 105 105 117 112 117 101 101 102 111 108  5
111 110 218 173 117 130 133 108 122 121 116 113  6
115 113 196 153 118 130 129 112 117 118 117 114  7
109 106 108 105 108 112 120 106 100 107 110 109  8
109 111 268 218 113 286 237 109 222 210 111 108  9
108 106 227 174 113 230 194 101 183 176 111 106  10
112 110 112 108 111 112 119 104 104 107 112 15000  11
