
Chip#1
120 124 117 115 111 115 108 109 107 118 122 126  0
113 112 106 107 100 110 104 97 104 103 110 112  1
115 114 110 129 107 121 108 113 108 118 111 116  2
111 114 603 497 114 701 566 118 652 492 115 112  3
113 118 641 554 115 512 384 121 450 335 114 117  4
111 116 118 129 109 116 108 109 108 113 116 113  5
105 106 489 494 107 144 135 110 130 129 108 114  6
113 114 450 455 109 140 131 112 121 125 114 116  7
111 112 111 129 110 117 108 110 106 112 118 116  8
108 107 110 129 107 140 133 108 139 138 110 109  9
100 106 102 129 100 127 120 104 116 119 105 108  10
113 114 115 129 114 113 108 114 107 109 116 15000  11
Chip#2
102 103 102 102 107 111 116 101 102 108 107 110  0
105 105 103 104 110 112 115 101 102 107 107 110  1
105 106 102 102 107 108 116 99 100 105 103 110  2
108 105 103 100 114 176 152 102 125 124 108 109  3
111 109 109 104 111 149 137 104 117 114 107 110  4
112 110 108 109 113 115 120 102 110 110 113 113  5
107 110 246 187 110 128 132 98 123 124 108 115  6
104 107 204 157 114 124 123 102 113 120 106 110  7
114 107 112 109 117 118 123 109 106 117 110 115  8
112 117 300 246 115 328 273 108 262 235 114 115  9
108 109 259 205 111 264 207 104 222 208 107 110  10
117 105 103 105 115 115 117 102 105 112 114 15000  11
