
Chip#1
124 120 114 129 110 116 110 108 106 112 125 122  0
122 112 107 115 110 110 105 108 106 109 112 117  1
108 101 102 107 98 108 109 104 107 107 98 104  2
117 113 625 515 116 720 590 114 681 512 112 113  3
111 112 655 568 110 517 389 113 455 337 108 108  4
111 113 109 114 107 110 105 109 102 109 109 109  5
120 117 519 520 114 141 141 112 137 135 115 114  6
111 112 461 461 107 136 127 112 120 120 110 107  7
115 109 111 129 109 115 111 110 110 113 112 114  8
109 99 101 129 100 138 135 100 128 133 101 105  9
108 107 109 129 105 132 127 104 118 123 109 113  10
108 104 101 109 98 103 102 100 100 102 104 15000  11
Chip#2
109 101 108 106 110 112 115 104 103 109 107 109  0
108 105 100 102 107 108 112 104 101 103 108 106  1
105 105 108 105 111 111 117 105 104 105 107 106  2
111 105 102 104 113 188 161 102 121 121 104 109  3
112 106 109 109 118 156 145 111 121 118 112 110  4
107 105 105 106 114 111 113 106 105 103 104 106  5
109 105 273 212 111 131 128 106 127 121 107 109  6
107 107 233 177 118 121 121 108 117 112 107 108  7
114 106 106 108 111 115 120 108 105 110 107 108  8
111 107 335 271 113 368 302 105 291 255 104 108  9
107 111 296 220 114 297 233 109 244 227 112 118  10
111 105 106 106 111 115 116 108 103 105 110 15000  11
