
Chip#1
104 109 102 107 102 108 99 104 102 104 110 109  0
109 116 111 129 109 116 104 109 107 112 109 113  1
107 110 103 129 104 112 102 104 102 105 112 108  2
107 107 127 145 101 127 114 104 122 118 111 112  3
111 116 132 145 111 130 111 108 117 118 112 116  4
108 116 110 129 106 113 99 102 104 108 112 111  5
109 113 123 145 104 117 103 109 106 108 111 112  6
116 114 128 145 106 115 103 108 107 110 111 111  7
116 121 116 129 115 120 107 109 109 115 119 118  8
111 117 111 129 109 121 105 108 108 113 111 113  9
112 114 114 129 107 116 105 112 106 112 114 116  10
105 107 102 129 101 106 100 100 97 102 106 15000  11
Chip#2
107 101 92 94 101 100 104 92 90 91 100 100  0
109 105 95 102 110 107 111 95 100 103 110 109  1
107 103 96 98 107 103 107 99 98 102 102 106  2
109 106 99 101 111 107 112 97 94 102 106 105  3
107 101 95 94 101 103 108 97 96 101 102 106  4
108 109 102 104 108 108 111 98 94 105 108 108  5
102 97 92 100 103 96 105 93 92 97 100 100  6
109 107 102 102 110 105 113 101 100 110 104 109  7
102 103 90 94 107 103 108 97 96 101 102 104  8
111 107 106 106 110 111 115 105 101 105 106 106  9
98 103 97 100 103 103 108 88 94 102 102 102  10
108 107 96 102 107 105 112 97 96 103 103 15000  11
