
Chip#1
73 180 154 4 20 92 38 85 97 123 178 185  0
41 161 386 359 36 300 614 101 162 583 192 173  1
9 168 2737 3488 84 3660 3937 468 2288 3909 953 170  2
9 164 731 1007 36 1108 2662 201 976 3398 426 166  3
25 165 156 11 36 108 54 101 116 191 178 167  4
25 155 219 104 36 196 150 101 1572 3899 445 168  5
9 160 184 40 36 124 86 85 1081 2998 344 159  6
9 162 156 10 36 92 38 85 104 128 163 160  7
9 155 219 89 36 196 102 85 92 114 159 155  8
9 161 215 50 20 196 102 85 93 114 159 158  9
9 157 149 0 20 92 38 69 89 113 155 155  10
25 159 156 0 20 92 38 85 91 114 160 15000  11
Chip#2
239 191 203 140 40 259 132 135 168 153 152 100  0
239 191 204 140 40 259 129 134 166 153 148 97  1
239 95 199 140 39 259 126 133 164 157 151 97  2
239 95 256 582 247 259 523 437 167 388 435 105  3
239 94 300 903 442 259 707 470 167 402 426 97  4
239 105 206 197 67 259 149 149 173 165 158 100  5
239 86 199 278 125 259 125 133 156 152 152 89  6
239 94 264 679 395 259 141 149 162 162 166 94  7
239 96 206 197 88 259 131 143 170 157 152 95  8
239 101 203 89 41 259 132 144 172 161 160 97  9
239 101 203 90 44 259 141 152 169 166 172 102  10
239 100 205 140 45 259 138 136 172 160 157 15000  11
