
Chip#1
972 814 937 750 913 981 844 1171 1044 925 905 822  0
979 830 942 766 917 980 853 1187 1049 925 911 838  1
972 830 937 766 914 979 847 1171 1048 925 904 822  2
984 830 947 766 922 986 856 1187 1049 1029 910 854  3
977 830 944 766 919 981 853 1187 1050 1029 908 838  4
974 830 937 766 913 978 853 1187 1047 1029 908 838  5
977 830 944 766 919 981 853 1187 1048 1029 909 838  6
976 830 943 766 919 978 853 1187 1047 1029 907 854  7
978 814 942 766 917 981 850 1171 1048 925 908 822  8
975 830 943 766 915 983 853 1171 1050 925 908 822  9
981 830 944 766 924 983 853 1187 1048 1029 909 838  10
975 830 940 750 914 981 853 1187 1050 925 907 15000  11
Chip#2
463 256 303 422 350 357 289 280 289 342 333 469  0
538 256 293 418 351 362 273 280 289 353 337 469  1
538 261 300 423 351 366 289 296 392 347 339 469  2
542 265 304 426 359 366 289 280 392 350 340 485  3
540 259 300 426 357 368 289 296 392 351 340 469  4
541 261 304 427 351 366 305 296 392 355 337 485  5
545 265 307 422 355 362 195 280 392 353 341 469  6
548 263 312 427 361 367 197 280 392 354 343 469  7
546 265 308 421 351 362 289 296 392 354 336 469  8
545 259 305 425 362 361 289 280 392 350 340 469  9
548 256 296 416 353 355 189 280 392 347 332 398  10
537 252 293 413 348 359 273 264 289 345 336 15000  11
Chip#3
597 456 562 558 446 465 535 453 471 465 418 354  0
597 446 564 558 446 519 535 481 487 474 434 411  1
597 428 539 558 446 466 535 487 487 490 450 443  2
597 421 532 558 446 519 535 491 519 522 498 431  3
597 416 520 558 446 519 535 503 535 538 457 464  4
513 401 525 558 446 503 535 511 535 543 489 489  5
513 398 520 558 446 519 535 519 551 560 498 507  6
497 380 508 558 446 519 535 519 567 549 496 505  7
481 364 508 558 446 519 535 509 551 546 489 503  8
465 357 506 558 446 528 535 519 551 546 495 509  9
361 339 506 558 446 528 535 504 551 536 479 492  10
349 342 503 558 446 519 535 499 535 534 475 15000  11
Chip#4
3029 3075 3239 3461 3662 3648 3805 0 0 0 0 0  0
3163 3122 3390 3531 3720 3702 3856 0 0 0 0 0  1
3211 3190 3438 3601 3760 3747 3890 0 0 0 0 0  2
3167 3227 3470 3630 3810 3799 3896 0 0 0 0 0  3
3208 3262 3518 3655 3853 3836 3896 0 0 0 0 0  4
3241 3354 3635 3710 3898 3891 3896 0 0 0 0 0  5
3371 3331 3614 3757 3942 3891 3896 0 0 0 0 0  6
3387 3344 3630 3782 3942 3891 3896 0 0 0 0 0  7
3387 3363 3630 3790 3942 3891 3896 0 0 0 0 0  8
3419 3377 3678 3816 3942 3891 3896 0 0 0 0 0  9
3403 3381 3662 3842 3942 3891 3896 0 0 0 0 0  10
3387 3382 3662 3844 3942 3891 3896 0 0 0 0 15000  11
