
Chip#1
104 94 102 103 98 105 111 101 104 95 101 105  0
104 99 105 108 105 107 115 105 109 105 106 106  1
101 95 99 101 97 104 106 96 106 97 101 99  2
96 92 98 97 91 95 98 96 102 96 96 99  3
102 99 105 109 104 105 106 104 107 95 102 102  4
108 104 140 143 105 144 176 103 112 108 105 104  5
104 102 120 121 103 128 144 103 109 105 105 104  6
101 100 104 107 101 103 107 102 111 93 103 102  7
102 101 152 151 98 126 135 101 108 97 100 101  8
105 102 136 130 105 126 133 101 107 103 100 106  9
98 99 103 104 96 104 106 100 106 93 98 102  10
104 105 105 107 103 107 108 105 106 103 102 15000  11
Chip#2
102 100 101 105 112 107 105 99 100 93 100 108  0
102 104 104 100 111 102 101 96 96 91 100 106  1
106 106 109 105 113 111 104 100 101 98 102 111  2
104 104 107 105 112 104 104 102 98 92 100 108  3
105 109 106 105 112 104 107 100 94 96 104 105  4
110 113 110 108 113 111 108 106 101 101 107 110  5
111 113 112 107 119 112 113 110 105 103 109 114  6
103 101 110 103 107 104 111 110 98 96 105 106  7
102 108 110 105 110 108 106 104 99 96 104 108  8
109 110 114 109 111 108 110 109 100 101 106 114  9
106 105 109 108 116 111 110 106 96 98 112 108  10
106 105 105 107 107 102 102 103 93 97 100 15000  11
