
Chip#1
112 117 116 145 109 113 106 113 109 114 118 117  0
109 110 105 111 97 107 99 101 102 104 106 111  1
113 112 111 111 106 116 103 110 107 114 112 116  2
115 116 228 207 113 224 190 109 204 171 112 116  3
109 107 228 211 104 169 147 105 162 140 105 111  4
112 114 116 129 113 116 102 110 108 110 111 113  5
115 120 198 214 113 126 109 112 118 118 114 114  6
115 114 193 199 109 121 115 112 114 115 111 116  7
112 112 109 129 109 115 103 112 108 108 111 113  8
108 113 106 129 106 126 114 97 113 115 109 105  9
113 114 111 129 107 126 115 108 113 113 111 114  10
115 117 114 129 114 117 108 110 112 113 116 15000  11
Chip#2
108 103 102 100 108 105 116 95 97 102 106 108  0
111 105 95 98 108 108 115 98 98 106 106 106  1
109 107 99 100 113 107 115 97 100 105 107 113  2
111 106 97 101 105 111 115 98 100 105 106 106  3
108 103 96 98 105 108 109 94 101 101 102 105  4
115 113 108 104 114 114 117 104 102 113 111 113  5
108 99 115 106 107 105 113 95 98 106 103 104  6
108 103 112 104 103 107 112 95 97 101 103 102  7
107 102 100 98 105 108 111 95 93 102 100 105  8
109 107 117 113 108 123 124 95 109 114 104 105  9
112 105 120 112 111 124 123 104 112 117 107 113  10
114 106 100 98 108 110 113 97 97 106 108 15000  11
