
Chip#1
111 111 106 129 105 107 102 102 101 108 116 120  0
124 117 110 129 111 115 105 110 112 114 114 121  1
116 110 114 129 113 121 111 113 116 113 114 114  2
112 112 602 500 114 701 570 116 656 493 111 113  3
103 107 626 543 106 496 367 106 439 325 106 107  4
115 117 117 129 107 113 109 106 108 110 111 113  5
112 112 494 496 105 140 131 106 129 132 108 111  6
112 113 448 450 114 139 133 110 124 122 109 113  7
112 109 111 129 106 111 102 105 107 109 108 112  8
105 109 113 129 104 145 133 108 133 139 108 112  9
113 116 115 129 111 136 131 109 126 129 115 121  10
109 111 113 129 110 111 106 109 108 109 112 15000  11
Chip#2
98 101 106 100 113 105 119 101 101 107 108 104  0
102 103 105 104 111 107 117 98 100 106 110 110  1
105 107 105 105 110 115 119 105 108 109 110 111  2
108 105 103 102 111 162 157 102 123 120 112 108  3
109 106 106 104 113 145 139 104 117 116 110 108  4
106 107 108 102 114 111 120 101 106 107 106 109  5
108 106 227 175 113 124 129 104 122 120 110 111  6
104 106 194 151 114 118 124 105 118 118 108 108  7
101 101 100 102 105 108 113 97 100 106 103 105  8
107 105 282 224 110 300 250 104 245 224 107 109  9
102 102 242 178 108 243 198 101 195 182 103 109  10
106 103 103 100 113 111 124 104 101 106 110 15000  11
