
Chip#1
113 111 116 143 104 111 102 98 109 113 114 113  0
117 124 119 143 113 117 103 104 116 115 119 121  1
116 116 118 143 106 116 107 104 114 115 116 121  2
112 113 113 143 104 113 102 102 109 113 112 117  3
109 120 111 143 106 116 104 104 108 109 114 114  4
112 118 114 143 105 113 99 98 108 108 112 117  5
108 120 114 143 106 116 105 98 109 113 112 114  6
108 111 106 143 102 108 97 100 107 105 106 109  7
115 117 116 143 106 115 102 102 112 112 119 118  8
111 117 116 143 105 117 103 100 108 110 114 114  9
109 116 111 143 106 113 97 98 104 109 110 114  10
113 114 111 143 102 112 100 100 104 105 111 15000  11
Chip#2
125 117 111 109 125 115 131 108 114 117 117 114  0
119 119 108 110 125 119 132 111 109 117 114 117  1
119 118 108 113 127 118 131 108 113 118 116 113  2
118 121 111 108 123 119 131 106 112 113 113 111  3
127 114 114 110 121 119 129 113 109 113 117 109  4
119 117 106 108 121 111 124 106 106 108 111 109  5
112 118 106 108 123 112 125 109 108 110 112 108  6
118 118 109 110 128 114 131 109 110 116 117 114  7
127 119 115 114 130 123 131 111 118 120 122 119  8
122 123 117 108 128 118 132 109 109 118 117 118  9
124 121 114 112 128 120 131 111 109 120 117 114  10
127 123 115 112 128 124 129 112 110 117 120 15000  11
