
Chip#1
73 182 153 10 36 92 54 85 101 132 175 217  0
25 169 382 354 36 284 614 117 163 585 190 177  1
25 169 2710 3440 184 3743 3938 474 2282 3910 1027 176  2
25 165 731 999 52 1220 2662 211 972 3399 425 167  3
25 159 161 14 36 108 54 85 109 194 175 163  4
25 158 219 102 20 196 134 85 1566 3899 444 164  5
25 164 190 45 36 124 102 101 1074 2996 342 170  6
25 157 150 4 36 92 38 101 92 122 157 158  7
25 164 219 103 36 196 102 101 100 124 166 163  8
9 157 215 53 36 196 102 85 87 121 151 155  9
25 157 153 4 20 92 38 85 84 114 156 159  10
25 156 144 0 20 92 38 85 87 110 154 15000  11
Chip#2
239 191 205 140 40 259 128 131 168 157 148 104  0
239 191 209 140 39 259 127 135 170 159 151 102  1
239 191 205 140 41 259 132 137 168 159 156 103  2
239 95 259 576 242 259 491 437 167 382 429 102  3
239 99 309 898 449 259 603 470 169 406 424 106  4
239 95 204 197 60 259 146 144 167 160 152 95  5
239 92 209 285 127 259 132 142 168 163 162 100  6
239 95 270 673 392 259 145 148 164 165 162 97  7
239 98 205 197 82 259 130 138 168 157 150 97  8
239 93 202 79 37 259 131 138 167 159 158 96  9
239 94 199 78 37 259 139 148 163 162 167 99  10
239 191 201 140 40 259 127 132 166 157 146 15000  11
