
Chip#1
106 105 97 99 105 105 106 105 104 108 102 100  0
102 96 107 113 101 100 112 102 99 112 98 95  1
105 104 166 201 105 172 236 116 159 254 119 104  2
108 106 126 141 110 130 159 111 134 189 109 107  3
104 107 109 112 108 109 113 111 109 112 101 100  4
106 102 238 258 103 176 241 110 142 206 109 99  5
108 104 145 158 107 145 177 113 137 189 107 95  6
110 109 109 116 114 115 111 113 113 109 107 105  7
108 107 208 209 110 171 190 107 106 107 106 105  8
110 107 167 163 105 169 186 109 104 104 102 101  9
104 106 103 102 101 103 102 105 104 101 96 99  10
109 107 105 106 110 106 102 108 107 112 107 15000  11
Chip#2
111 110 105 105 114 108 106 103 104 107 105 105  0
102 105 103 99 104 102 101 99 99 102 104 101  1
110 109 107 105 105 104 107 103 99 103 107 108  2
106 108 109 116 111 106 116 111 101 115 114 104  3
110 118 110 139 127 109 130 126 110 123 125 110  4
109 111 106 107 108 106 110 104 104 103 106 106  5
110 114 111 113 114 109 118 116 108 112 125 108  6
105 109 104 123 117 106 125 124 104 118 133 103  7
102 106 100 105 106 101 102 99 99 99 105 100  8
115 118 112 112 110 113 116 118 111 113 126 114  9
110 108 103 100 105 103 118 127 104 113 133 109  10
115 109 107 104 104 106 112 111 106 108 110 15000  11
