
Chip#1
122 112 109 109 104 111 96 105 106 105 114 117  0
126 120 118 129 114 120 105 113 113 115 125 122  1
112 109 110 129 102 118 104 106 110 117 114 112  2
116 114 631 518 111 736 578 109 685 511 115 113  3
111 109 664 568 110 521 382 110 463 341 114 112  4
116 116 119 129 110 116 104 114 110 113 118 113  5
113 118 521 525 111 143 130 109 133 125 114 113  6
112 113 467 465 109 138 122 110 120 120 114 109  7
113 116 120 129 111 120 107 114 114 115 119 112  8
113 118 115 129 113 143 132 110 141 139 116 118  9
113 116 115 129 111 135 119 112 125 128 119 117  10
115 113 113 129 111 113 105 106 106 109 118 15000  11
Chip#2
115 107 106 105 114 110 119 104 105 110 114 110  0
114 107 102 109 115 114 117 98 103 107 112 113  1
117 111 105 110 117 120 121 104 106 112 113 110  2
118 114 105 109 121 183 155 104 126 122 112 113  3
117 107 106 106 118 155 145 104 121 117 110 110  4
119 117 109 114 123 121 124 109 110 117 116 113  5
115 113 286 223 118 134 133 106 130 129 114 113  6
114 114 243 177 117 127 132 108 122 118 112 110  7
119 110 103 109 115 115 120 102 108 107 112 113  8
115 114 349 280 115 382 314 104 303 263 108 109  9
121 118 307 233 124 310 248 111 255 240 116 119  10
122 114 108 113 124 120 121 106 109 114 118 15000  11
