
Chip#1
395 395 306 423 392 363 363 338 325 305 320 379  0
395 379 298 413 385 363 343 334 317 296 311 302  1
379 379 305 415 392 379 363 335 329 305 308 347  2
395 395 1435 1278 409 1691 1379 355 1531 1123 320 363  3
379 379 1489 1346 399 1195 923 343 1067 775 306 347  4
379 379 308 424 394 363 363 338 322 298 308 295  5
363 363 1163 1250 391 427 443 332 416 333 300 347  6
379 363 1072 1131 394 427 440 338 363 321 307 347  7
379 363 302 421 394 363 363 335 322 297 307 347  8
379 379 302 422 397 393 458 338 434 363 311 363  9
379 379 302 420 395 391 433 338 363 328 309 299  10
379 363 302 418 391 388 363 332 317 294 308 15000  11
Chip#2
463 454 306 399 400 305 347 458 363 416 337 300  0
461 452 303 394 397 298 289 456 347 412 337 295  1
460 453 304 393 397 301 347 454 347 412 333 294  2
411 452 307 397 400 415 388 459 363 427 338 293  3
462 453 302 392 396 363 387 457 363 421 337 298  4
459 456 305 397 400 302 296 458 347 414 337 294  5
395 451 481 450 395 314 297 452 363 425 332 289  6
460 454 455 435 396 308 296 453 363 417 331 293  7
461 454 306 395 396 302 292 456 347 413 333 292  8
395 457 526 498 400 536 468 460 567 499 335 296  9
461 458 500 463 398 489 433 458 537 484 335 299  10
467 453 307 399 401 305 298 458 363 414 340 15000  11
