
Chip#1
132 116 114 122 132 109 138 159 112 113 110 102  0
190 189 133 217 240 168 497 495 139 127 131 100  1
171 179 129 211 236 168 493 487 164 127 147 99  2
140 129 110 121 127 112 163 178 109 109 109 102  3
250 245 134 142 149 140 541 546 164 129 131 103  4
219 219 129 142 144 140 544 555 164 132 147 108  5
141 134 116 124 120 114 181 178 114 114 131 103  6
233 224 128 135 134 168 561 518 133 133 131 98  7
206 195 119 130 128 168 538 499 164 140 147 103  8
143 137 112 117 121 112 196 176 107 117 131 101  9
236 229 134 127 126 184 592 499 126 160 147 102  10
203 198 121 127 131 184 569 493 123 156 163 15000  11
Chip#2
128 106 195 97 104 104 102 97 100 104 105 108  0
112 117 109 110 128 111 358 343 99 112 109 109  1
128 137 118 129 151 119 624 611 100 119 115 110  2
112 119 109 104 111 110 147 135 99 111 106 109  3
128 133 112 104 115 113 395 458 100 109 111 109  4
128 143 120 109 126 120 439 483 99 113 109 107  5
112 111 107 103 109 110 118 114 99 104 103 104  6
112 138 118 109 119 116 376 410 99 113 109 109  7
128 129 116 105 115 111 277 292 100 109 108 109  8
128 114 110 104 109 113 146 162 100 109 108 109  9
128 139 110 99 106 106 660 793 100 113 110 103  10
112 124 108 95 104 103 300 367 100 106 108 15000  11
