
Chip#1
295 337 283 268 372 287 253 309 287 315 275 347  0
295 334 282 331 373 287 250 308 347 311 282 363  1
296 340 385 379 373 321 303 310 379 423 280 342  2
294 346 939 992 373 875 1113 329 952 1123 300 342  3
294 344 718 734 374 704 793 323 731 856 292 344  4
293 337 311 363 373 293 263 305 295 328 275 339  5
295 341 854 891 373 292 262 307 347 322 279 345  6
293 338 777 796 373 287 253 305 347 315 276 341  7
297 338 300 347 373 290 254 310 347 318 278 363  8
296 339 287 331 373 293 265 310 347 322 280 363  9
347 335 282 347 373 287 256 307 363 317 275 363  10
296 338 284 331 372 284 248 308 285 315 278 345  11
Chip#2
376 379 283 363 417 363 292 355 355 347 331 383  0
376 363 283 363 412 363 289 350 355 338 355 380  1
375 363 355 363 409 388 287 349 355 338 355 379  2
375 363 355 363 413 363 281 344 355 336 355 379  3
375 363 355 363 420 407 289 355 355 344 355 379  4
376 395 355 363 418 403 294 355 355 348 355 380  5
375 1255 1376 420 418 363 290 355 355 336 355 379  6
376 1451 1567 423 423 406 291 355 355 341 355 380  7
376 503 363 363 437 420 296 355 355 346 355 382  8
376 1179 1296 421 1179 1231 298 1015 1060 339 355 379  9
376 1545 1606 432 1803 1995 315 1571 1786 355 355 379  10
377 511 347 410 518 509 297 482 503 345 355 380  11
