
Chip#1
117 118 111 109 105 108 104 105 109 114 115 121  0
126 116 113 129 114 116 104 110 116 115 120 120  1
116 109 107 114 106 116 103 106 117 113 111 111  2
113 110 605 497 110 704 561 109 655 492 111 111  3
109 113 635 545 106 496 369 108 445 326 110 111  4
117 120 118 129 111 122 108 112 113 113 111 113  5
111 112 498 500 106 138 126 105 130 128 112 111  6
112 111 448 444 104 134 121 100 118 122 111 109  7
115 112 110 129 106 112 104 105 109 108 114 109  8
111 116 113 129 109 140 131 105 132 132 114 113  9
113 114 114 129 109 134 121 105 118 125 118 117  10
121 122 119 129 113 121 111 112 113 114 123 15000  11
Chip#2
112 109 105 108 111 111 119 104 101 109 111 108  0
109 106 99 102 107 108 117 98 97 106 108 106  1
104 105 96 98 111 111 115 99 101 102 106 109  2
107 109 99 101 110 148 140 95 110 117 103 106  3
117 109 106 105 114 135 135 99 108 114 107 110  4
114 111 105 108 113 114 119 99 101 113 112 110  5
107 106 211 172 107 119 116 99 110 116 106 105  6
107 105 176 148 108 115 115 98 104 109 102 101  7
109 105 100 106 110 112 115 98 103 106 108 110  8
108 109 264 222 108 290 241 101 234 217 107 111  9
112 111 237 182 110 240 199 105 189 185 108 111  10
104 101 96 98 110 103 107 98 94 101 107 15000  11
