
Chip#1
109 113 107 129 102 106 102 101 106 109 109 117  0
119 113 111 129 109 112 107 108 109 115 115 118  1
113 110 110 129 107 115 108 104 110 114 109 116  2
107 113 528 443 110 611 502 112 574 433 112 112  3
108 106 553 479 102 435 338 108 388 298 108 104  4
109 109 109 114 107 112 110 106 107 112 106 111  5
104 109 417 435 100 132 126 104 122 123 108 107  6
105 109 396 435 106 135 126 108 117 119 106 107  7
109 107 114 129 107 116 108 108 106 109 110 113  8
111 106 103 129 105 132 130 100 130 130 104 109  9
112 116 115 129 106 140 125 109 121 132 114 117  10
116 117 114 145 114 120 110 114 112 114 114 15000  11
Chip#2
104 105 108 108 115 110 120 104 105 106 111 114  0
99 97 96 96 105 104 112 95 94 101 103 105  1
102 105 109 104 114 114 119 99 102 105 108 108  2
101 101 99 101 107 140 135 99 109 112 107 104  3
104 102 105 100 107 128 129 102 105 107 108 102  4
114 110 111 108 113 115 120 105 105 109 110 110  5
105 102 179 148 111 119 120 101 113 112 104 106  6
102 101 155 129 108 112 115 99 106 106 107 105  7
105 99 99 98 107 108 116 97 103 106 108 105  8
104 106 211 173 110 231 193 99 186 171 107 105  9
101 101 189 147 101 188 172 99 162 153 103 102  10
104 95 95 96 104 107 109 94 100 103 106 15000  11
