
Chip#1
121 120 117 114 105 116 105 108 107 113 123 124  0
121 117 113 129 107 117 107 109 107 114 116 117  1
122 114 122 129 116 125 111 114 116 120 120 120  2
111 113 533 441 109 610 494 113 577 436 112 112  3
111 110 548 469 106 436 322 105 380 289 111 107  4
113 113 111 129 102 116 100 105 108 109 110 104  5
111 116 418 425 109 134 124 106 126 128 114 109  6
113 109 381 385 106 135 119 102 117 119 109 111  7
117 117 116 129 110 120 111 110 112 115 118 117  8
109 110 111 129 106 132 122 106 125 128 114 111  9
112 112 105 129 104 125 109 105 117 118 112 109  10
116 118 115 129 111 120 108 108 107 108 115 15000  11
Chip#2
99 98 95 94 107 105 107 95 97 99 106 105  0
105 105 98 102 113 108 113 99 98 105 108 110  1
105 105 100 101 114 111 115 98 103 105 106 111  2
107 105 100 105 115 141 135 99 116 120 111 110  3
109 102 100 97 111 131 125 101 105 110 108 108  4
98 103 95 98 108 103 107 88 93 101 102 98  5
109 111 195 160 115 121 124 108 118 121 113 117  6
109 105 169 143 115 118 120 98 110 113 108 113  7
104 98 98 97 110 104 113 98 103 101 103 108  8
108 102 230 191 114 246 206 101 200 186 107 108  9
105 103 202 159 114 208 173 101 173 163 107 108  10
107 97 92 100 108 105 107 98 101 102 104 15000  11
