
Chip#1
132 127 117 122 128 113 147 159 115 110 109 106  0
182 182 130 204 217 141 517 522 164 122 131 106  1
164 180 131 197 218 168 497 502 164 136 147 106  2
141 137 119 124 130 111 168 178 112 110 112 101  3
245 242 137 144 171 168 544 560 180 134 147 107  4
208 206 134 138 140 136 535 554 164 129 131 109  5
140 131 116 116 114 112 174 175 115 118 107 105  6
227 225 133 134 139 151 598 557 144 141 131 105  7
196 190 119 127 126 140 551 518 131 141 147 102  8
138 147 111 113 117 113 199 175 113 113 111 108  9
231 234 147 133 135 184 607 512 164 160 163 114  10
195 195 124 123 122 168 564 489 125 155 163 15000  11
Chip#2
112 105 108 99 106 102 101 101 98 106 102 108  0
112 117 103 110 122 110 349 357 98 108 109 108  1
112 131 108 116 137 106 678 664 98 113 109 104  2
112 107 103 99 104 106 144 137 98 107 99 107  3
112 120 102 98 110 108 401 461 98 108 100 103  4
128 142 108 107 121 117 458 501 98 111 104 109  5
112 107 109 99 109 108 115 113 98 104 100 108  6
112 131 112 107 119 110 391 418 98 114 109 109  7
112 131 107 105 116 108 288 297 98 107 102 107  8
112 106 106 100 104 105 139 162 98 102 99 104  9
112 137 108 105 113 106 669 784 98 113 105 107  10
128 129 109 102 103 105 303 369 98 112 109 15000  11
