Chip#4
105 98 103 100 99 106 101 102 101 102 101 100  0
106 101 105 104 99 110 102 107 105 112 124 106  1
110 107 104 103 102 109 106 101 105 107 119 104  2
107 105 104 104 104 109 104 104 107 105 109 105  3
110 116 101 106 123 106 104 116 101 100 103 100  4
106 128 99 102 116 104 102 108 105 99 105 100  5
110 106 108 107 107 111 106 104 107 107 108 106  6
109 110 107 103 104 111 107 106 104 107 106 108  7
110 107 109 108 110 110 107 110 107 110 105 109  8
102 105 105 102 106 105 104 102 106 102 106 103  9
114 105 107 107 108 112 107 106 109 107 109 110  10
101 100 103 102 103 110 102 102 101 104 103 15000  11
