
Chip#1
116 118 109 143 110 113 108 110 107 117 125 124  0
113 121 109 143 110 111 106 104 102 112 115 116  1
116 116 106 143 113 120 109 106 110 118 114 117  2
112 118 422 372 110 513 408 112 457 362 115 114  3
109 117 441 401 116 378 289 110 320 247 114 116  4
111 120 113 129 115 115 108 108 107 115 116 112  5
111 117 333 351 110 136 125 109 124 129 111 114  6
111 113 315 320 114 135 125 114 117 120 115 111  7
116 121 111 129 116 118 111 114 112 119 119 117  8
104 113 105 129 110 130 122 104 120 125 111 107  9
105 116 109 129 110 126 116 110 116 119 109 116  10
105 109 103 129 105 107 104 102 104 105 109 15000  11
Chip#2
112 113 112 106 121 112 129 109 112 109 113 114  0
109 109 105 101 111 105 119 102 104 105 108 111  1
108 111 109 105 118 111 121 106 109 106 110 113  2
114 114 108 106 120 202 181 106 135 128 112 114  3
112 111 108 102 117 165 149 106 126 117 110 108  4
117 113 115 106 121 115 128 106 114 109 111 114  5
116 118 305 232 120 135 147 109 142 136 113 117  6
118 118 258 231 121 131 135 112 130 125 116 113  7
117 114 114 110 120 119 132 109 113 110 110 117  8
118 122 384 310 125 422 357 115 333 293 117 118  9
115 114 323 237 121 330 277 111 264 246 112 118  10
121 114 111 104 118 114 123 109 113 114 114 15000  11

Chip#1
115 118 110 129 105 111 105 101 105 110 120 118  0
115 116 109 129 113 111 108 108 105 112 111 116  1
107 111 110 129 109 116 108 106 107 113 108 112  2
107 114 420 365 109 512 404 112 459 359 116 113  3
107 113 436 401 106 368 285 108 319 237 111 111  4
105 113 107 129 105 113 100 100 100 112 110 108  5
108 114 330 344 110 129 124 104 124 124 111 112  6
107 117 311 312 109 130 119 108 113 123 112 113  7
111 116 107 129 110 111 106 102 106 108 114 111  8
105 113 105 129 109 132 122 101 120 125 111 109  9
109 116 110 129 111 127 116 106 112 119 111 117  10
105 106 105 111 106 110 104 106 100 105 109 15000  11
Chip#2
105 102 103 104 111 110 116 101 105 105 107 110  0
114 106 106 108 113 115 119 108 108 107 111 110  1
114 110 109 110 118 117 124 109 113 112 112 114  2
109 103 102 105 115 200 172 105 130 129 108 105  3
108 102 103 106 111 165 151 106 123 116 110 106  4
109 107 111 110 113 118 116 104 103 107 111 111  5
117 117 303 232 117 144 140 111 142 135 117 115  6
107 107 252 181 110 127 121 105 125 117 106 110  7
111 103 105 105 107 114 112 102 108 106 106 108  8
112 111 376 308 118 418 341 109 325 285 107 113  9
112 115 318 240 113 330 274 108 259 249 107 113  10
118 106 106 109 115 117 119 108 112 113 114 15000  11
