
Chip#1
117 121 116 129 109 115 100 109 107 113 123 121  0
125 120 110 129 113 117 102 110 112 115 120 126  1
115 113 119 129 107 116 104 110 112 114 114 113  2
117 116 561 464 114 649 519 116 602 452 119 116  3
111 114 576 494 107 464 340 113 403 304 115 112  4
109 116 111 113 105 118 98 105 107 105 110 112  5
117 118 437 448 111 143 126 116 130 132 118 117  6
111 113 396 401 111 134 115 110 121 118 112 109  7
111 113 114 129 110 118 103 108 110 112 116 114  8
105 113 109 129 107 132 119 102 129 125 111 109  9
108 113 107 129 110 129 113 105 112 122 109 111  10
109 120 115 129 109 115 104 114 107 113 115 15000  11
Chip#2
111 106 100 105 114 107 116 95 101 109 108 108  0
109 105 99 102 107 108 115 95 102 105 110 109  1
105 102 99 104 110 107 115 99 98 99 102 102  2
112 103 99 102 111 144 141 101 112 112 104 106  3
102 99 95 96 107 127 124 97 102 106 100 100  4
104 102 95 101 101 103 109 91 94 101 100 96  5
105 107 204 165 113 118 120 99 113 117 107 108  6
112 109 180 147 113 115 116 105 109 113 107 106  7
112 106 108 110 115 115 119 105 108 109 108 111  8
108 109 250 210 111 272 224 98 222 205 106 106  9
117 111 221 178 115 223 193 105 184 178 111 114  10
108 109 100 105 110 111 117 100 102 106 112 15000  11
