
Chip#1
125 124 120 129 109 115 109 110 112 117 119 121  0
124 120 118 129 109 113 108 110 110 113 119 118  1
121 121 120 129 113 126 119 117 121 123 119 120  2
115 117 559 457 106 641 513 110 603 447 112 112  3
111 121 583 499 110 464 343 116 411 304 119 116  4
109 113 113 129 105 112 104 109 107 112 112 111  5
116 122 439 442 113 136 131 110 134 128 119 114  6
108 110 392 385 105 127 116 106 118 118 109 107  7
107 110 107 111 106 110 103 106 106 107 108 108  8
116 112 114 129 110 135 127 109 132 130 115 111  9
115 117 110 115 106 129 119 112 117 124 114 114  10
112 114 111 129 107 115 102 104 106 105 112 15000  11
Chip#2
107 101 97 102 113 107 115 95 98 101 107 110  0
109 103 99 102 113 110 112 99 102 102 110 113  1
107 106 100 106 111 112 113 99 100 106 106 105  2
109 103 96 105 110 147 136 99 113 117 107 108  3
108 102 96 101 113 134 129 99 108 112 110 108  4
112 107 105 109 115 110 117 97 101 107 110 110  5
107 106 204 165 118 124 121 102 114 116 108 108  6
115 110 186 152 120 120 125 102 113 114 111 111  7
111 101 102 104 111 108 116 99 102 109 106 109  8
111 106 258 208 118 278 228 101 222 209 113 108  9
109 110 224 172 117 229 192 101 186 176 111 111  10
108 101 95 98 105 107 109 94 100 102 104 15000  11
