
Chip#1
106 101 102 106 103 106 112 105 103 96 105 100  0
101 99 103 109 102 107 114 104 106 99 102 101  1
102 100 110 124 101 115 130 102 114 124 103 99  2
104 102 100 113 102 110 120 108 111 115 100 104  3
115 109 126 133 109 120 135 114 114 105 109 106  4
106 102 508 530 101 524 886 123 117 117 105 100  5
111 102 278 288 104 337 533 113 116 124 106 104  6
108 101 118 120 103 106 111 107 101 96 101 99  7
101 104 656 630 108 353 416 109 101 100 105 104  8
105 102 447 394 102 350 410 107 107 96 98 99  9
109 104 106 112 107 105 109 105 108 103 105 105  10
108 100 100 103 98 101 111 103 103 99 100 15000  11
Chip#2
106 109 104 102 107 102 107 99 101 98 106 108  0
106 111 105 109 113 106 107 102 100 99 106 110  1
104 109 104 107 108 108 106 104 96 101 102 108  2
109 108 107 112 114 112 116 113 102 104 107 110  3
103 108 104 113 111 103 112 106 100 99 106 108  4
104 109 106 103 108 108 108 97 101 97 104 104  5
105 103 104 104 110 106 169 166 101 127 160 106  6
103 109 103 108 112 108 303 291 105 165 206 110  7
111 106 109 109 108 109 126 123 108 107 118 112  8
104 104 105 103 105 107 123 130 100 125 173 106  9
110 112 109 108 112 109 179 216 111 183 298 135  10
109 113 106 109 113 107 120 126 104 108 135 15000  11
