
Chip#1
113 113 105 129 102 107 102 101 102 112 111 117  0
119 110 105 110 104 111 100 104 101 108 111 114  1
116 109 114 113 110 118 110 109 112 119 111 114  2
116 110 620 515 107 736 585 116 677 511 111 112  3
108 106 651 563 110 513 384 108 452 340 108 108  4
109 109 107 129 107 115 108 108 107 112 108 109  5
116 112 513 516 106 138 128 108 130 137 109 109  6
113 113 465 460 114 140 131 109 125 128 112 111  7
103 101 103 106 97 107 97 98 97 104 102 101  8
108 101 100 106 102 140 132 98 128 137 104 103  9
109 107 101 129 106 131 124 102 118 125 106 107  10
111 105 105 110 106 108 102 104 105 104 108 15000  11
Chip#2
107 102 103 105 113 110 115 104 101 106 106 109  0
104 101 99 100 105 104 112 99 97 102 102 105  1
107 102 102 105 111 115 115 98 102 105 110 109  2
99 97 103 98 108 167 148 99 118 113 99 102  3
108 103 102 102 114 144 136 102 114 113 104 105  4
112 106 112 110 115 115 120 108 105 108 111 110  5
107 103 243 187 105 124 120 101 118 112 102 105  6
111 107 211 166 114 124 121 106 114 117 111 109  7
104 99 100 106 108 117 111 104 98 101 100 106  8
105 101 299 244 113 326 277 101 261 232 102 108  9
109 103 263 202 113 270 218 104 222 212 104 111  10
115 107 111 110 118 119 120 111 108 112 116 15000  11
