
Chip#1
174 86 206 240 124 282 160 207 200 123 224 88  0
169 82 206 233 124 282 157 207 200 119 221 84  1
178 89 206 241 132 282 166 207 202 128 255 92  2
177 90 206 246 132 282 163 207 204 123 228 93  3
177 89 206 241 132 282 162 207 203 123 255 85  4
177 89 206 245 132 282 166 207 206 125 255 89  5
175 83 206 241 132 282 163 207 201 127 255 91  6
171 86 206 245 132 282 163 207 203 122 255 85  7
177 84 206 240 124 282 160 207 204 125 227 86  8
177 87 206 238 132 282 165 207 202 120 227 90  9
178 88 206 242 132 282 168 207 206 123 227 91  10
177 81 206 242 132 282 161 207 203 122 222 82  11
Chip#2
234 95 145 207 194 29 188 199 0 125 260 213  0
234 90 145 197 210 149 184 90 0 120 260 213  1
234 89 145 193 210 29 184 90 0 119 260 213  2
234 82 145 192 194 29 180 190 15 109 260 213  3
234 90 145 197 210 29 185 198 0 115 260 213  4
234 86 145 193 194 29 180 199 15 116 260 213  5
234 86 145 193 210 29 180 90 0 113 260 213  6
234 90 145 198 194 29 179 190 15 120 260 213  7
234 94 145 198 210 149 185 90 0 116 260 213  8
234 86 145 188 210 149 180 90 0 111 260 213  9
234 90 145 198 210 149 180 90 0 113 260 213  10
234 95 145 207 194 29 188 202 15 131 260 213  11
