
Chip#1
99 92 93 97 95 93 91 86 90 91 95 88  0
102 102 105 110 103 104 115 108 102 105 100 101  1
102 107 106 108 112 106 116 107 102 99 104 96  2
103 99 105 108 102 103 101 97 96 98 99 101  3
132 112 110 113 107 108 116 112 104 107 131 101  4
108 100 103 106 106 104 115 109 102 104 104 100  5
108 107 111 112 112 112 110 107 103 110 131 103  6
112 109 112 113 107 112 115 114 108 110 109 102  7
99 100 101 106 102 94 110 104 100 100 99 94  8
103 93 102 102 97 96 103 94 102 96 100 92  9
108 102 110 110 103 109 111 107 101 104 104 101  10
97 97 97 101 96 106 105 102 95 95 101 15000  11
Chip#2
112 104 103 93 100 103 96 92 102 102 99 105  0
112 99 100 92 99 100 101 100 102 101 97 99  1
112 104 104 97 104 100 106 106 72 106 102 100  2
112 101 101 91 95 102 98 98 102 102 99 107  3
112 108 108 98 108 106 110 110 102 108 100 109  4
112 110 107 100 106 108 111 108 102 106 104 112  5
112 105 103 91 96 100 100 93 102 105 97 104  6
140 106 106 95 100 102 107 106 102 107 98 102  7
112 106 102 94 101 98 103 101 102 101 98 102  8
112 108 107 100 104 108 106 102 102 107 104 109  9
112 107 108 95 106 106 112 116 102 107 102 103  10
82 100 100 92 96 97 100 97 72 101 100 15000  11
