
Chip#1
25 146 139 0 20 92 38 69 80 102 155 163  0
9 149 200 68 4 124 150 69 98 211 161 154  1
9 153 689 773 36 844 1606 210 560 1618 332 155  2
9 149 254 192 20 316 598 85 274 845 212 150  3
9 150 151 2 20 92 38 69 89 122 159 159  4
9 145 163 12 20 92 54 69 411 987 218 148  5
9 142 149 0 4 92 38 69 304 732 188 145  6
9 153 147 0 20 92 38 69 89 110 155 154  7
9 153 173 22 20 92 54 69 85 106 155 154  8
9 151 156 6 4 92 54 69 82 103 154 152  9
9 153 143 0 20 92 38 69 85 110 151 154  10
9 151 142 0 4 92 38 69 86 110 156 15000  11
Chip#2
239 100 201 140 42 259 129 130 167 152 148 102  0
239 99 198 140 39 259 127 126 161 151 146 93  1
239 98 204 140 42 259 133 136 170 159 152 102  2
239 91 222 364 139 259 406 238 160 295 251 98  3
239 87 266 578 294 259 451 302 160 309 267 93  4
239 100 200 188 52 259 142 137 166 156 153 94  5
239 92 204 214 92 259 131 138 162 157 153 94  6
239 91 231 470 270 259 137 140 164 160 156 97  7
239 96 204 188 70 259 128 136 170 154 151 99  8
239 91 201 140 39 259 129 136 164 157 156 96  9
239 96 203 140 42 259 139 145 169 159 166 104  10
239 92 197 140 35 259 127 129 159 149 146 15000  11
