
Chip#1
97 97 94 101 102 98 100 97 100 95 97 99  0
97 94 99 104 105 105 105 100 103 100 98 95  1
106 101 109 123 103 114 123 105 112 121 105 102  2
106 99 103 112 102 107 112 105 109 108 101 104  3
103 99 103 112 104 100 106 102 104 100 101 99  4
102 105 120 129 101 115 128 104 108 115 93 101  5
98 100 109 110 102 109 122 103 114 108 101 100  6
101 97 97 99 96 98 98 97 101 90 96 93  7
96 96 111 118 97 106 119 98 101 90 98 95  8
108 101 114 115 102 111 116 100 102 95 96 104  9
105 105 98 107 101 101 105 97 101 91 98 102  10
106 101 98 103 100 103 105 104 100 91 98 15000  11
Chip#2
103 108 103 102 104 106 107 107 101 97 102 104  0
101 103 100 99 101 98 99 97 99 97 97 96  1
100 101 99 97 96 98 96 93 96 91 97 99  2
102 101 104 103 100 99 101 100 95 97 97 98  3
101 104 105 107 104 104 107 100 96 98 102 100  4
106 113 112 109 110 109 108 107 105 103 106 105  5
103 103 101 102 104 103 99 100 96 97 100 100  6
102 105 105 108 104 107 104 106 100 104 106 105  7
102 108 105 107 105 102 106 103 100 99 100 103  8
104 104 103 104 104 106 102 102 102 98 102 101  9
101 101 103 100 102 103 105 100 100 98 102 99  10
104 103 105 103 104 102 104 99 102 98 101 15000  11
