
Chip#1
117 118 117 115 109 115 105 110 107 114 118 117  0
119 121 114 129 109 115 110 109 105 110 119 118  1
113 116 114 129 109 120 109 113 112 115 112 117  2
111 113 614 508 110 720 579 114 670 501 114 109  3
104 106 645 556 104 513 382 104 444 328 106 103  4
105 114 110 129 110 113 107 108 106 104 112 108  5
111 112 499 501 106 138 126 106 129 127 106 107  6
108 114 458 461 118 138 135 113 122 123 115 108  7
105 107 111 129 107 111 108 108 105 104 110 108  8
107 110 110 111 109 143 139 109 137 139 110 114  9
105 106 102 106 98 125 124 101 114 120 106 104  10
115 117 111 129 113 116 111 113 108 108 115 15000  11
Chip#2
115 106 109 106 114 117 121 106 104 112 113 118  0
109 106 105 106 114 114 117 104 105 114 110 113  1
112 107 109 106 114 117 117 99 109 109 111 114  2
111 107 103 102 113 180 155 99 121 122 108 114  3
115 109 109 110 121 159 145 109 123 120 114 118  4
109 110 114 108 117 114 120 105 103 107 113 111  5
108 110 256 205 113 134 132 105 129 124 112 114  6
111 109 217 164 115 127 127 108 118 121 111 113  7
115 109 109 110 118 117 120 108 110 113 111 114  8
107 109 302 245 114 331 276 101 267 237 108 109  9
108 106 268 205 111 271 216 99 222 214 107 113  10
114 106 103 105 113 112 119 105 105 110 114 15000  11
