
Chip#1
115 109 105 103 104 107 102 109 100 109 112 118  0
124 120 115 129 114 120 111 116 108 114 120 125  1
116 113 118 129 113 121 111 113 112 119 115 116  2
108 112 431 374 110 516 408 110 474 366 111 117  3
113 113 454 409 114 381 297 117 335 248 115 120  4
107 107 114 110 104 116 104 105 106 112 110 112  5
113 113 353 364 114 135 126 110 121 130 115 112  6
108 105 320 328 109 127 115 106 114 117 109 108  7
104 107 110 129 113 111 103 109 109 108 112 112  8
100 98 101 107 104 124 116 100 121 120 102 101  9
111 107 113 129 105 125 115 105 116 119 110 113  10
113 117 115 129 115 117 111 113 108 115 119 15000  11
Chip#2
102 99 102 97 107 111 112 102 100 105 111 106  0
101 99 102 104 107 108 112 99 98 103 107 106  1
102 103 108 101 107 110 116 101 101 103 107 110  2
105 105 109 101 114 138 135 104 116 116 110 113  3
101 103 105 102 111 126 127 102 105 113 111 109  4
104 107 108 105 107 111 116 101 102 105 110 109  5
108 109 167 147 108 119 121 106 116 114 112 110  6
107 107 148 127 107 112 117 105 112 112 112 111  7
105 103 103 101 110 110 113 104 105 105 110 110  8
101 102 185 157 107 206 181 101 167 158 110 108  9
104 105 174 144 110 183 161 102 152 145 110 111  10
101 103 105 98 107 107 113 102 102 102 108 15000  11
