
Chip#1
392 391 313 427 400 383 363 345 327 311 334 379  0
395 378 301 422 398 383 363 339 325 300 318 363  1
394 378 363 429 403 385 415 348 363 325 315 363  2
393 382 2131 1811 412 2507 1931 355 2346 1635 318 363  3
393 378 2187 1947 412 1748 1337 353 1499 1075 319 363  4
393 380 363 434 407 384 413 349 340 310 319 363  5
393 383 1691 1778 411 426 491 355 463 379 321 363  6
393 382 1537 1556 408 411 473 348 428 343 315 298  7
393 383 363 433 406 406 411 351 336 311 316 363  8
394 383 309 431 406 431 492 343 468 449 318 363  9
393 382 301 427 399 390 454 339 420 348 310 296  10
394 382 310 435 405 386 410 345 332 306 319 15000  11
Chip#2
462 458 310 401 402 306 300 460 310 419 344 300  0
462 452 302 394 399 303 293 455 310 412 339 297  1
468 460 312 400 400 310 298 460 363 418 343 301  2
465 457 311 401 403 454 408 458 379 433 339 299  3
471 463 317 407 409 430 397 465 395 431 346 307  4
411 467 314 413 409 313 303 464 363 421 348 306  5
411 463 553 501 401 363 363 461 379 435 343 300  6
468 465 513 469 405 363 363 458 379 430 342 302  7
463 458 311 402 400 309 297 458 363 417 340 298  8
467 467 619 567 408 704 545 465 587 559 345 304  9
468 469 578 513 406 566 480 463 593 532 344 305  10
411 460 315 405 406 312 302 461 326 419 346 15000  11
