
Chip#1
115 116 111 113 109 112 107 113 106 113 116 116  0
111 110 109 129 98 110 100 104 106 107 111 111  1
112 110 106 129 105 112 104 101 107 104 108 109  2
113 116 350 306 110 409 327 114 383 306 112 112  3
108 109 357 326 109 308 239 109 273 209 112 111  4
112 113 115 129 106 116 104 109 109 109 110 111  5
109 109 290 291 105 124 113 112 117 115 112 108  6
107 113 269 268 107 124 111 109 112 115 108 108  7
115 114 114 129 107 113 103 113 113 109 115 116  8
108 109 111 129 105 122 116 109 118 113 108 108  9
105 109 107 129 104 117 107 105 112 112 110 107  10
112 111 111 129 110 113 103 109 113 105 111 15000  11
Chip#2
102 101 97 101 110 103 109 99 94 105 104 101  0
109 105 96 100 113 110 112 99 97 106 108 105  1
109 102 99 100 108 110 116 98 97 102 104 102  2
109 105 99 102 111 117 123 101 104 103 104 100  3
107 102 96 98 107 112 112 95 96 102 100 102  4
102 102 99 93 103 104 111 92 94 98 100 98  5
107 102 129 119 107 110 115 101 101 109 107 110  6
107 106 120 112 108 108 113 95 100 103 103 102  7
108 105 99 105 110 108 112 98 98 103 108 105  8
105 102 142 131 108 149 149 97 131 128 102 102  9
105 101 129 115 105 134 131 94 119 118 102 102  10
102 102 99 97 105 103 111 99 93 101 102 15000  11
