
Chip#1
98 104 97 104 102 99 104 100 101 99 98 101  0
96 97 106 115 101 109 111 107 101 111 105 100  1
104 109 160 186 105 158 210 113 148 222 116 104  2
103 109 114 132 109 123 141 108 124 169 102 101  3
97 102 105 109 102 104 107 104 108 100 100 100  4
91 94 208 222 95 152 201 102 128 182 95 90  5
99 106 138 149 104 135 161 109 132 174 105 96  6
103 107 106 108 105 106 109 108 106 105 103 100  7
103 111 182 192 109 163 174 113 111 105 98 104  8
104 107 153 158 108 153 172 110 111 108 105 99  9
103 107 108 110 108 108 108 108 107 107 100 104  10
101 109 100 101 101 101 105 104 106 101 101 15000  11
Chip#2
104 105 100 97 100 99 99 102 98 99 97 100  0
99 99 100 96 97 96 99 99 95 97 97 96  1
105 101 104 97 99 102 101 99 96 99 102 104  2
110 113 109 114 112 109 117 116 104 111 116 110  3
113 114 114 129 127 113 129 121 108 120 124 109  4
102 105 103 103 105 103 104 100 101 102 102 103  5
103 101 103 103 110 104 107 105 95 107 118 103  6
106 109 105 119 116 106 118 119 100 115 125 108  7
105 109 104 108 112 108 106 104 102 105 105 106  8
106 113 104 102 106 104 108 112 102 110 111 104  9
111 113 105 104 107 107 120 126 105 115 130 112  10
120 118 114 109 111 116 112 118 108 112 118 15000  11
