
Chip#1
73 182 160 10 36 108 54 101 100 123 183 193  0
41 166 389 358 52 300 614 117 165 580 199 183  1
25 174 2697 3440 183 3660 3936 470 2282 3906 1024 178  2
25 165 731 944 36 1112 2646 205 970 3395 435 175  3
25 166 165 11 36 108 54 101 110 185 182 168  4
25 165 219 103 36 196 134 101 1563 3899 452 165  5
25 168 192 38 36 124 102 101 1066 3004 343 165  6
25 163 161 9 36 108 38 85 101 126 170 163  7
25 163 219 97 36 196 102 101 95 119 168 167  8
25 160 217 49 36 196 102 85 88 117 164 164  9
25 168 165 9 36 92 38 85 93 121 168 168  10
41 174 159 11 52 108 54 150 92 126 173 15000  11
Chip#2
239 101 199 81 40 259 126 129 160 153 145 95  0
239 191 204 140 40 259 127 131 166 153 146 99  1
239 94 194 140 37 259 125 131 160 154 145 99  2
239 99 263 586 250 259 507 439 168 387 432 104  3
239 191 308 903 448 259 603 470 172 402 424 105  4
239 99 204 197 64 259 147 145 163 162 155 104  5
239 95 205 285 134 259 133 141 164 160 155 97  6
239 191 268 678 401 259 148 149 166 167 166 99  7
239 99 204 197 82 259 133 137 167 156 147 99  8
239 105 210 95 48 259 137 144 169 166 163 105  9
239 95 195 140 37 259 138 144 160 216 163 95  10
239 191 204 140 40 259 131 138 164 154 148 15000  11
