
Chip#1
117 117 113 111 106 113 102 105 107 110 118 118  0
125 117 110 129 110 115 104 109 110 115 116 117  1
115 109 115 129 102 110 102 102 109 112 110 108  2
115 117 636 524 113 736 582 118 691 514 115 114  3
112 111 662 567 105 515 381 104 461 337 111 103  4
108 110 114 106 102 112 103 102 102 109 109 105  5
112 116 527 522 114 138 128 108 129 129 112 117  6
112 113 486 470 114 139 125 110 120 120 116 111  7
111 116 113 129 115 117 106 110 108 114 112 113  8
113 116 114 129 115 148 132 112 138 139 119 116  9
115 112 114 129 109 134 120 109 121 124 118 114  10
109 114 107 129 107 111 104 105 106 108 114 15000  11
Chip#2
115 107 106 109 118 117 123 105 106 107 110 113  0
108 105 96 102 111 111 112 99 100 106 110 110  1
112 111 106 109 120 118 120 106 105 110 112 114  2
114 105 99 105 113 179 159 101 122 120 107 106  3
121 114 111 112 124 166 152 109 122 124 114 118  4
109 106 103 112 114 114 119 106 101 107 107 114  5
119 118 294 224 120 141 135 112 127 131 116 117  6
114 114 244 181 113 124 125 102 114 117 108 109  7
115 110 111 110 120 119 120 108 109 109 112 115  8
109 117 369 290 120 397 320 105 315 275 113 113  9
115 111 312 229 118 316 249 108 253 242 112 115  10
124 113 109 106 121 120 120 106 113 113 118 15000  11
