
Chip#1
121 122 117 129 111 115 107 109 113 115 122 121  0
121 116 110 129 109 111 104 104 106 108 114 113  1
121 117 119 129 115 125 111 114 118 123 119 118  2
109 111 628 524 109 736 583 110 684 511 114 108  3
108 109 662 572 111 518 386 109 461 345 112 109  4
115 114 114 129 109 113 105 108 110 114 114 108  5
107 118 521 522 113 138 133 105 130 128 110 111  6
116 117 471 469 111 140 128 113 124 124 114 111  7
116 116 117 129 114 118 109 116 110 115 118 112  8
112 114 115 129 114 141 135 106 138 137 115 112  9
109 110 111 129 106 130 119 102 118 130 110 111  10
111 113 113 129 109 112 103 105 107 105 112 15000  11
Chip#2
112 106 103 110 120 118 119 102 102 109 113 113  0
119 109 103 106 120 112 120 106 105 113 112 115  1
122 113 106 112 121 118 125 109 109 113 116 117  2
121 113 103 112 121 200 172 111 131 126 114 115  3
115 109 111 110 121 165 149 109 125 121 113 114  4
118 113 108 115 118 115 123 102 106 112 112 114  5
118 115 312 236 115 138 132 101 129 129 111 111  6
117 114 255 187 116 127 128 101 123 124 112 109  7
122 113 112 114 123 121 127 111 108 116 116 114  8
119 121 389 314 124 423 342 111 337 296 112 118  9
121 119 337 249 125 338 276 108 274 257 116 119  10
121 114 106 109 121 118 120 109 106 113 114 15000  11
