
Chip#1
111 106 101 115 112 106 115 116 108 104 94 98  0
158 145 126 165 175 130 298 298 127 121 131 108  1
144 140 120 164 176 131 292 291 128 122 131 106  2
132 110 102 109 112 105 125 131 100 102 99 98  3
178 179 117 127 119 116 300 309 126 110 107 101  4
170 154 119 127 126 123 308 317 127 117 131 107  5
132 122 115 113 115 115 137 131 112 107 131 102  6
176 179 123 125 125 132 309 293 127 127 131 106  7
157 140 112 123 114 122 296 278 119 122 131 101  8
132 117 107 112 108 112 142 129 107 107 106 100  9
162 152 117 115 112 125 309 265 109 123 131 92  10
153 140 114 115 114 124 298 266 114 124 131 15000  11
Chip#2
112 106 112 102 111 109 107 104 104 111 108 113  0
128 136 114 129 152 115 624 674 94 119 114 110  1
144 175 131 162 213 134 1294 1282 114 138 131 121  2
128 120 121 113 129 122 194 194 114 116 111 109  3
128 167 126 120 144 134 761 930 108 129 122 110  4
139 192 147 130 157 158 842 970 108 133 125 117  5
112 112 116 115 126 132 144 138 108 113 110 114  6
140 174 125 124 143 132 706 803 105 128 125 113  7
140 163 126 120 143 133 501 548 104 120 120 117  8
140 127 120 114 124 131 210 227 100 120 114 120  9
139 192 147 110 133 121 1370 1661 120 135 131 113  10
139 160 121 108 126 116 547 711 102 125 117 15000  11
