
Chip#1
112 116 107 115 118 105 137 134 102 100 104 102  0
184 190 136 204 219 168 501 513 164 128 147 109  1
161 176 128 192 212 140 487 490 164 131 147 98  2
135 132 111 121 121 116 162 175 106 112 106 99  3
230 225 130 134 134 127 517 539 140 115 115 96  4
200 202 125 132 132 131 507 538 164 123 131 103  5
118 130 112 109 111 114 169 175 107 110 109 96  6
225 219 133 135 135 168 579 544 164 140 147 103  7
186 182 120 128 127 137 533 511 131 132 147 100  8
145 147 119 122 117 115 191 177 114 119 131 105  9
227 230 138 135 130 184 585 502 131 159 147 105  10
196 187 121 127 121 168 541 472 126 148 163 15000  11
Chip#2
112 101 98 91 96 89 97 89 94 96 97 100  0
112 111 103 104 116 102 353 349 94 107 106 108  1
128 130 109 119 139 111 655 647 94 112 112 107  2
112 108 107 100 106 106 139 135 94 104 103 109  3
112 124 108 100 111 103 383 450 94 104 108 102  4
112 145 114 109 121 111 439 492 94 111 110 110  5
87 105 102 100 103 108 107 109 94 101 103 107  6
128 131 113 109 120 114 372 418 94 112 110 113  7
128 132 120 109 118 114 278 304 94 111 114 112  8
112 111 112 104 106 105 146 154 94 108 105 110  9
112 144 118 108 118 108 644 771 98 118 116 113  10
112 121 107 97 103 98 284 356 98 105 103 15000  11
