
Chip#1
89 183 153 8 36 108 54 153 99 126 179 219  0
41 169 389 367 52 300 614 117 224 583 198 179  1
25 169 2745 3504 188 3692 3942 471 2297 3909 1022 175  2
9 161 731 960 36 1113 2709 209 981 3398 431 169  3
9 164 155 13 36 108 54 85 116 188 174 165  4
9 167 219 106 36 196 134 85 1574 3899 452 169  5
25 164 184 44 36 124 102 85 1087 3003 349 165  6
9 157 149 4 20 92 38 85 97 119 161 155  7
25 165 219 97 36 140 102 85 98 118 163 164  8
25 165 219 55 36 196 102 101 100 118 164 164  9
25 161 153 4 20 92 38 85 91 113 160 160  10
25 164 151 5 20 92 38 85 91 117 163 15000  11
Chip#2
239 191 201 140 35 259 124 131 164 153 151 100  0
239 102 205 140 37 259 127 134 162 155 150 99  1
239 96 197 91 42 259 131 136 166 155 151 100  2
239 100 260 589 251 259 507 439 169 394 435 108  3
239 100 308 910 455 259 603 470 174 411 435 104  4
239 100 209 197 66 259 150 144 172 161 157 104  5
239 95 208 289 133 259 134 138 168 159 157 99  6
239 93 264 683 397 259 143 145 167 157 163 98  7
239 100 205 201 87 259 137 138 169 156 156 98  8
239 95 203 140 40 259 132 139 169 159 163 98  9
239 95 200 84 39 259 138 149 168 162 171 99  10
239 91 197 84 37 259 129 135 167 154 151 15000  11
