
Chip#1
97 98 101 142 164 106 94 95 99 96 101 96  0
103 100 121 541 615 184 103 101 100 107 102 96  1
103 101 121 507 608 184 107 107 106 107 107 99  2
102 100 106 182 211 111 100 99 102 99 106 100  3
108 106 134 571 585 168 105 107 100 102 105 96  4
110 105 130 456 493 137 110 108 106 112 107 96  5
206 213 119 125 131 116 110 108 107 114 131 103  6
673 692 198 116 115 107 112 100 107 113 131 101  7
515 538 157 121 121 114 112 114 113 118 131 103  8
214 230 115 110 106 107 101 96 103 102 101 95  9
561 600 196 117 107 108 106 102 110 115 131 101  10
427 449 142 108 107 107 105 104 106 114 115 15000  11
Chip#2
112 101 100 99 103 97 100 97 99 96 97 105  0
84 104 104 312 473 111 102 98 99 104 102 102  1
112 110 104 571 853 132 102 97 99 106 104 108  2
112 106 101 126 163 103 103 101 99 101 100 104  3
112 106 104 387 596 119 105 103 99 104 100 104  4
112 110 101 466 718 125 104 102 99 100 103 104  5
88 123 103 103 111 102 101 100 99 99 95 99  6
322 880 208 102 101 98 101 102 99 101 100 99  7
305 779 194 109 111 109 107 109 99 108 108 109  8
112 163 114 107 103 108 109 107 99 107 106 112  9
297 866 251 103 101 102 102 100 99 107 100 104  10
194 498 163 95 98 96 98 92 99 98 98 15000  11
