
Chip#1
116 117 110 106 105 108 103 110 107 109 118 118  0
119 114 111 109 107 107 105 112 105 109 115 116  1
111 109 110 129 104 107 103 104 105 109 110 109  2
105 112 532 444 111 635 513 114 580 438 115 116  3
108 114 574 492 110 464 352 114 404 309 116 117  4
112 113 115 129 106 115 105 112 109 110 115 114  5
108 109 415 433 104 148 141 110 141 140 111 116  6
108 105 387 401 106 143 135 106 126 129 110 112  7
108 109 114 129 104 113 103 112 107 112 114 114  8
112 109 110 111 111 158 150 108 150 151 112 117  9
113 114 106 129 106 135 130 105 122 133 112 111  10
116 114 117 129 113 116 108 113 109 115 118 15000  11
Chip#2
108 109 105 104 113 114 117 102 104 112 107 117  0
115 111 109 109 113 119 120 111 108 113 118 122  1
112 111 108 101 111 119 121 108 109 110 108 115  2
112 109 103 101 108 184 161 104 125 126 107 113  3
114 109 109 106 114 162 147 105 123 118 110 119  4
104 105 106 102 110 110 112 98 98 103 103 106  5
112 114 256 205 111 133 129 104 126 125 113 114  6
114 114 214 162 114 128 127 108 123 120 111 119  7
109 106 103 108 108 112 113 99 103 110 107 111  8
108 109 307 250 110 342 285 105 274 248 106 113  9
114 115 273 215 120 290 232 109 235 224 116 128  10
121 114 111 110 117 118 117 106 112 116 116 15000  11

Chip#1
117 118 114 129 110 113 108 113 110 113 119 125  0
111 107 109 129 107 106 100 106 107 107 114 116  1
107 109 109 129 106 110 104 106 107 109 109 108  2
113 114 532 441 109 627 513 114 572 439 114 114  3
102 105 553 476 100 450 339 105 388 293 102 105  4
104 111 111 129 106 112 105 105 110 105 109 111  5
103 109 407 421 110 144 135 104 138 138 102 109  6
112 114 390 421 107 141 136 112 128 133 111 111  7
111 110 109 129 110 113 107 112 106 110 114 113  8
108 110 109 129 106 152 145 104 149 148 106 112  9
113 114 118 129 107 141 132 117 129 137 112 121  10
109 113 106 129 109 112 102 109 104 105 110 15000  11
Chip#2
108 106 106 104 113 114 123 109 105 109 112 111  0
104 98 102 102 108 108 116 101 101 105 108 108  1
109 105 108 102 110 115 119 105 106 109 108 113  2
108 105 102 98 115 184 163 106 121 124 104 108  3
101 105 103 98 104 151 141 101 114 112 104 106  4
108 107 109 102 111 112 116 106 105 110 107 106  5
108 110 246 190 113 130 132 109 127 128 108 110  6
109 109 205 159 113 124 125 108 116 117 107 109  7
112 113 112 110 118 115 123 108 110 118 112 114  8
107 110 303 246 113 342 283 106 268 244 112 109  9
107 111 263 205 115 270 222 109 222 216 111 109  10
118 109 115 106 120 115 117 109 108 113 116 15000  11
