
Chip#1
159 68 40 173 0 126 109 22 101 58 79 0  0
92 52 35 173 0 110 107 25 85 53 77 0  1
89 68 46 173 0 126 116 24 101 63 79 0  2
159 68 364 420 0 512 351 34 373 241 81 0  3
79 52 319 420 0 334 239 20 190 149 72 0  4
86 52 43 196 0 126 114 23 39 55 79 0  5
86 52 221 372 0 142 126 20 50 65 73 0  6
88 52 206 356 0 142 130 31 53 65 81 0  7
85 52 40 262 0 126 114 25 101 49 74 0  8
84 52 44 196 0 126 128 22 101 64 75 0  9
84 52 39 196 0 126 120 22 101 60 77 0  10
85 52 40 196 0 110 114 29 35 55 76 15000  11
Chip#2
272 330 261 299 114 177 148 191 268 198 204 223  0
275 330 261 299 114 172 148 189 262 199 197 223  1
275 331 261 305 114 179 148 190 272 201 203 223  2
270 325 261 297 114 237 148 186 284 210 196 223  3
275 327 261 301 114 218 148 192 284 207 199 223  4
267 326 261 297 114 172 148 182 263 195 192 223  5
268 331 428 374 114 192 148 188 284 213 199 223  6
272 331 380 349 114 187 148 188 280 208 198 223  7
271 330 261 301 114 175 148 186 271 200 198 223  8
271 330 492 430 114 419 331 186 413 388 199 223  9
276 337 460 392 114 324 197 194 372 356 200 232  10
281 333 261 303 114 176 148 193 271 199 204 15000  11
