
Chip#1
73 186 154 5 36 92 38 85 98 128 175 185  0
25 164 378 356 36 284 598 101 159 575 188 175  1
25 175 2687 3440 188 3725 3932 471 2279 3902 1021 176  2
25 161 731 985 36 1220 2646 202 969 3390 427 168  3
25 164 159 13 36 108 54 101 114 191 175 169  4
9 159 219 98 20 196 118 85 1563 3899 445 163  5
25 163 186 41 36 124 102 85 1070 2994 342 165  6
25 167 157 13 36 108 54 85 106 136 169 161  7
25 165 219 96 36 196 102 101 101 124 164 165  8
25 164 213 55 36 196 102 85 92 117 160 164  9
25 161 153 5 36 92 38 85 96 122 163 160  10
25 168 153 5 36 92 38 85 89 119 161 15000  11
Chip#2
239 94 195 77 30 259 120 126 159 149 141 93  0
239 107 204 83 39 259 128 133 167 157 153 102  1
239 191 206 140 41 259 131 138 170 159 156 103  2
239 99 263 586 252 259 507 438 169 390 435 108  3
239 93 305 895 444 259 603 470 170 403 426 103  4
239 93 203 197 55 259 145 141 166 156 151 95  5
239 91 199 280 126 259 126 133 160 151 151 89  6
239 98 271 676 401 259 147 153 172 168 170 102  7
239 100 205 199 82 259 132 137 170 160 155 103  8
239 191 204 140 43 259 134 143 164 216 162 104  9
239 94 200 83 37 259 144 152 163 168 173 103  10
239 191 204 140 42 259 132 138 168 159 156 15000  11
