
Chip#1
0 66 216 0 102 22 166 145 157 133 12 136  0
124 387 248 29 124 22 226 208 84 257 166 88  1
158 441 264 21 125 22 226 208 184 246 157 132  2
158 163 164 1 105 22 181 162 52 146 12 72  3
0 186 181 66 171 22 259 212 68 242 150 72  4
0 186 232 65 171 22 226 212 178 219 122 136  5
0 50 164 9 108 22 179 162 161 146 12 72  6
0 165 175 86 108 22 234 161 84 290 196 72  7
0 169 179 55 164 22 226 212 177 243 168 136  8
0 50 164 1 108 22 193 173 52 153 12 72  9
0 158 232 38 148 22 305 306 181 242 157 132  10
0 66 172 28 135 22 226 212 68 187 44 72  11
Chip#2
244 90 165 173 112 109 0 269 148 283 97 23  0
266 98 172 173 114 113 0 270 148 287 114 31  1
250 114 168 189 115 107 0 268 148 287 106 29  2
230 90 166 189 108 108 0 264 148 288 97 23  3
234 98 168 189 167 108 0 274 148 287 105 25  4
237 90 171 205 116 111 0 270 148 287 104 26  5
234 90 167 189 114 108 0 267 148 288 99 23  6
236 90 166 189 119 107 0 273 148 287 116 27  7
233 98 171 189 118 110 0 269 148 286 114 30  8
234 90 165 189 118 109 0 267 148 287 104 24  9
242 90 165 189 124 112 0 273 148 287 100 24  10
247 90 168 189 124 107 0 273 148 287 102 20  11
