
Chip#1
104 110 105 144 164 107 101 99 100 104 102 99  0
105 105 125 545 622 184 114 104 103 108 105 100  1
106 106 120 508 611 184 114 104 108 110 110 100  2
100 100 105 185 206 109 101 100 97 100 99 94  3
116 114 143 579 594 168 120 114 112 110 114 103  4
109 102 125 456 490 131 111 109 106 105 102 101  5
197 204 111 115 118 104 105 101 103 99 104 98  6
675 691 199 118 120 114 115 110 109 115 117 101  7
521 536 154 116 121 109 110 111 112 113 131 103  8
206 231 114 105 99 105 101 96 96 104 101 93  9
558 603 196 113 112 111 109 106 104 115 110 100  10
426 442 140 106 105 105 104 102 101 105 107 15000  11
Chip#2
82 100 95 97 94 97 95 96 99 96 96 102  0
112 107 109 336 502 117 105 107 99 111 103 110  1
112 113 110 602 905 137 110 108 99 111 105 104  2
81 100 100 126 162 100 96 100 99 99 96 99  3
112 106 102 408 627 117 103 106 99 105 108 104  4
112 111 108 482 765 127 109 109 99 107 103 107  5
112 117 97 102 109 97 97 97 99 96 93 99  6
353 937 227 118 115 113 112 113 100 114 112 114  7
307 819 194 104 105 98 102 101 99 100 103 108  8
128 162 102 94 94 92 97 95 99 95 94 98  9
313 922 265 105 108 109 106 107 99 113 105 110  10
208 525 147 100 96 97 94 96 99 98 99 15000  11
