
Chip#1
100 102 99 106 98 104 98 100 98 103 102 104  0
107 106 101 111 104 111 107 101 101 107 105 107  1
105 103 107 106 100 107 104 100 101 107 106 104  2
105 105 102 105 100 107 102 100 100 105 106 103  3
106 104 100 103 101 106 103 100 100 102 101 105  4
111 109 102 107 105 111 102 104 102 105 102 109  5
104 107 103 129 105 110 104 109 102 104 104 107  6
108 105 103 110 106 110 100 104 98 104 102 104  7
99 99 97 101 96 99 96 98 97 97 100 97  8
107 109 103 129 105 107 100 104 102 103 106 105  9
108 107 101 111 98 108 103 100 98 104 104 101  10
106 105 98 103 97 110 102 101 97 103 102 15000  11
Chip#2
96 95 96 92 101 104 107 98 92 99 102 104  0
108 105 108 101 104 112 117 102 101 108 111 108  1
96 99 93 96 98 104 109 98 96 99 99 97  2
98 99 98 97 101 98 111 94 94 99 98 102  3
102 98 102 98 104 111 112 98 97 108 107 105  4
102 98 99 97 100 104 109 98 96 99 102 101  5
101 97 100 98 103 105 108 97 96 99 100 102  6
98 97 96 92 98 101 107 94 90 102 98 98  7
101 97 99 92 98 101 107 91 89 98 98 100  8
99 98 103 98 105 107 109 97 96 105 106 104  9
102 99 105 101 103 108 107 95 96 99 102 108  10
101 99 103 100 103 103 108 102 100 103 100 15000  11
