
Chip#1
145 130 122 135 133 122 130 123 116 129 131 115  0
202 202 143 254 265 168 213 220 126 231 235 122  1
190 203 145 252 276 168 231 226 164 256 249 131  2
155 138 126 156 164 125 141 134 122 148 163 119  3
246 231 153 292 292 168 231 231 134 278 271 124  4
218 209 145 264 268 168 231 229 164 293 281 132  5
168 158 128 141 140 123 137 129 119 147 147 109  6
354 351 168 254 244 140 231 217 139 301 290 127  7
291 285 153 244 231 131 231 217 135 309 308 127  8
168 179 125 144 171 114 131 123 115 151 163 109  9
326 327 176 237 217 139 201 186 164 248 217 121  10
288 277 152 213 201 138 204 186 164 243 224 15000  11
Chip#2
146 112 109 103 110 109 109 107 100 108 108 117  0
170 262 147 242 336 122 255 260 106 282 243 123  1
235 461 179 369 565 158 411 383 117 416 312 117  2
128 155 115 115 145 109 124 124 117 135 116 113  3
193 375 147 269 400 116 311 332 117 348 320 114  4
234 520 179 331 519 129 345 363 98 350 289 109  5
112 148 124 119 136 123 124 124 99 133 128 119  6
309 825 232 278 448 133 363 380 116 622 520 121  7
292 771 206 279 370 121 277 292 101 377 326 113  8
112 167 125 112 131 116 128 127 101 167 140 116  9
299 868 268 242 392 127 311 338 116 591 436 108  10
228 552 195 172 264 119 192 212 100 283 239 15000  11
