
Chip#1
116 122 111 119 126 112 140 159 108 109 106 107  0
189 198 139 237 231 168 539 551 180 132 147 108  1
172 184 138 205 231 168 527 528 164 136 147 111  2
139 138 112 123 125 113 167 182 114 113 131 105  3
237 234 126 135 135 125 553 573 164 121 131 101  4
207 213 130 138 137 137 555 571 164 129 131 103  5
134 131 114 111 115 113 170 175 109 108 102 101  6
225 224 131 134 135 168 614 568 164 138 147 105  7
193 185 120 121 121 139 574 540 129 133 147 100  8
139 144 119 113 114 109 196 178 109 117 110 103  9
228 226 134 133 126 184 622 524 132 156 163 103  10
201 198 128 130 127 184 589 512 134 159 163 15000  11
Chip#2
112 106 101 97 101 99 102 99 98 101 98 105  0
112 119 106 115 122 106 372 381 98 112 111 109  1
128 138 113 123 142 111 736 706 97 117 112 107  2
112 111 109 100 114 111 148 142 97 107 106 108  3
128 137 113 104 118 115 438 498 97 114 110 109  4
128 148 116 110 125 120 491 535 98 115 114 105  5
112 114 112 108 114 116 124 119 98 106 105 113  6
128 142 116 115 124 121 412 454 98 120 115 113  7
128 139 119 110 119 119 312 326 98 115 115 110  8
128 121 112 110 116 117 157 178 98 112 111 118  9
128 147 115 107 114 104 715 835 100 115 110 107  10
128 135 112 104 113 105 322 395 100 108 106 15000  11
