
Chip#1
122 121 123 145 114 118 115 114 118 119 129 126  0
120 122 120 145 114 117 104 110 112 117 118 120  1
119 120 116 129 111 117 109 110 113 119 118 117  2
117 122 326 298 119 337 273 115 305 237 122 122  3
116 120 348 322 120 271 211 116 238 189 122 121  4
124 129 128 129 119 133 116 121 121 127 130 129  5
113 121 285 302 118 138 120 112 122 120 119 118  6
117 118 274 278 118 132 122 116 122 123 116 121  7
116 118 116 129 116 113 109 112 112 112 120 114  8
112 118 118 129 115 152 142 108 133 129 116 120  9
112 117 115 129 110 139 125 108 117 120 116 116  10
128 130 123 145 124 124 115 122 122 122 130 15000  11
Chip#2
112 110 102 106 117 111 121 106 105 112 112 113  0
117 111 105 110 120 112 120 102 103 114 111 114  1
117 107 105 109 115 115 117 101 106 110 112 111  2
115 110 103 108 117 124 128 105 108 113 111 109  3
118 117 106 108 118 120 131 109 114 117 116 114  4
122 118 109 110 124 115 121 108 106 114 113 110  5
121 115 148 139 120 120 124 108 110 118 117 117  6
121 118 133 126 121 120 124 108 108 116 113 115  7
115 109 100 105 115 112 112 102 102 109 107 105  8
119 113 152 144 120 155 148 108 142 141 116 115  9
119 114 139 131 118 144 140 102 132 132 113 118  10
121 113 102 108 120 114 117 104 108 109 112 15000  11
