
Chip#1
106 109 104 98 104 98 100 103 94 103 102 102  0
105 113 102 95 100 100 98 106 99 107 103 103  1
106 110 163 148 111 147 173 108 142 178 102 109  2
102 122 776 798 119 732 970 128 729 956 124 105  3
109 117 495 533 116 476 634 122 521 652 122 105  4
106 116 148 145 114 115 119 110 122 134 107 111  5
106 116 670 716 116 110 115 106 110 120 102 101  6
99 117 574 617 116 106 106 104 109 118 106 102  7
104 110 121 121 104 106 104 104 102 109 103 103  8
100 105 101 90 101 102 106 100 101 112 98 99  9
107 115 105 93 105 108 107 107 105 112 102 105  10
106 108 106 104 108 104 102 106 98 109 105 102  11
Chip#2
100 109 115 106 112 110 94 108 110 113 111 116  0
117 125 126 123 125 119 109 121 124 127 119 129  1
103 114 118 114 114 114 100 116 113 118 113 116  2
107 117 117 112 118 117 100 114 115 113 112 113  3
99 118 113 106 121 121 98 112 115 111 106 105  4
108 139 143 115 114 118 105 111 110 117 111 115  5
119 959 1122 142 127 126 115 121 122 126 116 119  6
119 1138 1304 140 126 138 105 124 127 115 111 117  7
111 182 194 119 153 140 104 128 130 118 109 119  8
127 890 1040 142 807 930 125 755 801 131 118 121  9
123 1236 1337 143 1449 1585 126 1310 1535 131 113 107  10
120 191 193 126 225 223 112 233 246 126 119 121  11
