
Chip#1
213 109 206 295 180 334 234 207 210 179 285 110  0
733 563 286 977 724 396 666 650 279 546 592 110  1
807 701 290 838 723 408 669 594 277 503 520 106  2
324 212 206 346 212 339 278 215 214 245 324 99  3
872 784 288 1101 892 429 1031 910 309 1016 1065 118  4
999 879 304 1103 892 414 881 759 282 886 875 110  5
310 198 245 327 212 340 255 215 213 241 312 95  6
976 879 286 1026 892 424 1199 1118 337 1095 1101 110  7
1107 1009 304 1111 1000 425 1185 1137 319 1028 1052 110  8
302 213 245 332 228 343 281 263 210 258 334 93  9
845 811 278 1033 1024 426 1028 975 350 1101 1072 118  10
981 868 298 1142 1126 433 943 975 327 1011 1081 110  11
Chip#2
328 240 145 268 402 149 262 313 31 114 353 316  0
993 1127 401 1187 1499 405 1208 1343 175 812 1049 317  1
918 1185 468 1055 1490 285 1244 1375 191 914 1121 317  2
338 359 145 344 466 149 341 416 15 254 480 221  3
1494 1618 409 1537 1810 402 1320 1483 191 1234 1565 445  4
1135 1375 281 1216 1506 269 1260 1394 175 1337 1620 433  5
354 351 145 298 308 149 310 356 108 262 484 221  6
1425 1471 401 1248 1426 269 1415 1490 191 1347 1513 317  7
1010 1119 310 1016 1218 253 1465 1498 175 1294 1498 301  8
354 351 145 304 354 149 334 360 111 272 423 221  9
1171 1127 401 1173 1243 253 1213 1190 207 1149 1130 269  10
888 863 201 998 1031 157 1202 1203 159 1149 1262 317  11
