
Chip#1
110 117 108 116 118 113 126 134 102 108 111 101  0
162 165 133 179 191 138 403 431 140 119 131 102  1
151 160 122 175 189 137 390 415 139 122 147 105  2
119 123 112 118 120 108 146 159 103 107 110 102  3
201 200 125 129 132 128 420 435 133 115 115 96  4
181 180 121 128 131 128 412 434 138 119 131 103  5
118 121 107 110 109 111 149 187 100 100 104 93  6
194 191 126 128 124 136 467 440 131 126 147 99  7
168 161 108 119 120 127 425 441 119 121 131 98  8
133 135 115 117 114 114 174 192 110 113 131 100  9
195 196 130 125 121 145 477 441 126 143 131 98  10
169 196 114 118 115 135 439 392 119 141 147 15000  11
Chip#2
112 99 96 93 96 94 96 95 99 101 95 104  0
112 107 107 104 109 104 261 275 99 109 102 105  1
112 114 102 107 125 103 489 478 99 106 102 102  2
112 108 106 105 108 104 132 125 99 109 103 113  3
128 121 108 102 113 111 310 348 100 113 110 105  4
112 126 104 100 109 110 330 369 99 108 103 102  5
93 114 113 109 113 109 119 113 99 114 105 116  6
112 126 110 105 110 108 293 321 99 113 105 109  7
112 121 110 107 114 110 235 246 99 112 106 112  8
112 116 108 104 109 109 133 143 99 111 110 112  9
112 127 113 99 106 100 501 584 99 113 108 105  10
112 114 101 92 96 94 229 282 99 106 103 15000  11
