Chip#3
109 105 107 106 102 107 108 105 102 103 107 110  0
103 103 103 100 105 104 101 98 101 97 131 106  1
103 99 100 98 96 101 101 96 99 97 142 113  2
99 101 103 100 103 100 102 101 101 104 100 103  3
103 163 128 107 199 133 102 169 136 101 106 101  4
101 188 135 99 246 159 103 135 129 97 99 101  5
101 102 103 103 97 98 102 101 100 96 101 101  6
105 99 106 103 101 101 104 99 104 104 104 106  7
105 104 105 103 94 103 104 101 104 98 102 106  8
109 111 110 107 109 107 106 106 111 106 110 111  9
105 100 103 100 96 100 96 95 102 100 102 106  10
109 108 109 107 104 109 107 102 105 104 109 15000  11
