
Chip#1
118 119 125 118 112 115 127 121 117 122 117 121  0
110 114 116 112 110 114 120 109 110 107 123 117  1
116 112 113 114 104 112 113 118 118 109 109 120  2
109 112 119 112 113 111 118 116 125 113 115 122  3
106 103 118 114 112 109 120 110 113 113 120 115  4
113 112 109 109 110 109 113 110 113 109 111 111  5
118 108 116 112 112 109 120 109 113 112 117 115  6
112 103 116 109 110 105 114 101 106 104 111 110  7
118 116 124 117 115 118 120 115 116 113 120 117  8
113 121 126 114 115 112 120 118 115 122 121 122  9
119 122 115 117 107 115 126 115 121 115 121 125  10
122 116 121 114 112 118 127 119 116 114 115 15000  11
Chip#2
98 95 98 109 99 100 100 98 100 100 99 102  0
94 93 100 105 95 98 98 94 99 97 92 93  1
92 92 94 96 93 96 94 93 93 95 89 93  2
95 96 101 101 98 97 95 97 97 97 92 97  3
101 101 101 106 100 104 104 103 104 101 97 103  4
101 105 106 108 100 105 103 103 105 106 95 106  5
88 86 93 95 89 91 88 87 89 86 86 84  6
102 96 98 105 100 105 100 102 105 101 97 101  7
100 105 101 106 101 99 102 100 104 103 94 97  8
98 106 106 108 99 103 102 101 104 103 95 101  9
98 97 99 102 99 101 97 102 99 102 97 99  10
92 96 95 95 96 94 95 94 96 93 89 15000  11
Chip#3
101 106 105 107 102 107 104 101 105 102 104 106  0
107 109 113 110 106 106 108 106 109 105 108 108  1
92 98 102 98 99 96 99 92 93 98 92 94  2
102 107 107 106 107 101 101 106 104 100 105 108  3
103 106 107 108 103 98 104 99 101 98 101 104  4
99 104 103 100 102 103 101 101 102 97 101 103  5
98 102 103 102 98 95 99 103 99 98 98 99  6
99 103 104 102 98 97 102 98 102 100 98 101  7
96 104 105 100 101 101 97 99 99 100 99 108  8
102 98 102 103 101 99 100 101 98 100 99 106  9
99 99 103 101 103 99 100 97 97 101 98 102  10
99 99 99 102 100 103 102 103 99 96 104 15000  11
Chip#4
97 96 95 91 91 98 90 94 99 94 96 94  0
105 106 105 104 103 110 103 107 105 109 106 112  1
111 104 103 103 103 105 104 106 104 104 108 103  2
110 105 107 103 106 110 106 105 106 105 106 105  3
102 97 101 98 100 101 97 100 100 101 99 100  4
115 107 109 107 107 109 104 110 113 109 109 108  5
113 106 112 106 110 111 106 108 110 113 108 109  6
103 102 103 98 99 105 102 105 106 106 104 100  7
109 106 105 106 109 109 106 106 105 107 107 106  8
103 106 101 101 103 110 102 105 107 105 104 103  9
106 105 107 103 104 108 103 105 110 106 106 106  10
107 102 101 106 102 106 107 104 107 106 107 15000  11
