
Chip#1
115 117 110 129 106 111 104 108 108 109 118 117  0
115 110 101 105 105 108 97 106 105 103 110 114  1
111 112 111 110 109 112 108 106 109 108 105 112  2
109 114 615 509 107 720 582 116 672 501 109 111  3
104 110 647 557 106 515 384 106 447 333 108 111  4
108 107 113 107 105 112 103 104 105 110 110 109  5
104 110 507 506 113 144 136 105 135 132 108 109  6
112 114 458 456 113 141 131 109 122 127 111 112  7
107 106 110 111 109 111 104 106 108 109 109 112  8
107 113 115 129 110 146 139 105 141 138 111 114  9
105 105 109 129 105 130 125 105 121 119 108 109  10
115 117 115 129 113 118 113 113 112 113 116 15000  11
Chip#2
108 109 112 106 120 114 119 104 104 112 114 114  0
107 109 109 110 117 117 125 104 103 113 116 117  1
109 113 112 110 117 119 123 108 108 112 112 117  2
109 109 111 105 114 191 163 104 121 125 108 114  3
115 110 111 109 114 165 149 105 121 121 112 117  4
117 117 117 115 123 118 125 109 112 118 118 117  5
108 109 271 207 113 133 133 106 130 129 111 114  6
111 115 237 177 120 130 135 106 121 124 110 117  7
111 109 114 109 118 120 125 104 110 114 112 113  8
108 111 335 266 114 359 300 109 292 262 112 115  9
111 109 290 215 114 296 232 108 241 226 112 118  10
117 107 108 109 115 118 119 108 106 110 113 15000  11
