
Chip#1
117 110 103 105 102 108 102 104 102 107 115 116  0
121 106 103 107 104 108 99 100 101 108 106 112  1
116 112 110 129 109 118 113 110 112 118 112 117  2
105 103 594 490 104 699 562 105 649 487 105 105  3
108 103 632 542 104 496 368 104 439 318 100 99  4
108 112 109 129 106 115 104 108 105 113 112 107  5
104 101 491 495 97 131 122 96 120 122 100 100  6
112 112 452 452 113 140 131 112 122 125 109 111  7
109 109 103 113 102 110 104 104 102 105 108 107  8
115 110 106 117 109 144 136 105 133 137 109 112  9
105 105 99 113 105 131 117 101 117 123 104 104  10
109 105 106 107 104 110 102 104 101 105 106 15000  11
Chip#2
101 101 97 102 105 103 109 104 100 101 106 105  0
104 102 99 101 107 105 111 102 97 101 103 105  1
107 99 100 100 110 110 111 104 98 103 103 106  2
102 97 98 101 105 156 141 101 112 113 103 98  3
107 102 102 102 111 142 136 105 110 113 106 101  4
102 103 103 106 105 108 113 99 97 101 106 104  5
106 110 239 205 111 127 128 105 119 122 110 108  6
102 103 192 153 105 114 113 101 106 107 100 98  7
94 97 99 94 103 103 107 98 94 99 100 101  8
104 106 282 229 108 305 244 102 244 223 106 100  9
101 101 247 185 108 246 202 102 196 197 102 109  10
105 101 102 102 111 111 107 98 98 102 110 15000  11
