
Chip#1
112 116 105 114 105 113 99 102 101 107 114 120  0
116 117 109 113 106 113 103 109 106 110 112 121  1
112 114 113 129 109 120 110 106 110 117 109 116  2
112 116 548 450 113 637 507 112 569 433 109 116  3
115 121 583 505 118 464 352 113 398 304 114 120  4
113 117 117 129 110 121 108 108 108 113 109 117  5
111 116 434 447 110 139 128 110 128 127 108 114  6
111 116 402 401 109 143 125 109 121 125 106 116  7
115 120 113 129 114 118 104 109 112 113 111 113  8
111 118 107 129 114 146 135 110 132 138 112 122  9
120 120 119 129 119 145 128 118 129 134 119 124  10
115 118 110 129 107 117 103 112 109 110 110 15000  11
Chip#2
114 106 109 104 108 117 120 105 102 109 111 110  0
109 105 105 104 105 111 117 98 97 106 106 109  1
104 106 105 104 110 107 117 104 97 106 102 104  2
111 107 108 104 107 151 145 104 112 116 110 111  3
115 107 109 108 113 137 135 108 114 116 110 113  4
108 103 105 106 110 107 116 102 100 105 103 109  5
107 109 191 162 108 126 128 109 114 120 108 110  6
111 110 167 139 114 119 125 108 108 117 107 109  7
115 107 109 105 110 117 120 109 105 109 108 113  8
108 110 233 205 114 256 213 108 196 179 110 109  9
111 111 204 160 110 209 180 105 165 163 108 111  10
104 101 105 98 105 103 109 99 93 102 102 15000  11
