
Chip#1
25 153 143 0 20 92 38 69 82 110 156 165  0
9 149 194 60 20 124 150 69 93 205 159 154  1
9 153 634 680 20 764 1486 203 521 1486 323 157  2
9 155 219 198 20 300 518 85 265 723 208 151  3
9 150 138 0 4 92 38 69 78 118 155 154  4
25 146 162 10 20 108 70 69 363 856 210 152  5
9 147 144 0 20 92 38 69 269 659 184 149  6
9 155 146 2 20 92 38 69 87 113 156 157  7
9 150 164 15 4 92 38 69 84 105 154 155  8
0 146 155 0 4 92 38 53 82 104 150 153  9
9 150 147 0 4 76 22 69 84 110 151 157  10
9 147 142 0 4 76 22 69 81 104 152 15000  11
Chip#2
239 94 194 81 34 259 121 127 161 147 146 94  0
239 96 202 84 42 259 126 129 165 152 149 95  1
239 89 192 74 31 259 116 119 156 143 140 85  2
239 93 213 279 111 259 251 214 163 273 219 99  3
239 96 256 399 226 259 283 222 166 273 219 96  4
239 92 200 107 46 259 131 131 161 154 142 89  5
239 93 204 197 77 259 123 133 163 151 149 94  6
239 87 218 319 169 259 128 134 162 157 152 85  7
239 91 199 172 54 259 125 126 163 147 147 90  8
239 94 201 140 39 259 128 130 167 153 151 97  9
239 93 197 140 36 259 127 134 161 151 152 95  10
239 89 197 78 31 259 123 127 160 147 142 15000  11
