
Chip#1
112 113 107 116 119 106 127 129 104 104 102 100  0
186 189 134 208 224 168 453 456 164 124 147 108  1
162 188 128 197 214 143 437 439 135 131 131 100  2
141 136 115 128 132 120 169 177 114 122 131 108  3
237 229 135 140 140 137 487 501 144 123 131 105  4
209 207 129 140 139 138 493 512 164 133 131 107  5
139 128 110 118 120 117 168 175 108 109 110 101  6
215 203 125 123 125 136 502 464 126 127 147 96  7
194 190 123 127 133 168 493 461 134 138 147 111  8
137 134 107 111 112 106 178 175 99 110 106 98  9
217 214 129 124 125 168 536 450 122 151 147 100  10
202 192 121 125 127 168 517 456 127 159 163 15000  11
Chip#2
112 111 107 100 104 106 100 101 99 105 105 110  0
112 114 103 95 113 103 292 302 99 104 102 103  1
128 137 116 125 142 116 566 539 100 112 112 109  2
112 114 113 107 110 114 142 125 99 108 105 108  3
128 130 110 107 116 116 357 418 100 115 106 112  4
128 143 113 109 121 122 399 434 100 121 110 112  5
112 111 109 104 110 115 119 112 99 113 103 107  6
128 130 114 107 113 109 374 362 100 112 106 109  7
128 127 110 107 115 111 255 265 100 111 108 109  8
128 111 109 98 103 111 143 162 99 106 110 108  9
128 139 113 102 106 106 598 704 100 118 106 108  10
112 121 109 99 106 110 277 337 99 111 108 15000  11
