
Chip#1
348 330 393 440 395 347 347 379 438 295 333 339  0
355 363 410 453 427 363 363 389 456 310 348 355  1
343 363 404 442 427 363 347 401 458 294 363 348  2
379 363 397 445 476 363 363 400 446 300 363 344  3
344 379 397 444 427 363 347 400 445 299 385 346  4
342 363 404 443 427 347 331 385 445 294 402 352  5
344 334 395 444 411 331 347 385 444 300 331 336  6
351 363 405 450 411 347 347 382 450 299 347 344  7
350 363 410 444 427 347 347 384 451 296 383 350  8
348 363 397 448 411 347 347 383 442 300 339 340  9
350 379 406 447 427 363 363 383 452 296 363 347  10
355 363 412 452 427 363 347 391 456 304 381 15000  11
Chip#2
268 507 417 450 427 545 493 439 476 399 449 548  0
268 507 458 450 427 586 493 439 511 3669 2523 536  1
268 507 459 450 427 601 493 439 537 3669 2523 545  2
395 576 453 506 475 583 554 499 518 663 591 526  3
395 576 472 506 475 603 554 499 535 663 591 532  4
395 576 483 506 475 611 554 499 563 663 591 541  5
395 591 469 514 486 593 569 513 525 503 529 527  6
395 591 491 514 486 610 569 513 544 503 529 534  7
395 591 495 514 486 611 569 513 577 503 529 540  8
410 585 456 511 468 578 563 493 510 494 503 520  9
410 585 491 511 468 605 563 493 543 494 2923 541  10
410 585 495 511 468 611 563 493 635 494 2923 15000  11
