
Chip#1
143 134 125 139 140 117 136 131 121 127 131 115  0
243 251 168 305 326 184 324 328 180 274 276 138  1
207 225 149 285 316 168 310 313 164 286 269 131  2
155 144 125 153 164 121 148 159 120 152 163 115  3
277 264 156 305 306 146 302 299 164 299 298 130  4
244 237 152 279 289 168 308 316 180 323 315 141  5
205 206 131 136 140 120 144 159 117 146 163 114  6
580 602 203 251 242 133 282 274 164 317 303 124  7
462 465 162 238 229 132 281 276 164 327 323 124  8
172 173 128 149 141 119 144 138 120 165 163 118  9
293 302 171 237 210 168 231 198 180 304 252 118  10
260 247 145 203 191 131 211 199 164 295 263 15000  11
Chip#2
128 114 118 109 115 109 111 110 98 113 114 119  0
180 291 147 260 391 123 353 352 106 305 265 120  1
269 553 202 437 682 174 609 580 133 490 361 121  2
136 184 147 127 164 119 147 162 101 151 133 119  3
215 427 163 284 433 126 434 483 106 387 361 119  4
253 596 202 352 542 132 474 508 102 387 318 114  5
144 162 124 118 135 121 128 127 100 135 129 123  6
465 1454 316 275 439 133 489 522 112 666 557 121  7
441 1360 282 276 365 122 382 393 102 411 351 115  8
128 156 120 109 130 113 129 129 102 181 148 115  9
270 717 247 242 392 138 387 434 132 762 555 120  10
207 461 179 172 264 121 210 237 100 338 283 15000  11
