
Chip#1
113 106 112 107 106 106 114 108 102 104 109 106  0
102 338 499 102 587 536 108 529 287 101 518 215  1
107 470 645 105 677 588 110 492 280 101 681 285  2
111 121 120 117 122 118 115 124 110 107 119 110  3
105 528 682 105 656 596 108 754 513 101 837 435  4
110 523 647 111 610 533 114 636 449 101 770 400  5
110 124 116 108 124 125 110 131 107 98 126 112  6
114 583 753 116 776 682 110 828 581 110 869 467  7
108 471 626 107 638 571 107 661 464 99 675 361  8
116 126 116 107 125 127 115 131 107 107 124 110  9
119 491 648 111 664 628 110 690 488 105 727 377  10
110 335 469 101 521 516 112 533 366 101 470 235  11
Chip#2
111 123 116 123 119 117 119 122 121 119 121 116  0
116 386 553 123 478 579 124 391 425 127 459 363  1
123 311 430 123 382 451 130 333 362 130 487 396  2
126 133 128 123 132 129 133 139 133 134 133 125  3
116 502 616 123 528 594 130 503 550 131 592 429  4
125 311 367 123 371 390 134 402 453 134 476 378  5
124 130 128 123 133 130 134 142 135 135 133 129  6
128 502 643 123 650 586 135 604 531 137 669 447  7
126 294 344 123 373 357 134 433 366 130 428 277  8
123 127 123 123 129 129 135 133 128 132 133 128  9
123 551 655 139 672 548 135 630 517 135 710 335  10
118 182 232 123 305 257 127 333 271 126 353 183  11
