
Chip#1
111 107 106 110 102 112 96 102 107 108 110 112  0
113 113 111 129 106 117 103 106 109 112 111 116  1
107 109 109 113 101 113 99 101 105 105 111 109  2
112 116 152 157 109 153 131 113 141 134 115 116  3
104 116 143 160 104 131 117 106 125 120 106 112  4
105 109 109 129 107 113 100 101 104 107 111 108  5
108 116 143 159 111 118 109 106 110 109 116 117  6
111 110 140 152 110 117 106 110 107 112 111 114  7
107 106 105 152 104 108 98 104 98 104 108 111  8
111 112 105 152 105 116 109 102 107 110 108 112  9
115 114 111 152 107 122 107 106 109 113 112 117  10
111 114 109 152 107 113 104 105 105 108 111 15000  11
Chip#2
102 102 93 97 107 105 113 91 96 102 102 101  0
108 102 98 102 108 107 112 97 96 103 106 108  1
109 110 96 102 110 108 115 104 98 102 104 106  2
114 107 99 98 113 111 115 99 101 108 108 105  3
101 103 93 96 104 104 112 97 94 101 99 100  4
101 99 95 93 104 104 107 92 92 97 99 97  5
112 105 102 102 108 107 115 101 100 105 104 106  6
102 105 99 100 105 100 108 95 96 101 103 105  7
108 109 102 105 111 112 116 101 101 106 112 105  8
112 103 106 101 111 111 112 97 101 106 104 105  9
105 101 99 105 104 108 112 99 94 103 102 106  10
108 106 105 105 108 110 115 106 100 107 108 15000  11
