
Chip#1
363 363 292 406 384 347 390 326 311 288 298 347  0
363 363 293 413 387 363 391 329 309 289 297 347  1
363 363 292 411 386 363 363 326 313 291 296 347  2
363 363 458 495 383 457 493 328 490 431 297 284  3
363 363 457 497 384 405 445 326 441 336 296 281  4
363 363 289 408 381 347 390 325 309 282 293 281  5
363 363 428 488 383 363 391 323 314 288 293 347  6
363 363 417 483 384 363 363 328 317 290 299 283  7
363 363 287 408 383 347 337 320 305 281 294 281  8
363 363 290 411 381 363 395 323 315 293 293 347  9
363 363 294 411 383 347 363 326 315 290 301 347  10
363 363 296 416 389 363 363 330 316 293 301 15000  11
Chip#2
395 446 298 388 389 291 285 450 347 404 328 287  0
457 448 300 390 393 294 286 450 347 408 330 288  1
395 446 298 388 392 292 286 448 347 405 326 288  2
395 450 299 392 394 303 294 451 347 410 329 291  3
454 446 298 390 391 298 288 449 347 408 329 289  4
456 447 301 393 394 293 285 450 347 407 328 288  5
395 442 308 392 388 291 286 447 347 406 325 287  6
395 447 305 392 391 294 285 451 347 405 322 287  7
455 446 297 391 394 293 285 451 363 407 329 288  8
395 442 311 394 386 308 347 447 363 412 323 285  9
395 446 310 393 389 307 295 448 347 412 327 289  10
395 444 296 384 386 290 281 448 331 402 323 15000  11
