
Chip#1
124 123 99 113 105 106 121 128 108 116 121 119  0
297 339 138 161 150 122 193 187 134 217 193 131  1
309 371 149 151 147 116 182 186 125 212 185 117  2
134 160 112 120 114 115 138 139 118 134 125 115  3
179 202 125 160 164 131 224 224 133 200 185 122  4
166 194 122 159 162 127 197 198 126 183 185 120  5
119 135 113 134 127 123 137 146 126 134 127 121  6
164 181 117 207 201 126 212 211 126 217 200 114  7
166 181 119 179 177 131 191 198 129 198 181 121  8
120 138 113 120 120 119 143 154 119 143 135 121  9
162 186 122 161 168 126 243 253 126 212 192 114  10
156 169 116 151 155 122 194 203 126 168 192 15000  11
Chip#2
127 129 115 114 116 111 116 116 113 136 110 114  0
131 134 110 103 106 105 109 105 112 115 111 112  1
131 132 116 115 111 112 110 112 117 131 112 114  2
116 118 110 111 109 109 108 109 114 116 108 112  3
122 126 115 112 114 109 116 117 116 131 115 115  4
118 120 115 118 110 113 110 113 113 131 110 113  5
114 115 111 108 110 113 110 112 112 131 106 113  6
122 116 112 116 113 113 117 112 117 131 114 121  7
119 122 110 115 111 107 106 109 111 131 110 112  8
123 118 114 111 115 111 112 113 116 116 107 114  9
123 125 118 114 116 112 117 118 118 123 114 109  10
127 122 110 110 114 107 109 109 113 116 105 15000  11

Chip#1
124 123 107 116 104 110 120 116 110 115 117 119  0
280 325 135 147 134 118 176 176 126 210 180 117  1
299 365 152 145 138 116 179 183 126 206 181 115  2
130 156 108 117 109 112 135 139 118 134 119 110  3
176 198 125 160 152 131 221 214 128 196 187 114  4
155 191 116 149 147 124 187 186 124 174 163 110  5
112 119 112 125 117 122 132 139 121 134 122 113  6
162 178 118 202 194 124 208 208 121 215 196 111  7
157 171 116 165 160 124 180 184 126 185 196 114  8
119 126 111 121 113 120 141 148 116 137 129 114  9
154 178 119 158 162 126 238 251 127 207 185 111  10
146 159 108 146 138 112 187 191 126 159 150 15000  11
Chip#2
122 120 104 105 108 108 106 107 107 116 108 106  0
138 160 112 108 109 109 110 114 120 131 115 110  1
119 123 104 100 102 103 103 100 108 131 110 103  2
119 115 106 105 109 105 102 102 112 111 105 106  3
119 111 102 106 109 105 110 111 109 111 109 108  4
111 122 108 110 109 107 106 104 112 115 108 113  5
112 116 107 107 109 104 100 103 105 115 105 104  6
118 118 110 112 112 109 108 111 108 120 114 109  7
109 120 114 111 114 104 112 105 112 117 115 110  8
120 120 110 114 117 111 114 111 114 118 118 113  9
120 120 111 108 114 108 110 112 111 117 111 109  10
122 122 115 110 113 113 116 116 117 131 115 15000  11

Chip#1
131 138 114 122 112 114 125 133 118 159 127 121  0
284 332 133 153 144 119 183 180 118 214 185 121  1
287 365 146 145 139 110 173 172 126 205 180 111  2
129 151 109 117 108 114 131 131 126 131 117 103  3
179 202 122 163 158 134 223 222 117 199 179 116  4
161 190 118 154 158 127 193 190 126 181 164 115  5
114 121 112 127 123 116 135 144 120 134 127 113  6
164 185 117 222 201 128 213 215 129 223 197 116  7
155 173 118 171 163 122 179 185 124 185 176 115  8
113 173 104 116 114 114 131 145 113 135 124 109  9
162 185 122 166 167 126 239 253 129 212 186 121  10
165 181 128 158 164 132 201 212 135 173 167 15000  11
Chip#2
115 115 107 104 104 109 103 104 108 113 105 108  0
134 140 114 104 108 109 109 108 113 131 112 112  1
119 123 108 104 105 101 102 99 105 112 103 109  2
116 118 110 110 110 109 108 109 113 115 114 117  3
119 117 110 112 109 109 109 113 114 131 111 117  4
119 120 111 112 111 112 112 112 114 131 114 112  5
112 113 108 111 109 107 105 105 111 115 110 109  6
112 113 104 105 106 105 106 102 108 131 114 108  7
116 120 115 118 113 113 109 111 117 131 119 119  8
111 117 111 112 108 109 104 105 111 116 109 112  9
118 122 112 112 112 111 112 113 114 131 112 115  10
123 121 111 112 111 112 113 109 113 131 116 15000  11

Chip#1
126 135 112 109 104 112 124 130 115 121 121 116  0
284 331 128 151 140 115 180 174 123 214 186 120  1
295 370 150 145 138 114 178 179 127 208 182 111  2
134 156 109 117 112 114 135 136 121 133 124 113  3
167 197 123 158 152 127 221 214 127 197 175 110  4
159 183 117 144 146 122 189 184 123 178 161 109  5
128 121 114 126 123 122 135 141 120 132 124 114  6
166 181 114 204 199 127 212 214 129 225 200 117  7
159 178 119 170 164 127 183 189 117 191 179 116  8
117 135 106 116 113 111 137 141 115 135 130 110  9
165 188 126 164 167 132 244 251 131 214 191 119  10
151 171 122 147 152 123 188 200 123 166 159 15000  11
Chip#2
116 118 104 108 109 104 104 104 107 115 111 109  0
130 131 107 104 104 103 108 103 109 113 110 109  1
126 134 108 114 112 112 109 105 117 118 114 112  2
114 116 106 108 110 103 106 107 111 115 106 113  3
114 108 97 101 98 100 98 105 102 106 106 99  4
112 117 104 111 109 104 109 108 113 113 114 112  5
112 115 108 108 109 104 112 104 111 104 110 108  6
123 123 118 118 115 117 119 118 121 131 124 117  7
115 116 108 112 111 109 109 109 111 116 116 114  8
111 111 102 104 112 103 104 104 108 108 107 108  9
114 117 104 107 104 104 108 105 109 112 112 106  10
116 113 107 106 110 107 104 100 109 110 102 15000  11
