
Chip#1
103 101 100 104 97 103 105 100 101 96 96 96  0
108 102 104 112 102 112 113 105 111 104 103 102  1
106 100 120 127 107 123 134 107 121 134 109 102  2
103 99 105 110 105 104 116 101 108 115 102 100  3
111 107 121 129 109 122 136 107 112 107 107 105  4
97 97 537 546 100 547 930 118 109 116 95 94  5
111 107 287 299 107 357 569 116 119 121 106 104  6
99 99 111 118 104 108 105 98 106 93 94 98  7
99 106 693 670 104 366 436 104 106 99 98 100  8
98 104 464 415 102 372 432 105 102 100 93 90  9
112 106 110 115 108 116 109 103 112 100 102 102  10
109 96 100 106 96 101 106 101 104 96 102 15000  11
Chip#2
109 111 111 107 112 108 108 104 106 102 106 110  0
113 115 111 110 116 108 113 106 106 105 110 111  1
102 104 106 104 107 107 106 100 96 99 100 106  2
103 108 106 109 111 104 113 105 100 101 109 105  3
102 100 100 113 110 99 110 105 100 101 106 98  4
107 114 107 110 108 112 113 105 100 99 106 111  5
100 103 104 104 108 107 213 209 98 143 196 104  6
106 112 111 117 117 114 419 413 110 208 294 119  7
109 115 109 110 113 114 138 139 105 109 121 110  8
110 113 109 113 111 108 139 157 106 149 238 119  9
107 111 106 109 108 108 224 300 114 248 404 151  10
107 113 109 108 112 107 128 141 107 115 153 15000  11
