
Chip#1
132 137 109 116 114 122 129 133 126 131 128 127  0
287 337 140 160 149 122 187 186 126 214 193 126  1
306 377 156 160 153 122 184 192 130 213 192 117  2
137 162 114 126 123 115 142 145 126 138 132 121  3
176 198 123 161 164 127 223 218 129 200 182 115  4
169 196 123 161 173 131 200 203 131 190 180 121  5
122 135 117 137 129 128 147 148 128 137 129 126  6
175 191 131 222 214 139 220 218 137 230 209 123  7
160 175 121 180 173 127 189 195 117 193 183 122  8
124 139 114 127 122 123 148 149 123 144 133 119  9
166 195 131 170 180 136 249 263 140 214 200 122  10
162 178 128 164 167 131 206 214 135 174 169 15000  11
Chip#2
133 130 112 115 118 113 117 118 118 136 115 114  0
141 142 114 112 116 115 114 118 125 136 115 118  1
133 136 112 114 117 113 113 114 122 136 114 115  2
112 118 106 107 111 112 106 111 114 136 103 115  3
115 117 104 108 108 107 109 107 113 113 106 112  4
122 122 110 116 118 118 117 113 116 131 110 119  5
119 118 104 111 109 107 110 108 116 116 106 110  6
126 128 114 118 118 118 117 116 122 147 118 118  7
124 123 111 119 123 115 116 117 123 131 119 118  8
116 116 104 110 107 111 110 111 116 111 111 117  9
129 125 111 118 119 115 123 120 120 117 115 118  10
138 131 118 122 119 118 120 121 129 147 120 15000  11

Chip#1
129 139 116 120 116 124 130 130 123 135 133 125  0
279 333 133 154 144 123 186 184 124 213 186 122  1
302 370 157 160 151 122 185 184 133 212 186 115  2
137 160 116 118 117 126 137 140 126 138 125 116  3
175 203 123 161 155 132 222 215 129 201 181 115  4
165 195 125 155 158 130 195 190 126 181 168 120  5
121 135 116 132 127 130 135 142 121 135 123 116  6
166 183 122 222 203 135 217 211 130 224 202 122  7
164 181 126 177 172 139 188 192 129 193 180 120  8
126 143 116 128 121 128 144 151 126 142 134 117  9
161 190 127 161 171 132 242 252 134 213 196 120  10
151 175 122 155 157 132 196 203 127 167 162 15000  11
Chip#2
119 120 106 105 110 105 102 104 108 131 101 104  0
138 137 115 110 112 108 109 105 114 120 114 112  1
131 140 114 116 115 115 112 108 121 131 116 115  2
116 118 114 114 113 115 108 112 116 131 112 113  3
114 116 111 110 114 107 109 104 109 117 110 108  4
114 113 108 114 110 109 106 111 114 115 111 110  5
115 122 115 114 114 113 114 107 117 116 112 112  6
120 123 118 118 118 116 116 113 117 131 119 115  7
122 123 111 118 114 113 109 112 116 131 112 117  8
114 115 107 107 108 105 104 99 109 113 110 109  9
127 132 119 122 123 119 121 120 123 131 118 119  10
126 123 111 115 117 108 109 108 117 131 111 15000  11

Chip#1
125 135 108 117 109 118 123 128 115 167 124 119  0
287 336 141 154 147 128 185 183 131 213 191 125  1
301 364 155 154 149 126 182 183 130 209 182 113  2
132 160 113 116 114 120 134 138 126 132 123 113  3
172 198 123 155 156 130 219 211 117 196 175 115  4
160 194 125 155 161 131 195 192 131 184 187 117  5
127 139 122 134 128 140 146 149 133 142 138 124  6
169 185 126 204 207 135 214 215 138 223 204 121  7
162 178 125 177 173 134 188 192 131 189 181 122  8
125 140 118 130 124 126 146 151 126 144 133 117  9
160 190 131 164 174 136 244 254 137 210 191 120  10
147 167 114 150 151 123 188 195 126 161 154 15000  11
Chip#2
123 123 110 114 117 112 112 107 114 117 110 118  0
133 132 110 110 112 103 112 105 116 131 114 117  1
125 130 112 110 113 109 112 111 113 131 112 113  2
115 116 106 110 110 107 112 107 107 112 103 114  3
121 122 115 116 117 116 119 114 116 131 116 123  4
116 121 114 112 114 115 120 108 114 121 114 119  5
116 110 106 104 106 104 109 100 107 108 102 112  6
114 118 107 111 110 109 110 107 111 115 108 112  7
114 116 108 116 115 112 110 104 116 131 112 118  8
118 121 108 114 114 115 114 108 115 113 111 119  9
130 126 120 126 123 118 118 120 118 131 115 119  10
131 127 118 122 119 118 117 113 123 131 116 15000  11

Chip#1
122 141 114 120 108 119 126 129 119 121 127 123  0
284 331 136 156 142 122 189 180 128 213 186 123  1
307 374 161 159 152 126 184 186 135 215 185 124  2
135 156 113 122 113 120 135 139 126 136 127 116  3
176 206 128 163 156 136 224 218 136 203 180 126  4
166 195 125 158 161 130 196 186 131 182 180 121  5
119 142 112 128 121 123 141 139 125 135 124 120  6
165 191 125 222 201 135 214 210 137 225 206 120  7
160 181 127 178 171 134 190 190 133 193 182 126  8
127 144 122 130 125 128 149 153 128 146 140 122  9
165 192 126 163 167 134 241 254 137 212 195 116  10
164 177 123 158 156 131 196 208 137 176 165 15000  11
Chip#2
119 125 112 115 113 111 108 111 116 115 111 113  0
135 137 115 115 116 108 109 107 116 116 118 115  1
120 128 110 107 110 109 106 103 109 111 101 109  2
115 120 110 116 114 113 110 112 114 118 115 122  3
116 120 110 114 117 113 113 111 117 120 112 115  4
112 116 110 114 115 116 110 109 118 131 110 114  5
112 112 106 105 106 105 106 99 108 111 105 105  6
112 115 108 116 115 109 109 105 114 131 114 110  7
116 118 115 119 115 112 112 111 121 131 114 119  8
112 117 112 114 114 111 109 107 116 111 108 114  9
124 125 116 119 118 116 114 112 118 131 111 110  10
122 121 110 115 121 113 110 107 118 121 111 15000  11
