
Chip#1
57 174 151 8 20 92 38 85 93 124 168 185  0
41 173 286 222 36 268 518 117 154 475 189 180  1
25 162 1673 2048 68 3172 3846 341 1920 3952 846 166  2
25 170 475 589 36 1004 2254 193 829 2843 376 171  3
25 161 153 10 36 108 54 101 101 175 165 163  4
25 167 219 94 36 196 118 101 1307 3229 391 164  5
25 167 177 38 36 124 86 101 888 2486 296 164  6
25 165 152 9 36 108 38 152 96 124 161 159  7
25 165 219 87 36 196 102 101 93 117 161 161  8
9 159 202 40 20 124 86 85 82 114 155 150  9
25 165 154 4 36 92 38 85 82 115 154 159  10
41 170 153 4 36 92 38 148 89 123 161 15000  11
Chip#2
239 207 210 95 49 259 140 146 178 216 158 114  0
239 191 196 140 36 259 128 136 161 153 147 95  1
239 93 190 78 33 259 124 133 161 150 146 97  2
239 191 229 502 179 259 451 318 172 319 356 108  3
239 95 279 750 375 259 491 449 168 329 344 99  4
239 191 201 188 55 259 145 145 173 163 153 102  5
239 95 201 245 112 259 133 137 169 161 156 98  6
239 96 255 558 331 259 144 146 168 216 162 99  7
239 96 198 188 68 259 127 136 164 151 146 98  8
239 96 197 84 39 259 135 141 170 159 157 102  9
239 86 189 74 29 259 131 142 161 156 162 94  10
239 191 195 140 37 259 127 136 164 153 150 15000  11
