
Chip#1
49 68 53 0 0 27 14 0 53 101 161 46  0
25 68 165 187 0 183 439 0 101 420 181 32  1
25 68 1366 1709 0 2619 439 159 1470 420 705 26  2
27 84 361 429 0 894 1860 44 677 2385 319 35  3
25 68 68 0 0 94 26 0 85 153 169 26  4
23 52 141 22 0 75 98 0 958 2679 321 24  5
17 68 85 0 0 110 58 0 693 1941 246 17  6
23 52 62 0 0 35 20 0 53 105 158 21  7
29 68 150 18 0 79 85 0 69 106 167 23  8
24 68 109 0 0 67 67 0 53 98 155 22  9
33 68 58 0 0 30 19 0 53 105 161 29  10
32 68 62 0 0 32 23 0 69 102 167 15000  11
Chip#2
102 205 220 183 0 154 7 0 143 75 99 143  0
109 205 236 190 0 154 17 0 146 82 107 143  1
97 189 220 181 0 154 9 0 137 75 99 143  2
104 205 252 468 21 154 325 178 186 241 302 159  3
100 205 261 667 173 154 379 222 186 250 294 159  4
101 189 220 227 0 154 25 0 146 83 102 143  5
101 189 236 316 25 154 20 0 146 83 114 143  6
102 189 252 502 142 154 26 0 147 92 117 143  7
100 189 220 234 0 154 11 0 143 81 104 143  8
95 189 220 180 0 154 11 0 142 76 103 143  9
101 205 236 186 0 154 21 0 186 87 119 159  10
109 205 236 188 0 154 24 0 186 83 108 15000  11

Chip#1
50 68 51 0 0 30 14 0 69 100 165 46  0
29 68 165 116 0 183 383 0 101 375 173 31  1
21 52 1269 1684 0 2307 383 149 1234 375 618 24  2
12 52 327 452 0 726 1622 0 565 2000 279 19  3
16 68 63 0 0 94 28 0 69 135 165 22  4
17 52 135 14 0 68 100 0 885 2323 290 23  5
24 68 85 0 0 54 68 0 613 1692 231 24  6
20 68 57 0 0 28 19 0 69 103 160 17  7
15 52 132 6 0 68 63 0 53 98 148 14  8
20 52 103 0 0 61 64 0 69 100 156 22  9
23 52 57 0 0 25 17 0 53 101 153 18  10
28 52 57 0 0 25 13 0 53 106 159 10000  11
Chip#2
229 262 261 291 6 211 124 67 263 191 220 232  0
226 262 261 287 2 208 119 56 258 190 217 232  1
229 262 261 294 10 217 121 65 264 200 225 232  2
220 262 364 560 127 222 416 247 266 315 383 232  3
223 262 380 722 244 230 478 295 269 326 378 232  4
224 262 261 330 73 214 134 69 263 198 223 232  5
223 262 261 388 114 211 132 70 264 199 233 232  6
219 262 364 609 209 214 136 75 263 202 237 232  7
220 262 261 338 31 212 120 62 264 195 223 232  8
221 262 261 288 10 216 125 68 261 195 232 232  9
225 262 261 294 5 210 131 80 266 202 240 232  10
227 262 261 292 6 211 123 62 263 190 225 15000  11
