
Chip#1
115 114 107 129 105 112 103 105 104 113 114 121  0
117 113 101 129 104 113 102 106 106 109 111 118  1
109 107 105 107 106 112 102 108 106 112 105 111  2
115 116 439 385 115 522 406 113 466 365 116 120  3
108 110 448 401 110 368 281 104 321 239 109 112  4
116 117 117 129 113 117 105 114 110 114 114 114  5
113 111 345 350 105 130 121 106 120 123 110 108  6
107 112 317 320 109 130 115 102 112 117 106 109  7
104 103 100 103 105 106 99 101 97 103 101 105  8
107 107 109 129 106 130 121 100 121 128 110 112  9
105 109 107 129 102 125 110 102 110 117 108 116  10
103 107 103 110 104 110 102 102 100 103 104 15000  11
Chip#2
99 103 97 94 108 108 116 104 98 102 104 106  0
106 105 102 101 108 114 123 101 102 106 106 108  1
107 107 108 102 110 112 117 98 103 103 107 105  2
104 105 102 101 111 137 132 102 109 113 108 102  3
107 107 106 102 108 130 128 104 105 110 108 109  4
96 99 102 100 104 107 115 97 96 102 106 98  5
98 102 158 138 110 112 117 98 106 107 104 104  6
101 103 145 125 108 114 116 101 102 109 104 104  7
112 113 106 109 114 118 121 106 105 113 111 113  8
107 106 191 170 115 215 190 104 170 158 112 108  9
104 106 174 142 107 181 164 101 144 144 103 105  10
102 103 106 100 107 114 117 102 102 107 108 15000  11
