
Chip#1
117 107 107 114 109 110 113 114 118 108 108 115  0
110 101 116 121 109 117 121 109 113 118 114 111  1
104 107 158 188 109 164 217 112 150 222 118 106  2
109 110 123 140 109 133 149 105 127 175 114 108  3
98 99 105 109 100 104 108 103 104 101 100 96  4
110 111 222 239 112 174 228 114 144 190 116 110  5
111 107 147 153 108 142 169 113 134 176 112 105  6
106 107 108 112 109 105 113 103 111 100 106 104  7
103 102 182 190 104 160 174 107 108 99 102 100  8
106 102 152 152 105 157 176 104 107 101 101 106  9
112 109 107 115 109 110 113 107 116 103 103 106  10
115 112 110 113 110 112 115 107 112 107 108 15000  11
Chip#2
112 114 110 108 112 108 112 105 107 101 105 111  0
106 106 102 99 106 103 106 102 99 99 104 99  1
111 114 110 109 106 109 108 105 107 104 106 111  2
107 109 107 118 117 108 122 113 105 107 114 108  3
106 111 110 125 123 108 126 117 104 114 118 111  4
110 114 112 113 115 112 117 111 108 104 110 110  5
111 111 111 114 117 109 116 112 108 107 120 111  6
107 108 107 125 119 109 125 121 102 113 128 106  7
115 113 111 115 118 114 112 113 105 108 111 114  8
109 113 110 114 107 112 112 114 108 108 115 110  9
110 109 110 112 106 108 125 124 104 112 126 111  10
121 119 117 116 116 116 119 118 112 112 121 15000  11
