
Chip#1
95 98 99 96 95 101 97 100 99 95 91 96  0
103 101 98 98 102 105 100 102 99 96 93 99  1
107 105 108 106 111 116 111 116 109 105 103 107  2
98 99 100 93 105 102 99 100 103 95 95 100  3
100 98 101 97 107 104 104 100 104 99 99 101  4
107 102 105 103 108 109 107 105 106 95 99 107  5
105 104 107 103 108 110 111 111 105 100 103 103  6
103 107 102 101 106 111 106 106 103 96 103 103  7
101 101 102 97 107 104 99 100 99 96 96 101  8
100 102 100 100 102 106 104 103 101 94 95 99  9
102 104 101 103 113 109 106 104 101 95 98 103  10
103 105 111 102 112 111 107 111 105 100 103 104  11
Chip#2
94 98 99 103 101 101 100 98 102 101 95 102  0
162 316 103 180 234 106 148 174 103 126 116 100  1
219 362 103 276 355 101 281 330 102 441 433 105  2
104 114 106 108 107 110 110 107 109 109 102 106  3
224 230 103 251 218 107 215 206 102 186 134 101  4
231 256 105 309 288 107 346 354 105 447 318 99  5
93 100 101 106 101 104 105 104 103 106 97 98  6
294 271 102 245 186 101 246 190 105 234 148 101  7
294 299 109 296 218 107 397 285 110 547 298 110  8
98 114 99 107 102 112 109 102 103 105 98 106  9
345 257 107 377 186 107 341 159 106 287 121 108  10
242 195 103 358 202 105 460 228 106 458 166 101  11
