
Chip#1
115 113 111 129 110 111 109 113 110 110 120 120  0
119 112 113 129 116 119 114 114 110 117 118 117  1
119 117 116 129 113 118 121 118 114 119 120 120  2
117 112 111 129 107 113 110 106 104 112 111 114  3
121 116 111 129 110 117 110 114 112 118 116 116  4
117 116 109 129 111 116 113 110 107 115 115 114  5
115 110 106 129 106 113 109 110 107 108 108 116  6
120 114 114 129 116 118 116 114 110 113 108 114  7
112 106 102 107 106 108 110 105 104 107 104 108  8
116 116 113 115 114 116 111 112 112 113 112 116  9
119 117 117 129 114 117 113 114 112 114 115 116  10
124 116 113 129 114 117 111 108 110 113 112 15000  11
Chip#2
115 110 114 106 118 120 128 111 110 120 120 117  0
115 110 115 108 118 123 123 111 108 114 117 115  1
109 106 112 108 115 119 120 111 108 109 113 113  2
119 114 114 110 118 123 123 112 109 114 116 114  3
117 113 117 112 118 123 124 115 109 118 117 117  4
112 109 115 108 117 124 123 108 105 116 114 114  5
112 110 111 112 120 121 125 108 109 116 116 119  6
108 106 111 105 118 119 123 105 103 110 112 111  7
111 105 109 106 115 115 121 111 109 112 111 114  8
121 111 120 112 123 126 128 111 110 114 117 117  9
109 106 109 104 111 118 116 106 109 114 111 110  10
117 113 112 109 117 120 124 113 110 110 114 15000  11
