
Chip#1
110 116 106 101 107 101 100 108 99 112 107 107  0
115 118 110 104 108 109 103 113 109 114 111 113  1
104 108 161 146 105 143 163 107 141 171 101 102  2
106 123 776 792 115 732 965 133 728 944 133 105  3
107 121 495 529 118 476 627 123 515 650 122 110  4
104 113 141 138 107 117 118 106 117 130 106 105  5
106 121 668 732 118 117 118 107 113 126 106 107  6
110 121 577 614 118 112 110 113 112 118 105 106  7
101 114 119 118 101 98 103 104 102 109 101 105  8
99 106 101 97 100 102 104 102 101 111 97 101  9
99 109 99 91 100 104 106 106 101 107 101 101  10
110 110 105 102 105 102 100 108 102 111 102 107  11
Chip#2
108 112 113 107 108 109 98 104 106 111 108 111  0
104 112 108 105 108 105 100 105 111 108 106 111  1
111 120 123 119 115 114 104 112 117 122 119 122  2
112 124 123 117 126 123 105 115 120 119 114 119  3
113 125 126 119 131 128 109 123 126 122 118 122  4
111 143 153 120 119 123 109 112 125 117 117 119  5
115 959 1103 126 115 122 104 108 116 113 109 113  6
121 1133 1300 139 135 134 110 120 128 118 113 116  7
119 182 191 119 153 144 107 129 135 121 116 115  8
116 880 1031 123 802 919 110 747 780 114 108 108  9
128 1246 1347 146 1433 1576 133 1310 1535 135 112 116  10
115 182 188 115 219 219 110 227 230 114 116 113  11
Chip#3
103 97 107 97 102 88 103 106 101 98 104 121  0
106 97 197 166 103 182 158 105 158 196 104 121  1
101 147 688 631 159 678 654 138 541 690 163 107  2
100 114 510 479 118 512 459 114 427 498 123 113  3
101 96 111 99 99 95 101 104 124 139 99 113  4
108 103 116 110 110 104 107 121 586 717 153 118  5
98 86 108 98 95 90 93 113 525 615 124 113  6
96 92 106 97 100 87 99 106 101 102 97 109  7
102 96 113 107 110 100 105 106 96 98 107 117  8
98 93 104 98 97 93 100 104 91 98 99 109  9
105 97 109 103 110 97 111 106 98 98 109 119  10
103 93 113 98 104 95 101 112 94 95 107 114  11
Chip#4
99 99 99 103 107 103 100 104 106 108 102 104  0
99 99 102 102 109 106 99 105 105 105 100 107  1
99 94 99 140 137 101 142 140 102 139 119 102  2
99 96 115 1005 927 123 978 982 124 859 966 131  3
99 90 106 724 678 114 670 688 114 702 759 122  4
99 100 103 128 126 107 104 110 106 109 104 111  5
99 102 128 1013 798 114 107 111 114 113 104 111  6
99 100 120 874 681 109 100 104 107 109 103 107  7
98 94 100 111 115 105 98 99 103 102 99 104  8
106 100 103 102 110 109 103 108 103 110 99 111  9
106 90 103 94 103 98 100 95 99 104 99 101  10
99 94 99 102 110 106 100 104 105 108 102 104  11
