Chip#2
116 118 114 128 118 116 120 116 113 116 115 118  0
113 117 116 126 170 214 120 120 121 122 118 123  1
108 114 116 125 154 176 119 120 117 116 115 115  2
120 118 123 139 127 127 127 128 125 126 118 124  3
108 111 113 129 170 151 120 123 120 120 114 119  4
115 120 125 133 176 161 127 128 129 123 120 126  5
122 124 123 135 125 125 131 128 123 123 124 124  6
119 122 121 138 171 143 129 133 134 126 124 121  7
123 130 128 143 163 141 138 142 137 134 132 132  8
119 123 119 129 124 123 126 126 124 123 123 128  9
110 192 165 128 118 115 118 122 125 115 115 115  10
117 133 143 135 125 120 123 126 126 126 121 15000  11
