
Chip#1
121 126 118 129 114 120 113 112 113 117 125 126  0
120 122 115 129 111 113 109 110 107 110 112 117  1
112 114 113 129 107 121 114 112 113 115 109 111  2
112 120 625 511 113 720 584 116 656 488 114 120  3
116 120 660 563 116 525 385 112 444 328 114 113  4
108 112 106 111 109 113 104 105 102 107 108 109  5
111 114 502 500 110 140 133 108 130 133 106 112  6
109 113 453 448 111 136 127 108 117 123 106 111  7
112 116 110 129 116 112 106 109 107 113 111 116  8
112 117 110 129 115 152 141 109 141 140 111 114  9
107 110 106 111 104 134 127 106 120 127 106 116  10
109 116 105 129 106 113 104 104 104 109 109 15000  11
Chip#2
107 107 109 112 114 114 123 108 108 107 116 113  0
108 106 99 106 111 110 116 99 101 103 110 109  1
108 110 105 104 111 117 123 104 104 107 111 113  2
107 109 103 108 113 195 171 106 130 124 108 108  3
105 107 102 105 110 160 152 105 116 116 108 109  4
115 115 112 118 123 126 124 109 109 114 117 114  5
114 117 280 219 121 141 141 111 135 131 116 117  6
111 114 234 177 115 128 132 108 119 120 114 113  7
111 107 105 106 115 118 120 106 109 106 111 113  8
112 118 349 277 118 377 312 108 296 259 114 113  9
114 117 302 223 120 304 248 111 245 232 118 114  10
115 113 114 112 115 119 125 108 108 113 118 15000  11
