Chip#2
122 118 118 110 105 116 117 102 116 112 114 116  0
109 103 104 101 105 108 103 100 106 104 104 110  1
109 104 108 103 105 108 108 100 116 104 109 107  2
104 99 104 129 773 178 105 100 308 335 99 104  3
102 101 104 153 723 164 108 99 398 509 100 107  4
112 105 113 109 105 112 114 102 117 108 109 112  5
108 107 111 108 105 112 116 100 115 109 104 110  6
112 107 109 106 255 109 109 100 252 159 104 108  7
112 107 111 130 537 243 120 102 772 593 107 111  8
108 102 109 108 218 114 109 100 178 176 108 112  9
124 113 121 113 105 120 121 103 120 113 115 116  10
130 118 115 109 114 111 120 106 122 112 114 15000  11
