
Chip#1
158 159 135 157 164 131 146 159 128 142 147 127  0
295 319 186 390 439 191 423 429 180 344 346 148  1
252 292 177 375 433 187 418 429 196 370 359 150  2
183 178 134 180 195 136 175 184 129 181 183 127  3
353 344 177 397 399 184 395 434 180 394 403 147  4
295 300 162 348 362 184 401 434 196 422 439 153  5
259 268 148 162 169 140 169 184 133 180 181 128  6
834 835 262 333 320 184 379 365 196 430 436 148  7
657 658 201 312 295 184 383 371 196 447 444 152  8
199 211 134 167 164 127 163 159 128 195 182 120  9
393 394 195 279 263 168 273 247 196 396 326 134  10
349 336 180 265 249 184 284 261 212 400 356 15000  11
Chip#2
144 119 118 114 115 119 116 108 100 121 121 124  0
210 381 163 347 541 134 473 483 112 409 340 128  1
340 763 239 610 965 172 859 809 145 675 480 123  2
149 226 147 151 195 134 175 178 109 174 150 133  3
255 581 179 376 582 133 578 660 110 532 471 119  4
334 846 236 498 768 158 654 717 121 544 431 126  5
144 180 147 124 144 127 141 133 109 154 139 125  6
644 2131 419 373 605 158 671 725 133 937 783 133  7
644 2006 374 319 508 137 518 547 116 568 471 124  8
136 184 147 124 149 123 151 146 108 230 171 118  9
344 1006 305 305 537 158 521 582 159 1096 785 129  10
263 641 211 226 353 158 271 307 120 471 374 15000  11
