
Chip#1
105 94 94 98 97 105 104 98 102 92 97 95  0
109 100 108 114 107 110 112 108 106 103 106 102  1
103 100 105 113 98 109 119 103 113 113 103 100  2
110 106 109 114 103 115 115 108 112 109 108 104  3
105 104 111 118 104 107 116 104 109 100 106 101  4
104 99 295 308 98 304 467 110 111 107 100 99  5
106 100 178 187 101 209 304 109 108 104 102 106  6
104 100 107 110 102 104 113 103 107 96 98 99  7
102 101 364 363 102 222 250 101 104 92 102 99  8
98 91 259 239 98 218 242 96 101 92 91 98  9
108 105 107 110 104 105 114 104 107 105 102 106  10
111 97 103 107 97 107 111 102 107 95 108 15000  11
Chip#2
103 104 107 103 108 107 102 97 99 96 104 106  0
105 106 104 102 107 107 110 105 99 98 104 109  1
105 103 104 103 107 106 107 103 102 96 107 105  2
102 105 105 102 110 104 106 100 99 92 104 103  3
94 104 99 102 104 101 105 98 94 91 94 96  4
104 112 109 108 112 107 111 104 104 99 105 109  5
104 104 103 103 111 106 122 114 101 103 116 104  6
106 109 112 109 113 111 153 150 105 119 138 106  7
105 106 109 107 110 108 111 102 101 97 107 104  8
105 105 106 102 106 104 108 111 101 105 115 106  9
102 103 105 103 110 104 122 126 100 113 143 115  10
102 105 110 108 108 106 111 103 101 99 110 15000  11
