
Chip#1
114 110 104 112 109 110 112 112 113 107 109 113  0
112 109 117 119 110 118 122 109 108 120 106 107  1
110 105 165 193 110 168 222 112 155 238 122 111  2
112 106 122 136 105 129 154 103 126 179 108 105  3
109 106 110 114 107 110 112 107 108 108 107 107  4
105 101 216 239 103 166 220 108 144 190 108 102  5
115 109 150 160 111 148 177 115 142 188 114 112  6
109 106 107 113 110 114 111 109 116 111 106 107  7
106 104 186 193 102 163 178 105 108 103 103 104  8
109 112 162 157 110 163 176 109 109 108 102 110  9
112 110 111 118 110 110 113 110 114 108 105 107  10
120 112 106 112 108 111 115 109 114 109 112 15000  11
Chip#2
110 109 109 105 110 103 108 105 106 104 109 110  0
111 112 110 110 110 108 110 110 106 107 110 110  1
112 117 115 113 115 116 112 112 108 108 114 116  2
112 113 115 123 114 116 124 119 108 113 123 114  3
109 115 112 128 118 111 124 119 104 111 119 109  4
111 115 116 115 115 112 113 110 112 107 112 112  5
104 106 105 105 112 108 113 111 105 108 119 108  6
112 114 116 133 125 111 131 128 108 115 135 112  7
115 115 114 115 116 114 117 114 114 109 114 112  8
118 119 119 115 113 114 118 120 114 117 129 116  9
112 114 107 108 110 111 124 125 106 117 130 110  10
113 118 114 114 115 116 116 117 110 108 112 15000  11
