
Chip#1
324 320 388 425 395 355 331 389 422 331 315 322  0
334 323 384 438 395 355 331 390 431 288 327 328  1
331 323 389 436 395 355 331 389 430 287 326 329  2
334 363 386 435 395 355 347 390 429 288 330 328  3
337 363 386 439 462 355 347 390 435 290 332 335  4
336 327 384 437 411 355 331 390 431 286 327 336  5
337 363 384 436 395 355 347 390 430 282 324 331  6
326 316 383 426 379 355 315 323 425 275 316 321  7
333 324 384 432 395 355 315 363 426 279 322 328  8
332 328 382 434 395 355 331 363 429 281 322 328  9
331 363 382 436 395 355 331 379 428 281 319 326  10
325 320 381 425 379 355 315 327 425 275 317 15000  11
Chip#2
197 415 284 409 363 363 351 379 381 331 313 410  0
939 2605 292 1032 1723 363 843 1026 382 651 536 412  1
1358 3003 293 2012 2874 379 2144 2852 382 3803 3723 415  2
205 427 291 374 363 363 355 395 381 347 327 408  3
1786 2106 291 1915 1792 379 1529 1474 381 1235 779 410  4
1707 2235 294 2371 2295 395 2555 2882 387 3995 2683 415  5
206 427 292 395 384 379 390 423 383 347 323 408  6
2396 2387 285 1861 1387 363 1723 1198 382 1787 942 401  7
2203 2491 298 2203 1570 379 2987 2155 388 1787 2403 412  8
213 429 289 395 379 379 363 378 382 347 320 411  9
2811 2098 288 3211 1467 379 2699 985 382 1979 555 407  10
1592 1419 299 2878 1316 395 3939 1643 392 3275 891 15000  11
