
Chip#1
102 97 99 103 95 107 100 100 96 98 102 100  0
102 101 93 105 100 101 103 100 101 103 101 100  1
109 107 101 106 98 106 105 101 102 105 104 108  2
113 110 109 109 105 112 107 106 106 109 106 111  3
109 110 107 129 109 115 111 106 108 109 109 111  4
104 102 99 99 98 106 104 98 96 102 101 95  5
108 105 100 106 98 106 104 101 101 104 104 105  6
115 110 109 110 106 117 107 108 106 109 109 107  7
100 97 95 99 96 103 99 94 97 103 98 100  8
109 107 103 129 107 107 104 98 106 104 101 108  9
103 101 93 101 97 103 97 98 100 97 98 101  10
109 105 101 107 102 104 99 102 100 105 106 15000  11
Chip#2
107 99 102 98 107 108 113 101 97 107 107 101  0
102 98 100 101 104 110 112 97 93 105 106 102  1
105 99 105 102 105 111 111 106 98 103 108 106  2
102 101 105 101 105 108 112 106 100 107 110 105  3
107 102 108 97 104 111 112 106 98 107 108 111  4
104 101 106 102 104 107 112 97 97 102 104 105  5
101 95 100 97 104 107 111 98 96 101 104 101  6
98 95 99 91 101 110 107 99 94 101 106 100  7
102 97 102 98 108 107 113 101 98 102 104 108  8
105 95 106 101 100 108 111 102 100 103 108 102  9
102 99 102 98 104 107 111 99 97 105 103 105  10
104 97 102 98 100 107 108 101 100 102 104 15000  11
