
Chip#1
115 121 114 129 107 118 105 113 108 113 122 121  0
122 124 119 145 118 122 113 114 116 115 123 124  1
113 113 116 129 110 113 105 109 113 113 112 114  2
116 124 257 236 109 265 213 109 238 196 115 114  3
112 122 270 255 111 224 167 112 194 159 118 120  4
108 109 110 129 105 111 100 101 106 105 106 109  5
119 118 237 244 113 131 120 112 122 122 118 117  6
113 116 231 230 110 126 116 109 116 117 112 116  7
115 117 114 129 113 117 108 112 109 110 115 114  8
115 118 114 129 113 139 133 114 121 127 112 120  9
115 122 122 129 114 132 124 113 116 120 118 118  10
113 118 118 129 113 115 108 105 109 112 112 15000  11
Chip#2
109 107 99 100 113 108 116 99 100 107 107 109  0
109 106 100 104 110 111 116 101 101 109 108 109  1
111 106 100 101 114 108 112 101 102 107 107 108  2
118 114 108 108 121 121 123 105 110 110 113 115  3
112 107 102 101 111 114 116 101 105 106 108 111  4
115 109 102 104 118 111 115 104 102 108 111 110  5
108 107 127 119 115 112 117 104 106 109 110 114  6
114 114 120 112 114 110 115 102 106 112 110 110  7
112 105 102 105 115 111 113 99 103 106 106 109  8
114 105 130 122 111 135 135 98 123 125 110 111  9
114 106 121 118 108 126 124 98 114 117 106 110  10
117 110 100 105 111 110 115 106 102 109 108 15000  11
