
Chip#1
73 185 150 5 20 92 38 85 98 128 180 193  0
41 165 382 359 36 284 614 101 162 585 190 177  1
25 169 2705 3456 84 3741 3939 474 2282 3910 952 173  2
25 165 731 996 36 1220 2766 205 974 3467 430 166  3
25 168 161 20 36 108 54 101 111 191 178 164  4
25 168 219 112 36 196 134 101 1573 3915 454 171  5
25 155 178 33 20 124 86 85 1069 3006 339 156  6
9 165 151 10 20 92 38 85 102 123 168 158  7
25 169 219 98 20 196 102 85 97 122 161 160  8
9 163 216 52 20 196 102 85 90 117 164 159  9
25 171 161 5 36 92 38 85 93 121 168 161  10
41 165 152 1 36 92 38 85 89 121 166 15000  11
Chip#2
239 191 201 82 35 259 126 135 166 151 150 99  0
239 191 197 140 33 259 122 131 161 150 143 95  1
239 102 207 86 42 259 132 140 169 163 156 104  2
239 94 255 582 250 259 491 436 168 381 430 105  3
239 96 303 899 446 259 699 470 172 402 430 107  4
239 191 206 197 64 259 153 144 169 216 158 103  5
239 191 209 287 128 259 134 143 172 165 158 102  6
239 191 277 680 404 259 150 154 175 172 174 108  7
239 191 200 197 78 259 127 138 168 153 147 92  8
239 98 198 84 42 259 129 142 172 160 161 102  9
239 94 201 140 37 259 134 151 168 159 168 98  10
239 96 195 81 33 259 130 134 163 154 148 15000  11
