
Chip#1
83 225 90 110 118 71 0 0 15 23 114 276  0
45 209 223 247 116 230 356 0 57 385 114 251  1
42 209 1419 1998 148 2772 3782 212 1633 3925 733 251  2
45 193 403 569 28 908 1875 14 625 2626 266 235  3
42 209 90 110 115 72 0 0 18 67 114 235  4
46 209 147 190 120 122 0 0 1113 2925 271 251  5
43 209 109 142 113 96 0 0 673 2145 191 235  6
45 209 90 15 120 73 0 0 17 26 60 251  7
42 209 147 174 28 116 0 0 12 15 58 235  8
49 209 144 142 28 115 0 0 9 18 60 235  9
45 209 88 110 28 65 0 0 7 15 53 235  10
58 225 96 18 120 72 0 0 12 27 114 15000  11
Chip#2
57 184 52 214 29 143 0 13 207 67 87 49  0
41 184 50 214 28 143 0 11 200 68 86 46  1
41 184 53 216 25 143 0 15 204 68 86 47  2
41 168 78 554 166 159 319 178 195 141 257 43  3
41 168 98 802 329 159 423 299 204 157 262 50  4
41 184 43 267 37 143 15 14 202 63 82 42  5
41 184 55 357 102 159 15 19 203 76 98 47  6
41 184 92 638 289 143 15 32 208 79 105 51  7
41 184 56 288 62 159 15 16 207 69 91 45  8
41 168 45 208 21 143 0 10 203 66 91 45  9
41 184 51 216 29 143 15 30 205 80 109 53  10
57 184 50 212 21 159 15 7 201 64 82 15000  11
