
Chip#1
98 93 98 96 99 100 101 99 97 92 92 99  0
99 97 98 94 105 99 97 102 99 96 95 98  1
102 100 107 101 107 109 105 105 103 98 106 109  2
101 100 101 99 104 101 100 102 98 94 98 100  3
100 103 98 97 105 102 101 102 102 96 107 105  4
92 94 95 91 99 99 93 98 90 87 93 97  5
104 98 98 97 102 102 104 106 99 91 102 102  6
101 101 109 97 103 101 108 102 103 96 103 103  7
111 105 111 106 115 112 109 110 105 101 107 106  8
100 95 98 93 97 99 103 98 91 85 96 96  9
101 99 98 97 103 100 101 101 102 97 100 96  10
98 98 92 93 98 99 98 99 96 94 93 97  11
Chip#2
96 113 99 100 97 102 98 97 100 96 94 98  0
162 312 99 180 234 97 147 174 97 125 111 97  1
229 389 105 310 402 109 315 373 107 489 468 110  2
92 92 96 96 95 97 94 91 94 100 97 94  3
259 266 115 279 260 113 231 222 118 201 148 111  4
253 291 106 327 316 104 364 371 101 473 352 101  5
99 113 109 103 105 108 106 101 104 106 99 101  6
310 281 102 257 202 104 251 190 101 249 155 97  7
310 304 97 293 218 100 410 293 103 582 314 96  8
93 113 104 102 101 100 103 97 100 103 96 101  9
366 265 107 394 202 103 352 157 99 279 118 99  10
251 205 100 369 218 100 492 235 104 457 166 103  11
Chip#3
99 92 99 104 97 97 100 104 97 102 99 100  0
115 117 102 103 101 98 100 104 93 101 104 99  1
115 117 111 109 109 106 108 114 102 110 121 105  2
99 94 102 103 96 93 97 104 94 99 100 99  3
97 117 100 102 96 99 98 105 96 101 104 99  4
115 117 120 109 108 104 105 110 98 104 121 103  5
96 92 98 100 102 94 97 104 94 101 97 101  6
96 117 104 100 102 94 102 105 97 100 104 101  7
115 117 127 97 97 93 97 103 90 98 121 99  8
95 89 92 99 92 96 94 97 94 101 97 95  9
97 117 100 99 96 97 97 103 94 103 97 95  10
96 90 96 98 96 93 97 98 91 97 100 95  11
Chip#4
98 107 114 100 103 102 98 100 102 97 95 101  0
100 106 111 98 102 103 102 101 103 101 105 101  1
94 104 114 100 102 97 97 96 100 101 103 103  2
94 105 109 101 97 99 98 99 97 101 100 100  3
95 103 111 98 96 102 94 97 100 98 97 98  4
95 105 107 104 100 98 100 99 98 96 100 103  5
94 102 105 99 100 97 97 97 98 89 97 98  6
100 107 107 99 104 102 95 100 98 96 103 100  7
95 102 105 99 98 101 97 101 100 94 103 99  8
95 103 107 98 98 101 98 99 101 97 99 103  9
95 109 105 103 96 98 98 97 97 101 103 100  10
90 100 105 96 92 97 94 96 98 92 92 98  11
