
Chip#1
132 116 117 124 118 115 119 124 116 114 111 111  0
133 129 115 142 146 117 246 252 115 108 105 98  1
133 127 116 145 144 117 241 236 122 117 131 98  2
106 105 105 110 106 99 116 120 101 102 100 99  3
161 152 120 124 124 121 255 266 125 118 131 107  4
152 145 122 125 122 123 253 260 125 123 131 108  5
132 113 112 117 109 104 125 120 103 108 100 102  6
153 142 119 119 116 122 263 250 119 118 131 102  7
137 124 108 111 108 111 241 229 108 112 109 98  8
113 114 115 117 111 108 136 122 109 114 110 106  9
149 139 116 117 113 127 258 228 112 121 131 102  10
140 128 111 113 107 115 240 219 108 117 131 15000  11
Chip#2
112 105 107 98 104 98 97 93 89 111 104 110  0
112 113 109 105 106 104 178 178 89 105 104 112  1
112 124 113 107 111 104 284 268 89 108 111 108  2
128 115 110 99 113 105 118 112 89 109 102 109  3
112 111 102 94 100 98 188 210 89 102 102 104  4
112 117 102 98 103 103 201 213 89 102 95 108  5
112 114 108 102 106 104 107 99 89 108 104 114  6
112 113 110 99 105 102 181 194 89 108 105 107  7
112 113 106 102 110 99 153 162 89 104 97 110  8
80 110 100 94 101 97 103 107 89 100 102 103  9
112 117 108 102 109 105 263 289 89 112 108 113  10
128 111 107 95 105 102 155 178 89 104 100 15000  11
