
Chip#1
108 106 105 129 109 111 107 105 108 108 110 109  0
112 112 109 110 106 115 109 108 108 110 110 112  1
103 104 100 103 100 106 104 102 102 107 100 104  2
108 103 102 102 98 103 107 104 104 108 102 109  3
100 101 100 103 98 107 103 100 100 103 105 103  4
111 109 107 107 106 111 109 106 109 112 102 112  5
111 105 109 129 107 113 110 110 106 109 108 108  6
103 106 102 111 105 111 103 105 104 107 106 105  7
109 110 109 113 105 111 107 105 106 109 106 112  8
109 107 106 129 107 111 109 108 107 110 109 111  9
115 114 113 129 109 120 111 113 112 112 114 117  10
109 109 105 107 110 111 110 108 106 107 108 15000  11
Chip#2
108 102 106 102 108 111 117 104 104 106 107 110  0
104 103 106 101 105 115 116 101 100 106 106 110  1
102 99 100 100 101 107 111 98 97 103 107 104  2
104 102 100 104 104 112 111 104 100 105 110 110  3
105 101 99 102 103 107 113 98 97 105 107 105  4
108 106 108 106 110 112 117 102 105 106 110 110  5
98 99 99 100 105 105 112 99 94 103 104 102  6
105 105 103 102 111 111 119 104 100 107 107 110  7
98 98 100 101 103 105 109 97 96 102 103 100  8
107 101 105 101 104 115 115 106 100 105 110 106  9
106 102 108 104 113 114 117 102 104 105 108 111  10
109 102 103 102 111 111 113 104 100 108 107 15000  11
