
Chip#1
215 110 206 295 180 336 235 207 213 175 284 110  0
733 565 291 977 724 402 669 652 285 549 588 110  1
798 696 289 828 721 408 663 589 274 493 520 110  2
322 212 206 346 212 337 273 231 256 241 323 99  3
861 776 288 1091 878 421 1014 898 307 996 1045 118  4
933 879 304 1083 892 414 869 743 285 879 927 110  5
313 195 245 326 276 340 256 231 214 240 314 99  6
1015 879 278 1012 892 419 1185 1105 330 1094 1083 110  7
1104 1003 302 1109 932 420 1174 1129 320 1023 1039 110  8
312 225 206 339 301 344 288 263 256 267 335 101  9
850 817 281 1043 1027 435 1032 983 357 1105 1080 118  10
990 879 302 1153 1144 443 951 975 336 1027 1088 118  11
Chip#2
226 229 145 263 354 149 254 310 15 82 347 221  0
993 1127 401 1194 1499 405 1211 1349 191 811 1055 317  1
850 1171 409 1041 1474 285 1224 1357 191 898 1111 301  2
354 425 145 340 482 149 331 418 119 259 482 221  3
1490 1616 487 1526 1810 285 1324 1472 191 1226 1561 440  4
1132 1374 281 1206 1506 269 1252 1391 175 1341 1611 429  5
354 351 145 292 402 149 311 353 111 262 481 221  6
1429 1471 401 1309 1426 269 1418 1484 175 1344 1515 317  7
1010 1118 291 1000 1234 205 1452 1498 159 1281 1486 301  8
370 351 145 308 354 149 340 366 97 270 429 221  9
1170 1175 401 1178 1243 269 1213 1193 207 1148 1134 285  10
897 863 265 998 1122 157 1199 1207 175 1148 1264 317  11
