
Chip#1
113 109 102 111 102 107 103 102 106 109 115 114  0
115 102 101 102 97 103 97 101 98 104 109 107  1
113 107 105 129 102 115 105 108 106 110 106 113  2
105 102 440 377 101 523 413 102 485 376 105 105  3
107 112 457 413 106 383 294 106 339 253 108 112  4
108 109 109 109 105 111 107 108 107 109 112 107  5
103 102 350 368 101 126 117 98 114 117 101 105  6
107 110 330 329 106 126 120 109 113 119 109 107  7
103 101 100 105 100 108 102 98 100 102 105 100  8
104 99 102 129 102 126 121 97 120 123 101 107  9
108 105 103 106 100 122 113 101 112 119 109 108  10
112 109 107 107 105 110 105 101 104 109 110 15000  11
Chip#2
104 98 103 104 107 105 111 102 98 103 104 109  0
101 99 99 100 107 108 111 101 96 105 104 106  1
96 95 100 94 101 100 104 94 93 94 96 98  2
101 94 95 94 104 124 124 97 102 102 100 101  3
104 102 100 102 103 123 115 104 98 106 103 106  4
99 99 103 102 101 105 108 97 94 102 102 105  5
104 98 164 146 105 112 116 102 105 112 103 109  6
102 103 148 131 111 114 117 102 105 107 102 108  7
105 103 105 102 110 111 112 105 101 101 102 104  8
104 102 191 165 107 205 182 105 167 159 106 109  9
105 102 173 144 107 176 164 101 151 144 100 110  10
104 95 99 93 104 105 107 98 97 97 98 15000  11
