
Chip#1
113 114 105 111 120 104 128 129 104 99 104 99  0
192 196 139 228 232 168 473 482 164 136 131 113  1
171 181 131 209 233 168 465 471 140 133 147 107  2
140 131 114 121 124 115 169 223 112 117 131 103  3
242 228 129 136 139 132 508 513 164 122 131 99  4
208 207 124 130 140 168 511 526 164 126 131 105  5
143 136 117 118 120 116 174 175 115 118 107 108  6
231 225 139 138 135 168 538 490 164 145 147 109  7
206 196 128 136 134 168 514 479 164 142 147 109  8
145 138 117 116 117 120 190 176 108 121 131 106  9
227 224 138 133 127 184 568 473 129 155 163 107  10
193 187 115 118 122 168 538 459 125 148 147 15000  11
Chip#2
128 107 108 102 103 108 102 102 99 104 108 110  0
112 113 103 105 119 103 303 318 99 108 108 104  1
128 133 115 121 139 116 578 564 99 118 108 109  2
112 109 108 97 104 113 136 131 99 108 102 110  3
128 137 121 115 120 123 380 434 100 120 116 115  4
128 143 112 110 115 114 407 450 100 113 108 110  5
128 109 112 103 108 113 114 107 100 105 103 108  6
112 131 109 103 110 113 349 379 99 114 104 107  7
112 125 109 100 110 111 259 275 99 108 108 107  8
112 106 107 98 101 110 142 162 99 105 102 102  9
128 136 118 104 111 114 623 733 96 115 111 108  10
128 126 114 103 110 109 286 354 95 109 111 15000  11
