
Chip#1
395 379 299 421 393 363 363 336 320 298 316 363  0
379 363 293 413 389 363 363 332 315 292 307 300  1
363 363 300 421 394 363 363 342 326 300 308 296  2
379 379 1147 1046 399 1309 1120 347 1279 891 310 347  3
363 363 1202 1131 394 952 814 334 866 619 303 286  4
363 363 299 421 393 363 363 337 319 292 301 347  5
379 379 981 1036 393 404 436 336 363 322 304 347  6
363 363 891 950 389 403 423 331 333 307 300 283  7
363 363 294 416 389 363 363 331 315 288 301 347  8
363 379 294 417 392 404 442 334 414 334 302 347  9
379 379 294 420 391 403 423 339 334 317 308 347  10
379 379 298 420 392 363 363 336 316 294 306 15000  11
Chip#2
395 453 302 397 395 298 290 457 347 412 333 295  0
459 453 301 397 396 298 347 456 363 413 334 297  1
459 455 303 396 397 302 347 457 363 411 335 291  2
462 452 304 396 395 406 379 457 363 420 333 296  3
458 453 300 393 396 363 301 456 363 412 331 293  4
395 452 305 397 395 300 290 457 363 410 332 297  5
462 457 462 447 400 313 303 458 379 422 339 299  6
395 453 435 425 392 301 288 453 363 415 329 291  7
458 450 302 394 395 300 288 455 347 408 331 294  8
462 456 490 474 400 493 437 457 539 476 333 296  9
395 455 469 449 397 458 411 457 411 458 333 298  10
462 452 306 395 396 299 290 455 363 409 336 15000  11
