
Chip#1
379 379 296 415 391 363 339 332 316 294 307 298  0
379 379 295 414 389 363 339 331 312 291 303 347  1
363 363 299 418 394 363 348 332 325 299 305 347  2
363 363 891 812 393 984 867 334 974 741 301 285  3
379 379 941 923 392 730 692 332 724 545 303 347  4
363 379 297 417 389 363 363 334 312 290 302 347  5
363 363 765 813 389 395 412 328 335 310 299 347  6
379 379 735 766 395 395 416 338 337 308 306 347  7
379 379 298 416 392 363 363 333 316 293 303 347  8
296 347 290 409 388 379 419 328 342 318 298 283  9
379 363 295 412 389 379 409 332 331 308 302 347  10
379 363 298 417 391 363 345 331 321 296 306 15000  11
Chip#2
456 448 301 392 392 298 347 450 347 407 331 292  0
453 445 298 387 389 294 286 450 331 404 328 289  1
395 446 297 387 389 296 287 395 347 406 329 290  2
395 450 296 390 392 315 302 448 347 408 327 285  3
456 448 298 389 391 308 295 450 347 407 330 286  4
395 448 301 391 392 294 289 449 347 407 331 285  5
395 446 427 420 391 300 347 451 347 411 328 286  6
458 449 363 417 397 303 347 453 347 414 330 295  7
456 448 301 392 392 293 347 450 347 408 330 289  8
395 449 452 440 389 450 410 448 411 451 328 286  9
395 443 379 421 391 424 389 395 379 441 328 286  10
395 446 300 387 391 292 284 395 331 406 330 15000  11
