
Chip#1
124 124 114 129 109 116 104 110 108 117 122 126  0
121 121 111 106 107 112 103 110 107 112 116 120  1
120 120 118 129 113 121 111 114 116 119 114 114  2
112 118 637 521 116 752 585 118 689 529 118 114  3
108 114 662 559 107 526 376 110 459 340 108 107  4
111 116 118 129 110 115 104 113 110 117 112 108  5
111 114 520 518 109 141 121 106 126 127 109 111  6
112 121 487 464 110 139 122 110 121 123 111 113  7
108 116 115 129 109 120 107 112 108 113 115 111  8
109 114 110 129 114 146 133 110 138 139 111 116  9
116 122 118 129 113 140 126 117 128 130 116 121  10
115 117 114 129 107 117 107 109 108 108 115 15000  11
Chip#2
115 106 105 106 118 111 121 106 108 109 112 110  0
119 111 102 112 121 117 123 108 110 110 116 115  1
118 114 111 118 121 120 127 111 112 116 110 114  2
112 106 103 105 117 167 153 105 121 121 111 110  3
109 102 105 106 117 148 139 104 119 116 108 110  4
112 109 111 109 118 117 123 106 104 112 111 110  5
111 114 252 191 117 131 128 104 125 125 113 111  6
114 115 214 166 118 126 125 106 116 124 111 114  7
111 103 103 105 115 114 120 105 105 107 106 110  8
114 109 310 246 118 334 278 106 269 241 106 113  9
112 111 269 205 118 269 219 105 222 214 110 108  10
117 105 105 109 115 114 119 109 106 110 112 15000  11
