
Chip#1
73 181 155 3 20 92 38 85 100 121 175 219  0
25 159 373 351 36 284 598 101 155 573 184 168  1
25 168 2706 3440 84 3660 3931 470 2284 3900 946 170  2
25 165 731 995 36 1212 2662 210 978 3388 433 175  3
9 164 156 14 36 92 54 85 111 188 177 164  4
25 157 219 99 36 196 134 101 1570 3915 445 163  5
25 167 195 44 36 196 102 101 1075 3002 343 168  6
25 165 159 13 36 92 54 85 105 130 169 165  7
25 167 219 98 36 140 102 85 96 122 165 165  8
25 157 215 54 36 196 102 152 89 117 163 159  9
25 157 152 5 36 92 38 85 89 114 161 159  10
41 164 154 5 36 92 38 85 92 123 166 15000  11
Chip#2
239 191 204 84 40 259 126 134 168 153 150 100  0
239 191 197 78 33 259 118 128 161 149 142 94  1
239 96 200 81 37 259 127 131 163 155 148 98  2
239 88 253 576 240 259 491 427 162 377 428 95  3
239 100 309 897 443 259 603 470 168 403 428 102  4
239 191 205 197 64 259 147 143 169 216 153 97  5
239 100 218 292 136 259 139 143 174 166 168 104  6
239 191 271 683 399 259 148 151 170 169 170 104  7
239 95 206 197 82 259 129 136 172 156 155 97  8
239 95 199 140 40 259 129 135 168 155 157 94  9
239 191 201 140 40 259 140 151 168 166 172 102  10
239 96 200 79 36 259 128 135 166 153 148 15000  11
