
Chip#1
112 119 102 115 119 108 135 159 102 104 104 101  0
182 187 136 211 224 168 519 537 164 126 147 101  1
158 187 121 194 215 141 493 504 142 127 131 96  2
143 135 116 122 127 116 165 176 109 117 111 103  3
242 242 138 144 150 140 544 574 180 126 131 107  4
207 208 128 135 137 133 534 561 146 128 131 106  5
144 136 119 119 119 115 177 175 113 114 107 103  6
228 223 134 133 137 143 606 563 140 133 131 103  7
194 192 124 130 126 138 557 529 132 140 147 101  8
143 144 108 112 115 109 186 191 102 117 112 99  9
231 236 136 136 127 184 608 515 131 160 147 109  10
202 198 129 136 131 168 568 499 133 159 163 15000  11
Chip#2
112 105 103 99 104 102 97 97 99 101 103 109  0
112 112 108 104 121 106 355 363 99 107 109 105  1
128 137 112 124 147 114 701 690 100 117 116 112  2
112 104 108 103 106 108 142 137 99 108 103 107  3
112 133 110 108 123 115 416 485 99 111 110 114  4
128 143 110 109 123 114 467 518 100 117 111 112  5
112 108 110 99 111 113 116 113 99 105 103 108  6
128 136 115 107 119 113 396 450 100 111 115 107  7
112 132 113 105 120 110 293 309 99 111 108 110  8
112 108 104 104 109 104 146 162 99 109 105 109  9
128 145 116 108 116 111 688 812 98 120 119 113  10
112 124 108 98 108 102 303 379 98 109 105 15000  11
