
Chip#1
116 116 112 116 121 114 125 131 108 109 111 103  0
154 152 121 163 177 129 352 363 127 112 120 99  1
145 147 121 157 163 128 337 344 129 118 121 103  2
122 128 116 117 121 115 142 145 112 110 115 105  3
186 179 117 124 125 120 350 369 127 110 110 96  4
162 157 115 118 127 120 336 358 126 114 112 100  5
134 122 116 118 121 119 144 140 108 113 111 107  6
170 163 115 118 124 124 365 355 125 118 115 98  7
162 154 114 121 122 125 346 336 122 124 120 99  8
135 128 114 113 119 115 157 144 112 113 117 107  9
170 161 119 118 117 129 360 314 110 124 123 98  10
159 152 119 118 115 132 340 309 118 129 131 15000  11
Chip#2
87 102 107 97 103 102 103 107 89 104 102 109  0
112 133 110 121 149 114 738 810 89 117 110 109  1
128 180 124 158 209 132 1626 1630 109 133 126 114  2
88 120 115 110 124 117 216 207 72 113 109 109  3
112 169 124 121 148 130 871 1092 106 132 128 116  4
128 198 131 128 150 143 983 1161 101 129 119 116  5
112 116 116 110 125 127 144 143 101 112 109 115  6
112 172 120 115 135 123 805 950 99 127 119 104  7
112 163 116 108 128 121 574 630 99 114 110 110  8
112 125 121 113 119 128 220 239 99 119 112 123  9
128 198 132 114 131 117 1508 1885 122 138 122 113  10
112 165 121 113 124 115 578 800 99 122 114 15000  11
