
Chip#1
132 125 117 124 127 108 141 175 109 112 131 109  0
186 191 135 211 229 168 529 540 164 129 131 107  1
165 178 128 196 219 168 506 507 140 129 147 100  2
138 131 111 125 125 119 169 176 107 105 131 106  3
245 237 134 141 171 133 549 569 180 123 147 102  4
211 207 128 132 138 132 538 562 164 127 131 103  5
132 128 110 112 116 109 172 175 108 108 104 96  6
234 229 136 141 171 168 614 572 164 140 147 106  7
202 195 126 132 132 168 569 540 140 141 147 108  8
149 144 121 117 121 120 201 182 115 119 131 111  9
239 235 147 139 137 184 621 527 164 165 163 113  10
203 197 122 132 132 168 579 500 132 157 163 15000  11
Chip#2
112 108 103 100 106 106 105 106 98 106 102 110  0
112 119 106 107 121 108 359 368 98 111 108 107  1
112 133 113 119 143 111 715 690 98 113 110 105  2
112 107 106 95 110 109 146 139 98 105 99 108  3
128 130 109 107 124 111 425 487 98 114 111 108  4
128 143 114 107 124 119 478 525 98 109 108 105  5
112 108 112 103 110 109 116 115 98 102 103 105  6
112 136 114 105 116 113 397 434 98 113 110 109  7
128 127 106 98 110 106 292 307 98 105 102 103  8
112 117 110 102 108 110 146 162 98 108 106 109  9
128 147 118 104 119 106 703 815 98 120 114 113  10
112 132 115 100 113 108 315 390 98 112 109 15000  11
