
Chip#1
109 113 112 104 109 109 104 106 105 112 108 107  0
110 113 106 99 112 108 100 110 106 112 110 107  1
109 112 163 148 109 142 169 106 141 179 106 110  2
105 123 750 767 116 704 940 132 720 919 136 99  3
106 119 484 518 118 476 617 119 501 627 122 109  4
104 117 140 140 108 116 122 106 120 130 109 102  5
105 119 647 692 116 116 118 104 110 120 105 105  6
109 115 558 602 116 115 109 107 108 122 105 103  7
107 113 122 118 107 105 106 107 102 111 104 107  8
102 110 105 102 103 110 115 107 109 119 104 102  9
101 109 102 91 103 104 106 95 104 109 102 99  10
100 108 101 93 103 98 95 96 98 105 103 102  11
Chip#2
112 114 112 106 110 113 104 110 111 111 108 115  0
115 123 122 116 118 114 103 116 120 115 116 115  1
104 113 117 111 112 108 102 111 112 113 107 112  2
108 117 121 112 118 119 109 115 117 123 112 113  3
111 120 116 107 121 128 103 120 119 118 109 111  4
111 135 151 114 118 118 110 118 119 115 113 115  5
109 933 1091 124 115 116 103 119 119 113 104 109  6
123 1113 1296 140 153 135 109 131 133 122 119 123  7
108 166 184 111 125 135 98 128 122 111 106 111  8
117 868 1015 133 794 923 118 736 784 122 116 112  9
132 1220 1318 147 1396 1565 130 1284 1508 138 112 117  10
123 182 188 117 225 229 110 224 246 123 122 122  11
Chip#3
103 86 107 96 102 94 104 105 96 98 100 113  0
103 96 195 160 107 182 174 110 156 187 107 117  1
100 145 669 612 156 660 636 133 533 669 156 109  2
106 119 508 482 120 509 454 113 427 493 123 113  3
103 94 113 99 104 104 107 106 128 149 105 114  4
98 90 107 96 97 94 105 113 562 694 141 110  5
98 93 109 101 106 101 111 114 525 612 129 111  6
103 93 117 103 103 97 101 110 102 110 105 113  7
105 92 113 106 110 107 107 109 101 105 102 121  8
106 99 113 106 111 104 108 112 103 105 104 115  9
103 96 112 99 107 105 104 106 103 102 102 118  10
107 92 107 98 111 103 103 104 99 101 100 109  11
Chip#4
99 97 99 100 105 107 99 104 105 104 97 108  0
99 100 99 102 105 105 98 96 105 101 97 109  1
99 102 99 158 145 109 158 142 103 139 133 108  2
99 105 120 1175 1053 132 1166 1158 129 988 1100 140  3
99 103 111 826 795 122 779 799 121 809 854 128  4
99 107 103 141 133 114 112 116 110 139 116 119  5
99 94 124 1163 897 103 98 102 101 106 102 104  6
99 105 124 974 752 114 107 110 110 110 107 114  7
96 92 124 106 112 101 96 99 98 100 96 102  8
99 99 124 106 105 109 103 104 106 109 104 107  9
99 93 124 97 103 103 94 104 102 102 97 104  10
99 96 124 99 103 105 99 102 106 104 99 105  11
