
Chip#1
41 169 142 0 20 92 22 85 85 119 158 176  0
89 162 219 140 36 196 262 152 107 284 161 160  1
25 163 1097 1280 52 1476 2806 237 866 2647 457 158  2
9 159 343 375 20 508 982 101 387 1243 238 152  3
25 164 149 6 20 92 22 85 96 144 155 157  4
25 160 215 70 20 124 102 85 621 1467 247 155  5
25 157 167 27 20 108 70 85 427 1129 214 153  6
25 161 146 5 36 92 38 85 92 121 156 157  7
25 161 211 64 20 124 70 85 86 117 156 156  8
25 160 186 31 36 124 86 145 82 114 154 155  9
25 168 147 4 36 92 38 85 84 113 154 160  10
25 155 136 0 20 76 22 85 81 108 149 15000  11
Chip#2
239 191 203 83 39 259 127 134 168 153 147 100  0
239 191 195 74 33 259 127 131 163 151 146 98  1
239 92 193 79 31 259 127 131 162 153 151 98  2
239 191 223 393 155 259 451 370 166 336 382 99  3
239 191 272 619 317 259 475 426 168 353 378 104  4
239 94 198 125 48 259 142 139 164 155 150 97  5
239 95 201 224 98 259 135 136 161 154 155 97  6
239 98 235 496 293 259 144 146 168 163 166 99  7
239 96 201 188 66 259 134 139 168 153 152 99  8
239 191 201 140 41 259 134 142 172 216 157 103  9
239 94 193 76 34 259 134 143 164 156 157 95  10
239 191 206 140 39 259 131 138 170 155 151 15000  11
