
Chip#1
116 124 115 145 111 113 109 112 112 115 125 118  0
116 114 113 129 109 112 102 108 108 110 115 112  1
116 116 109 113 107 112 105 112 110 110 110 108  2
108 109 433 369 106 512 400 106 473 367 110 105  3
105 110 446 401 102 368 275 105 329 237 108 104  4
109 110 110 129 106 106 103 104 108 112 112 107  5
109 111 345 356 102 124 114 104 118 115 108 109  6
111 112 328 325 110 127 116 109 116 114 110 107  7
109 114 107 129 109 117 100 108 109 107 111 108  8
109 116 111 129 109 131 122 106 121 124 108 112  9
109 110 110 111 109 121 113 105 118 117 110 111  10
116 113 111 111 106 112 103 106 110 103 114 15000  11
Chip#2
102 105 95 97 105 104 111 94 94 99 104 102  0
109 102 93 102 107 104 109 99 98 106 107 104  1
108 105 95 97 107 105 109 94 98 101 107 102  2
112 103 100 104 110 124 121 94 103 105 106 105  3
108 105 99 97 108 120 120 101 101 105 103 105  4
109 105 99 101 110 108 112 99 98 102 104 105  5
99 102 136 125 103 104 108 88 98 103 98 102  6
117 111 139 122 113 118 121 102 103 110 108 108  7
99 101 90 98 107 100 109 93 92 98 98 101  8
104 101 163 146 108 180 160 94 147 140 103 105  9
109 107 155 135 113 154 149 98 135 132 107 108  10
108 99 93 97 107 105 112 97 98 97 103 15000  11
