
Chip#1
9 145 140 0 4 76 22 53 76 105 151 153  0
9 146 177 30 4 108 102 69 91 163 155 158  1
9 147 417 400 20 476 822 101 322 872 247 155  2
0 150 213 108 4 196 294 69 174 476 184 151  3
9 150 144 0 20 92 38 69 87 118 156 154  4
9 144 153 0 4 92 38 69 272 475 185 153  5
9 147 147 0 4 92 38 69 186 414 176 149  6
9 154 150 0 20 92 38 69 87 108 159 153  7
0 146 151 4 4 76 38 69 81 96 151 148  8
9 150 150 0 4 92 38 53 81 108 152 153  9
9 147 144 0 4 92 38 69 82 109 152 158  10
9 147 143 0 20 92 38 69 82 108 155 15000  11
Chip#2
238 85 189 124 29 259 117 125 154 141 138 85  0
239 89 191 140 35 259 126 123 160 148 141 90  1
239 93 207 83 41 259 127 131 162 154 151 98  2
239 87 196 124 50 259 169 149 155 166 172 87  3
239 95 211 197 81 259 187 167 164 181 176 95  4
239 86 197 140 33 259 123 125 159 147 141 87  5
239 90 197 156 44 259 123 126 159 148 146 91  6
239 93 206 197 77 259 132 131 164 153 150 93  7
239 94 197 90 45 259 128 129 164 152 145 91  8
239 83 184 124 25 259 115 118 152 142 136 83  9
239 85 188 140 31 259 122 126 156 146 141 88  10
239 95 203 140 40 259 132 135 164 156 150 15000  11
