
Chip#1
95 97 101 97 100 102 98 105 101 95 98 100  0
92 93 96 90 99 96 93 94 96 83 90 98  1
91 93 93 97 102 97 96 94 96 86 94 95  2
98 97 100 96 102 102 99 101 98 94 99 98  3
104 105 107 102 104 102 106 107 105 95 101 106  4
97 99 97 91 99 102 97 98 99 90 94 95  5
100 99 100 94 94 104 103 99 99 92 98 100  6
98 91 97 91 99 97 96 93 95 86 94 92  7
104 101 106 101 103 105 103 105 101 95 102 103  8
105 100 102 101 103 103 100 104 105 91 100 103  9
102 102 103 99 104 107 106 101 101 97 107 107  10
102 96 102 93 103 100 99 102 99 90 95 98  11
Chip#2
104 101 111 107 101 108 106 97 110 105 101 107  0
158 317 102 164 234 105 147 166 107 121 113 101  1
219 379 107 300 396 114 303 373 107 473 467 110  2
99 101 110 106 106 110 106 105 113 106 107 107  3
246 251 100 264 234 107 214 206 107 186 141 100  4
251 287 107 325 311 110 353 368 108 473 337 104  5
93 98 99 102 104 103 102 97 106 102 94 105  6
294 279 100 241 186 98 245 174 100 217 153 99  7
294 295 106 291 218 103 403 288 106 572 310 105  8
93 95 97 98 97 99 99 99 99 100 88 99  9
355 265 104 383 202 104 345 174 110 277 120 107  10
251 198 101 364 202 105 470 231 100 436 161 99  11
Chip#3
125 117 120 97 96 94 92 102 96 96 90 100  0
125 117 106 104 100 106 108 109 100 108 121 104  1
106 117 109 110 104 101 108 110 100 107 99 101  2
115 91 100 103 99 97 100 108 96 101 100 100  3
115 117 106 107 105 104 107 104 102 107 100 104  4
115 117 120 107 99 104 107 108 101 104 121 108  5
101 91 103 99 101 97 102 103 95 97 98 99  6
95 95 102 102 101 98 102 102 91 100 103 103  7
115 95 103 105 102 99 100 107 97 104 100 104  8
115 117 103 108 101 96 98 102 94 103 98 98  9
115 117 120 107 105 104 107 113 106 112 106 104  10
99 92 103 99 98 99 102 104 97 97 100 101  11
Chip#4
102 106 105 99 98 98 95 100 98 96 97 103  0
101 103 107 99 101 98 101 97 97 97 97 100  1
102 110 110 100 106 104 105 100 101 103 104 105  2
95 106 106 98 102 106 98 97 98 97 97 103  3
104 100 107 100 97 103 105 101 100 101 101 103  4
104 106 105 96 97 101 97 100 96 98 99 106  5
102 102 110 103 102 101 108 99 101 101 100 104  6
100 102 110 99 100 98 98 97 97 98 97 101  7
90 95 101 88 96 93 88 91 93 90 91 95  8
101 100 109 95 101 101 101 95 98 97 99 101  9
100 100 105 100 100 102 100 103 97 100 97 100  10
104 103 110 100 100 102 99 100 100 103 104 110  11
