
Chip#1
95 102 99 100 106 105 103 101 103 97 98 100  0
101 153 149 100 150 148 108 161 142 99 172 132  1
100 297 278 103 287 246 106 282 224 100 337 198  2
108 112 108 106 114 113 108 118 114 103 110 112  3
108 204 213 108 192 175 118 190 158 101 219 150  4
108 286 279 108 322 254 115 281 213 112 335 186  5
109 109 111 106 119 111 111 111 110 100 109 109  6
106 207 197 108 209 174 108 236 174 105 245 154  7
109 287 273 108 294 233 122 313 214 118 323 203  8
110 115 113 108 119 113 116 112 117 106 113 112  9
102 250 216 103 227 190 104 235 169 99 255 153  10
112 250 238 108 256 233 108 270 200 108 282 162  11
Chip#2
101 114 107 106 103 110 108 106 105 109 103 105  0
161 268 108 180 234 111 143 174 109 128 117 105  1
198 309 102 296 368 107 287 303 102 330 334 104  2
102 114 102 104 106 106 110 104 105 111 105 100  3
208 237 103 212 202 105 207 190 109 167 137 105  4
249 270 106 238 250 105 330 322 108 351 263 107  5
108 114 114 107 112 111 110 109 106 112 109 107  6
278 217 104 293 218 107 216 190 103 202 139 103  7
278 253 118 328 250 119 365 265 117 429 259 114  8
108 114 106 108 108 111 112 106 105 109 104 104  9
337 252 105 332 186 106 281 147 100 301 126 107  10
267 214 113 364 218 115 400 222 112 438 172 116  11
Chip#3
125 133 122 117 117 113 115 118 111 118 130 117  0
125 373 422 118 417 361 119 381 394 118 410 368  1
125 465 484 133 508 421 133 403 494 133 447 479  2
125 133 131 118 126 121 123 123 119 121 114 119  3
125 342 345 128 417 402 130 362 383 132 410 411  4
125 405 392 120 408 435 125 349 396 121 377 479  5
125 117 127 116 124 119 120 120 118 117 114 117  6
125 310 344 126 323 352 127 387 453 127 359 439  7
125 405 418 121 374 400 125 346 406 117 439 489  8
125 117 124 116 117 114 120 120 118 114 114 113  9
125 405 409 123 430 425 128 385 437 124 394 439  10
125 440 479 126 434 369 125 414 469 126 394 405  11
Chip#4
109 110 119 120 114 115 114 110 122 114 111 117  0
111 444 337 116 459 455 117 451 469 114 542 471  1
111 465 345 118 392 363 114 295 349 113 385 377  2
106 121 123 114 121 118 113 116 119 113 114 112  3
106 502 480 121 392 330 109 488 482 111 483 548  4
102 511 401 108 309 273 109 343 364 109 268 358  5
106 117 119 112 114 116 114 108 113 108 113 113  6
110 407 415 116 450 458 118 352 523 116 419 591  7
113 403 386 116 471 466 120 323 450 116 277 405  8
114 121 123 113 121 116 120 111 114 114 115 116  9
104 394 444 113 423 402 109 356 584 112 565 653  10
106 356 471 118 327 403 111 295 446 114 290 322  11
