
Chip#1
73 184 158 12 36 92 38 85 100 132 180 193  0
25 165 386 359 36 284 614 101 162 582 192 177  1
25 165 2722 3472 84 3660 3941 466 2276 3908 953 169  2
25 169 731 1003 52 1212 2766 208 978 3467 434 173  3
25 159 153 14 36 108 54 101 110 185 175 166  4
25 164 219 108 36 196 150 101 1570 3915 449 171  5
9 165 184 39 20 124 86 85 1078 3009 342 164  6
9 159 155 9 36 92 38 85 99 126 166 162  7
25 163 219 99 36 196 102 85 95 117 168 165  8
25 163 216 50 36 196 102 85 88 118 164 159  9
25 164 154 0 36 92 38 85 92 115 160 159  10
25 163 153 4 20 92 38 85 87 117 164 15000  11
Chip#2
239 191 197 82 35 259 121 134 166 153 148 97  0
239 103 206 88 42 259 126 137 169 157 152 100  1
239 93 197 83 36 259 127 131 161 155 148 90  2
239 94 259 586 249 259 491 439 170 390 434 99  3
239 93 303 904 445 259 603 470 173 407 429 99  4
239 92 201 197 58 259 146 142 168 160 151 97  5
239 98 210 291 138 259 139 143 173 166 168 103  6
239 94 266 678 393 259 140 144 164 165 166 95  7
239 191 203 199 85 259 132 141 169 163 152 99  8
239 96 199 140 44 259 129 142 168 160 158 97  9
239 91 194 73 34 259 134 146 164 216 163 94  10
239 191 206 140 42 259 135 140 170 160 157 15000  11
