
Chip#1
112 119 110 113 120 108 127 131 103 105 109 101  0
164 163 126 180 185 133 374 382 136 117 131 106  1
151 150 124 169 181 132 359 364 135 119 147 105  2
135 129 112 119 122 114 147 159 106 110 111 105  3
201 197 125 134 132 130 397 431 135 114 131 102  4
180 197 117 124 130 122 385 400 132 114 115 107  5
122 126 106 110 113 111 148 159 104 110 105 101  6
192 186 121 127 128 135 437 415 129 128 131 103  7
172 186 119 119 121 129 406 384 123 129 147 100  8
132 128 108 111 109 105 159 159 101 108 104 98  9
194 190 121 123 120 144 442 382 122 136 147 102  10
165 158 110 116 113 127 405 360 112 131 131 15000  11
Chip#2
112 104 101 94 99 98 100 93 89 102 100 107  0
112 117 107 105 118 108 249 256 89 107 111 113  1
112 121 103 104 121 104 451 434 89 107 102 108  2
81 102 98 94 100 102 114 115 89 100 97 103  3
112 117 98 97 104 103 279 313 89 104 100 102  4
112 126 113 107 118 114 319 342 89 107 109 113  5
82 107 106 98 104 104 103 108 89 99 97 108  6
112 123 108 102 110 109 274 296 89 108 105 110  7
128 115 106 97 105 103 214 220 89 102 99 108  8
112 106 102 98 105 111 125 131 89 105 106 109  9
112 125 107 95 104 103 454 529 89 106 102 104  10
128 117 108 100 104 103 225 270 89 107 105 15000  11
