
Chip#1
109 116 105 112 118 107 133 159 102 103 102 98  0
176 182 131 208 219 145 508 529 147 119 131 99  1
159 182 130 191 219 145 493 506 142 124 131 103  2
121 128 106 118 120 112 158 177 107 105 104 98  3
238 235 133 141 144 132 535 566 164 123 131 102  4
203 209 130 135 140 136 523 555 164 121 131 105  5
132 130 114 113 117 109 170 175 110 110 105 103  6
221 220 131 133 136 147 592 559 144 134 147 108  7
184 180 115 123 124 132 544 520 128 129 131 96  8
123 131 105 106 106 104 183 175 101 102 101 100  9
224 226 139 135 136 168 597 512 129 155 147 109  10
190 189 125 127 126 168 552 488 132 153 147 15000  11
Chip#2
84 102 106 95 104 100 100 98 98 100 103 109  0
112 117 107 103 118 99 355 357 98 105 100 103  1
128 132 110 124 138 111 665 674 98 111 108 107  2
82 104 102 91 104 97 136 133 98 101 98 100  3
128 133 114 110 121 114 404 473 98 115 116 112  4
112 143 109 103 116 115 446 502 98 107 104 103  5
84 106 106 102 111 103 107 110 98 100 97 103  6
87 131 109 103 115 100 369 418 98 113 105 103  7
112 124 108 98 106 102 276 297 98 105 103 108  8
84 105 102 94 101 99 137 148 98 100 99 105  9
128 139 114 104 113 105 648 790 98 118 110 109  10
112 126 107 103 110 100 291 366 98 111 103 15000  11
