
Chip#1
116 110 112 104 97 108 114 105 102 107 111 106  0
122 275 373 108 431 388 126 399 218 105 370 170  1
110 365 509 110 480 420 115 365 211 102 453 215  2
117 116 110 108 106 116 111 111 110 108 109 115  3
111 390 502 113 473 437 116 550 379 112 614 337  4
113 374 473 108 446 384 108 461 319 112 552 303  5
116 110 116 113 112 115 116 116 111 108 115 119  6
122 436 575 125 566 514 118 609 440 112 618 347  7
119 350 469 114 455 416 119 489 341 112 467 272  8
125 117 120 111 109 114 114 116 118 116 116 120  9
129 372 490 123 252 260 123 520 360 119 244 166  10
128 251 328 116 200 217 122 393 273 115 171 129  11
Chip#2
109 104 101 112 108 105 111 110 109 105 109 104  0
101 364 532 105 412 506 105 367 403 103 397 315  1
106 299 431 113 361 417 111 331 369 110 444 363  2
105 111 112 116 114 106 111 113 114 106 115 109  3
113 454 567 119 509 572 116 475 526 116 564 405  4
105 287 346 112 355 386 108 384 436 105 458 366  5
109 114 108 118 114 112 111 116 116 111 114 114  6
112 486 620 119 619 560 116 575 501 115 609 403  7
109 281 344 112 376 348 114 424 363 104 412 265  8
109 110 109 112 114 108 112 112 114 106 114 109  9
98 515 626 106 235 206 105 608 488 101 233 144  10
104 182 232 116 163 139 110 331 266 106 168 121  11
