
Chip#1
104 101 100 104 96 104 106 101 108 95 98 104  0
102 95 99 106 96 105 104 96 100 97 97 100  1
101 95 107 118 98 118 128 102 111 129 101 95  2
104 105 102 109 100 109 116 102 108 117 101 104  3
99 99 115 123 101 110 125 100 103 96 100 96  4
108 100 536 551 104 557 941 126 121 125 105 101  5
109 106 289 300 110 350 561 114 117 122 108 104  6
99 90 105 113 96 98 102 94 102 92 91 92  7
101 101 693 668 102 367 432 104 106 96 103 99  8
105 102 464 412 104 372 432 105 108 101 103 99  9
106 99 102 107 102 103 104 101 104 96 102 102  10
110 96 100 99 98 104 106 100 104 92 98 15000  11
Chip#2
111 111 112 108 113 113 112 107 107 109 110 109  0
110 114 114 105 116 112 110 106 104 105 107 115  1
112 111 109 108 113 108 110 106 105 102 110 109  2
105 106 107 110 112 107 118 110 102 103 112 105  3
112 111 111 124 125 112 125 119 108 115 121 115  4
111 111 111 109 117 112 112 106 106 102 109 112  5
110 105 106 110 112 109 296 264 101 175 255 116  6
109 113 114 123 125 119 539 559 112 271 362 129  7
116 115 116 116 122 116 155 155 111 112 137 119  8
105 109 106 103 111 108 155 175 104 166 289 117  9
116 117 114 110 121 116 310 380 123 312 541 173  10
111 108 106 107 112 112 137 156 105 123 174 15000  11
