
Chip#1
372 373 294 411 384 372 390 327 310 288 303 347  0
372 372 289 408 385 372 388 326 311 285 296 347  1
372 372 291 410 384 347 338 327 310 287 294 283  2
373 373 363 427 391 395 406 329 332 302 301 347  3
372 372 311 427 389 363 363 329 323 295 301 287  4
372 372 293 412 386 347 342 326 311 287 300 285  5
372 373 307 425 386 363 363 334 316 288 302 347  6
372 372 305 422 384 363 391 328 310 287 297 283  7
347 347 286 402 379 331 335 320 306 280 293 281  8
363 363 292 409 385 363 363 324 309 288 300 347  9
363 363 289 409 381 347 337 323 306 285 296 284  10
363 363 291 411 387 363 391 326 306 284 297 15000  11
Chip#2
455 445 300 390 394 291 283 450 347 406 326 286  0
456 453 301 392 391 294 347 452 363 409 330 288  1
457 450 301 392 394 293 347 449 347 405 327 286  2
453 446 297 391 390 290 347 449 363 407 328 287  3
395 449 300 389 390 294 286 455 347 406 327 287  4
454 448 299 392 393 294 288 450 347 406 329 287  5
395 445 301 393 394 293 289 452 347 407 328 288  6
395 446 299 388 391 292 287 449 347 406 327 290  7
459 451 298 394 395 296 347 453 363 410 328 290  8
456 442 300 388 390 295 347 450 347 408 326 285  9
454 444 298 386 387 293 286 447 347 406 326 287  10
395 450 300 392 393 291 288 451 347 405 327 15000  11
