
Chip#1
107 109 105 129 104 111 107 106 107 108 111 113  0
109 109 102 111 106 110 105 105 102 112 112 112  1
108 103 103 109 106 108 108 108 102 105 110 105  2
113 113 114 129 111 115 114 110 107 110 115 114  3
100 106 101 105 100 104 98 104 100 102 105 108  4
108 110 105 129 107 110 105 105 105 107 108 109  5
108 107 103 110 105 115 105 108 102 105 109 108  6
113 106 109 129 110 115 108 109 108 112 111 113  7
108 103 100 109 104 106 103 104 100 107 106 105  8
105 102 103 109 104 110 105 102 106 104 104 109  9
107 109 100 107 101 111 102 104 102 107 105 107  10
109 109 102 110 106 110 102 105 104 104 106 15000  11
Chip#2
109 102 102 100 110 108 116 99 100 107 107 106  0
114 111 112 112 117 119 123 106 109 117 117 115  1
109 106 106 106 113 118 123 104 108 112 114 117  2
105 109 105 102 107 112 115 104 103 109 108 110  3
102 105 100 101 105 110 112 97 98 102 103 105  4
105 103 109 102 108 114 116 102 104 103 110 106  5
102 103 102 104 105 108 113 102 100 106 110 108  6
102 110 109 105 111 112 113 102 103 109 111 108  7
105 105 102 104 107 114 113 102 101 106 110 111  8
109 105 105 105 111 115 120 105 98 109 111 110  9
106 107 109 106 114 119 120 106 102 109 113 114  10
111 109 114 109 114 117 121 112 112 114 116 15000  11
