
Chip#1
115 115 113 254 383 123 108 112 105 100 103 112  0
114 113 128 2115 3549 620 116 112 103 110 112 106  1
111 117 136 2450 3549 805 118 113 109 106 106 107  2
109 113 109 416 819 168 109 110 98 103 105 102  3
124 128 130 1121 1756 312 122 118 117 113 121 113  4
111 117 121 1188 1914 345 108 115 107 105 108 105  5
278 616 157 199 281 114 103 111 101 99 96 97  6
2517 616 1369 120 124 111 119 120 110 115 112 105  7
2438 616 1224 108 113 105 114 114 102 106 102 103  8
484 1298 265 105 106 104 107 105 100 104 101 97  9
2253 1298 1394 106 112 105 109 114 103 105 105 102  10
1660 3242 821 110 112 107 117 110 105 106 106 108  11
Chip#2
140 125 151 486 486 144 142 137 139 129 126 131  0
134 124 526 486 486 575 145 142 134 129 119 126  1
148 138 674 486 486 850 155 148 143 140 134 139  2
142 130 171 1698 1817 167 151 145 138 134 126 137  3
161 142 368 1698 3851 314 156 154 149 143 133 138  4
173 180 330 3815 3482 267 156 154 149 147 142 145  5
962 2274 330 346 324 135 152 148 143 137 136 134  6
962 2274 2985 182 169 144 156 160 149 149 141 139  7
962 2274 1903 177 165 135 156 158 148 137 132 137  8
1375 3423 567 172 160 135 156 157 143 145 133 146  9
1375 3423 3505 170 157 144 150 150 142 140 137 142  10
1375 3423 1808 167 161 143 155 153 144 139 134 139  11
