
Chip#1
123 115 131 124 118 116 129 128 125 128 124 129  0
116 125 125 121 598 544 132 119 116 117 133 121  1
122 119 125 121 780 646 132 124 127 113 128 129  2
119 116 129 123 120 115 124 119 128 117 123 124  3
123 116 122 120 861 805 135 124 125 124 127 129  4
118 114 119 115 730 695 120 118 120 113 117 120  5
112 105 119 114 113 112 125 107 118 110 120 118  6
112 115 129 126 576 322 125 119 136 119 119 135  7
122 123 126 124 476 312 128 122 119 119 127 120  8
122 119 121 111 112 112 124 121 116 124 121 121  9
122 444 695 118 111 115 125 144 124 116 123 127  10
121 247 437 118 112 113 128 131 119 115 116 15000  11
Chip#2
116 115 116 126 120 122 120 119 119 122 117 120  0
121 125 122 133 176 230 127 128 126 127 121 126  1
115 119 115 128 163 182 121 125 124 123 116 123  2
122 123 121 126 128 125 124 127 120 128 120 123  3
109 113 115 125 172 150 119 123 118 122 114 115  4
121 123 124 132 181 159 129 132 125 131 124 128  5
120 120 124 133 128 126 124 128 130 131 124 123  6
117 123 118 135 178 146 126 133 130 128 119 123  7
106 109 112 121 138 122 115 118 120 116 108 108  8
111 112 120 130 123 117 121 119 119 121 113 118  9
122 208 182 143 134 128 131 135 134 131 125 129  10
125 139 147 142 134 131 131 133 131 131 126 15000  11
Chip#3
101 102 103 100 97 97 102 101 101 101 99 106  0
99 104 107 100 100 98 106 99 102 100 131 111  1
102 111 108 103 102 104 109 98 111 110 146 116  2
98 103 101 98 97 99 104 98 100 96 97 105  3
92 154 119 95 189 124 95 158 126 97 95 100  4
94 188 133 97 245 158 98 128 120 94 92 103  5
108 106 103 103 100 100 106 101 103 98 102 106  6
99 105 103 102 96 100 102 99 98 101 98 105  7
103 104 106 103 103 104 103 101 101 105 104 106  8
100 103 107 103 101 100 102 102 104 99 100 106  9
103 107 106 102 101 101 104 99 101 103 103 108  10
109 111 110 106 102 106 113 105 112 107 106 15000  11
Chip#4
106 97 105 101 98 109 99 98 101 102 100 101  0
105 109 109 106 106 115 106 101 106 109 126 108  1
103 102 107 105 104 110 99 100 106 109 116 104  2
107 105 104 104 104 114 106 97 104 105 105 109  3
109 115 103 104 124 105 103 116 103 102 101 100  4
109 125 100 102 117 108 102 105 103 102 99 101  5
109 105 104 98 103 110 103 100 104 101 107 105  6
103 101 103 98 104 109 103 105 104 106 104 103  7
107 104 107 99 106 109 100 104 105 105 104 105  8
101 98 100 99 95 106 101 97 103 101 99 99  9
110 106 107 102 103 112 106 105 109 109 108 109  10
106 102 99 99 99 106 102 97 103 102 99 15000  11
