
Chip#1
99 101 97 93 95 88 95 98 98 105 99 94  0
131 149 104 112 95 100 119 116 101 121 119 104  1
131 155 105 102 104 92 107 112 98 117 113 98  2
99 106 99 98 104 93 103 104 96 105 103 99  3
106 116 105 104 104 98 121 120 109 115 113 101  4
108 117 103 106 104 106 118 120 108 115 113 105  5
93 99 97 95 102 96 105 110 101 104 103 94  6
106 113 99 114 109 96 119 125 104 121 115 102  7
110 110 104 113 104 104 115 127 104 121 117 107  8
99 106 105 104 104 99 109 112 104 107 105 99  9
108 112 107 109 104 102 129 112 108 120 118 104  10
104 107 100 102 95 99 118 118 98 109 111 15000  11
Chip#2
119 120 110 111 113 108 114 111 107 121 111 110  0
122 123 100 101 94 101 100 95 99 115 106 100  1
112 120 99 101 102 100 105 95 100 113 106 101  2
112 108 104 107 104 104 103 105 108 115 106 106  3
112 107 102 100 98 101 103 102 103 117 109 105  4
95 99 91 92 92 97 99 101 96 106 95 94  5
103 112 106 112 102 103 104 100 105 113 103 105  6
105 112 103 104 106 104 106 107 102 116 111 106  7
99 111 106 106 108 103 105 99 103 115 107 105  8
112 113 106 107 108 104 104 103 107 113 106 109  9
112 111 102 104 101 107 112 104 102 115 105 104  10
116 115 103 106 108 105 110 107 111 115 105 15000  11

Chip#1
101 110 105 102 104 100 108 104 104 104 106 103  0
131 156 109 107 104 100 117 124 105 122 118 102  1
135 156 111 106 104 99 115 115 105 122 118 99  2
100 111 99 101 100 98 105 108 103 105 106 99  3
105 116 104 102 104 98 123 128 101 117 112 99  4
101 112 99 100 104 98 117 113 102 111 107 97  5
95 98 93 97 104 92 117 103 100 104 98 96  6
106 117 105 116 112 103 119 125 105 138 118 99  7
108 115 107 111 104 98 113 115 110 118 113 102  8
103 103 98 97 104 96 113 110 101 104 100 99  9
110 117 109 111 106 106 125 138 110 121 115 104  10
101 107 104 103 104 98 114 119 104 109 112 15000  11
Chip#2
112 112 98 106 102 100 99 107 104 110 103 104  0
131 134 104 104 106 104 109 104 109 117 111 113  1
119 131 104 107 105 103 105 103 109 116 111 110  2
119 111 102 104 106 99 100 102 104 111 106 105  3
111 117 100 104 104 103 104 102 104 113 106 105  4
111 104 97 103 97 93 96 102 102 105 103 101  5
111 115 108 110 108 107 106 109 108 115 110 110  6
111 115 110 107 105 101 104 100 109 121 114 110  7
97 108 102 101 101 100 96 99 103 107 105 103  8
132 111 106 110 108 107 104 105 107 111 107 112  9
120 116 104 104 108 109 109 108 109 113 107 109  10
120 126 114 111 116 109 109 113 114 117 111 15000  11

Chip#1
98 101 95 98 96 96 114 99 95 95 99 98  0
134 151 104 108 104 98 114 115 99 115 117 98  1
137 161 113 108 104 106 119 126 111 119 121 103  2
99 105 95 94 95 96 102 99 95 100 101 96  3
110 122 103 112 104 104 121 129 109 116 116 103  4
108 117 98 106 104 102 117 116 102 111 107 99  5
92 99 93 94 101 94 117 103 95 99 94 94  6
110 117 106 117 114 104 123 130 105 126 124 107  7
108 113 104 113 107 104 113 115 104 115 112 99  8
95 101 89 101 95 91 103 103 96 100 99 99  9
111 119 108 114 104 108 129 139 106 126 118 107  10
109 113 102 106 104 99 117 120 99 109 110 15000  11
Chip#2
112 118 99 99 98 97 98 112 100 108 103 100  0
126 131 106 97 98 96 100 112 102 112 107 106  1
122 129 107 103 109 104 104 100 102 111 111 105  2
122 115 103 106 108 103 104 103 104 115 109 110  3
115 118 103 104 106 104 108 105 109 117 110 110  4
115 112 102 106 101 105 103 102 105 112 107 108  5
115 116 106 103 102 100 104 102 105 112 106 108  6
112 112 106 104 106 109 110 105 107 118 111 110  7
115 121 111 112 109 105 108 109 107 120 115 117  8
115 110 99 106 105 104 103 109 105 111 103 104  9
122 118 108 111 113 105 114 112 114 118 114 112  10
120 121 104 106 108 103 108 104 113 115 111 15000  11

Chip#1
98 101 95 99 95 96 117 98 99 94 98 96  0
136 152 104 114 104 99 118 127 108 123 116 105  1
140 162 113 109 104 98 115 119 105 119 118 102  2
101 109 98 104 101 91 103 102 99 98 95 99  3
122 135 117 113 108 114 137 136 119 138 126 108  4
110 121 104 111 106 102 119 119 110 113 113 105  5
106 109 105 106 95 107 106 116 105 110 106 105  6
111 116 108 122 108 107 123 132 109 121 121 104  7
106 112 97 109 104 96 113 116 106 110 112 99  8
99 109 102 104 104 102 109 124 104 104 101 101  9
106 115 100 108 95 103 123 115 104 116 115 101  10
109 112 104 108 104 103 118 128 109 111 112 15000  11
Chip#2
110 117 100 103 101 96 100 100 104 108 102 109  0
127 132 104 97 100 96 100 102 102 131 110 105  1
122 131 108 105 109 104 104 105 108 115 111 110  2
114 118 107 108 106 103 109 109 109 113 108 112  3
114 117 107 107 105 103 105 100 108 115 110 105  4
114 108 99 104 104 99 100 102 102 113 108 109  5
114 117 103 104 106 100 103 104 103 112 107 106  6
114 106 99 100 105 97 103 104 102 110 109 104  7
111 112 107 111 112 104 103 105 112 116 112 110  8
111 115 106 108 106 100 103 102 105 111 107 103  9
110 116 104 108 110 108 106 109 113 131 112 110  10
128 125 114 110 117 112 109 112 116 120 118 15000  11
