
Chip#1
171 144 127 122 114 116 118 120 113 115 135 158  0
152 109 121 114 112 119 118 118 120 111 117 124  1
114 109 123 131 115 111 113 127 123 111 110 103  2
108 109 301 131 1416 115 117 2893 3222 111 105 99  3
110 109 165 3860 168 121 118 1927 2375 112 110 103  4
114 109 121 127 126 124 121 123 127 112 112 107  5
114 109 113 120 119 118 120 118 124 111 113 107  6
117 109 127 2191 729 123 125 1458 2401 121 114 105  7
114 109 245 2191 2344 126 122 1458 3974 126 113 101  8
118 109 125 224 130 123 121 290 262 117 117 105  9
128 109 117 113 109 113 112 112 114 108 114 119  10
199 117 117 111 111 113 110 115 118 108 129 15000  11
Chip#2
119 108 110 102 89 113 109 100 109 102 106 106  0
110 105 111 105 89 113 113 100 110 104 107 111  1
110 104 105 100 105 112 109 100 111 106 108 108  2
106 104 105 130 790 182 108 100 309 344 106 102  3
109 105 110 160 731 174 112 100 399 522 108 110  4
104 104 103 101 89 108 107 100 112 108 108 104  5
106 107 109 104 105 109 114 100 109 109 106 102  6
106 108 106 106 248 113 112 100 248 159 104 102  7
109 112 113 134 539 249 114 101 784 602 108 113  8
104 104 110 108 216 110 110 100 177 174 104 105  9
113 109 109 109 105 112 117 100 114 106 108 102  10
122 114 110 104 105 108 116 100 116 112 106 15000  11
