
Chip#1
108 109 107 105 100 107 102 104 101 103 105 112  0
112 98 100 105 97 104 98 96 101 100 100 104  1
107 99 101 102 97 104 99 98 106 105 101 99  2
108 109 334 296 105 393 312 104 365 293 109 109  3
104 101 342 315 98 294 232 102 262 202 101 104  4
105 99 102 105 100 104 97 97 102 104 100 103  5
104 105 275 285 104 122 111 101 114 114 104 108  6
105 102 256 255 100 113 107 98 107 107 97 101  7
111 106 106 111 107 108 103 105 106 108 108 112  8
108 103 103 129 102 121 115 101 113 120 106 109  9
111 105 105 111 104 120 110 105 112 118 104 112  10
116 112 106 109 105 110 99 102 104 109 106 15000  11
Chip#2
102 98 103 100 104 100 109 98 96 98 104 102  0
98 90 98 96 101 98 101 95 87 94 99 100  1
99 94 99 98 101 103 103 101 97 95 98 101  2
102 102 102 102 103 119 120 102 104 106 103 104  3
102 103 105 100 105 114 111 104 102 102 106 106  4
98 97 102 97 101 104 107 97 96 99 100 97  5
101 99 124 117 104 107 108 101 100 101 102 106  6
99 99 121 108 105 108 111 102 98 101 102 102  7
101 95 99 100 104 104 107 99 94 101 102 101  8
102 95 138 126 107 148 141 98 123 124 99 100  9
101 98 129 114 105 130 125 99 118 114 102 102  10
101 97 102 94 101 103 107 101 94 98 100 15000  11
