
Chip#1
121 114 114 129 105 116 104 110 108 112 116 121  0
124 117 111 129 106 117 109 109 106 113 119 121  1
115 112 110 129 107 113 111 105 110 117 111 111  2
112 113 637 512 110 736 582 114 664 494 114 111  3
116 121 665 565 111 529 390 118 454 336 116 118  4
107 109 109 129 104 113 104 104 102 107 111 105  5
115 117 517 513 114 148 138 116 134 137 118 116  6
120 120 464 459 116 148 136 119 130 130 119 117  7
113 114 110 129 109 120 108 110 106 114 114 113  8
108 111 113 129 109 145 142 110 141 140 114 113  9
115 118 119 129 110 141 128 114 122 133 119 114  10
116 118 118 129 115 122 111 112 110 117 116 15000  11
Chip#2
109 105 106 106 114 117 120 109 103 106 112 109  0
111 107 105 108 114 117 123 102 108 109 112 113  1
112 107 108 112 117 117 123 106 108 112 111 111  2
111 106 108 110 113 190 168 106 130 126 111 110  3
117 110 115 112 120 167 151 109 122 120 112 114  4
118 111 118 114 120 123 127 112 110 113 114 117  5
111 113 272 212 118 135 136 105 127 125 110 114  6
109 106 228 172 118 126 131 101 118 121 111 111  7
112 109 115 110 118 114 123 106 110 113 112 117  8
115 115 336 268 121 368 300 112 287 254 112 111  9
115 115 296 222 120 297 241 109 241 227 112 117  10
121 115 114 114 118 123 131 115 116 114 116 15000  11
