
Chip#1
113 113 111 114 106 112 105 102 106 114 114 120  0
120 116 113 129 110 112 105 105 107 114 111 120  1
111 110 109 111 109 112 105 108 108 110 108 109  2
113 117 439 385 111 518 411 113 491 374 111 116  3
108 113 445 407 111 372 286 109 333 243 106 108  4
109 114 113 153 107 118 104 106 107 112 110 112  5
109 113 353 365 111 135 125 110 128 127 111 117  6
96 105 318 317 101 121 110 98 112 110 101 101  7
105 107 109 109 107 112 102 106 110 104 106 113  8
105 106 105 109 106 130 121 102 118 122 105 108  9
108 112 109 109 107 124 115 108 117 119 110 113  10
112 116 113 129 107 108 105 112 108 112 114 15000  11
Chip#2
104 102 100 101 107 108 117 102 102 105 108 105  0
104 101 100 101 108 110 111 99 100 101 107 110  1
99 97 99 98 105 105 112 95 98 102 102 106  2
107 107 103 104 114 138 140 99 116 116 110 111  3
101 99 96 102 107 124 121 98 104 106 103 106  4
105 106 102 104 111 111 120 98 102 106 110 110  5
108 107 161 139 113 119 121 104 117 117 107 109  6
107 105 148 127 105 112 117 98 106 112 107 108  7
105 99 102 104 110 111 115 99 101 105 106 105  8
105 98 189 161 104 205 178 101 169 155 102 106  9
104 107 176 143 111 181 160 102 151 145 106 110  10
108 103 100 104 105 111 116 101 104 106 112 15000  11
