
Chip#1
105 105 99 104 105 104 104 107 104 100 105 100  0
104 109 106 115 107 110 117 111 106 113 106 107  1
102 104 141 160 108 141 177 112 134 191 112 102  2
102 104 105 121 102 117 130 107 117 148 100 101  3
101 101 102 103 104 106 99 104 103 93 98 100  4
95 96 172 184 101 141 178 103 127 161 98 94  5
102 105 126 139 109 132 146 111 121 150 100 98  6
101 104 102 103 103 103 102 104 103 99 97 98  7
108 109 160 171 109 144 157 115 108 107 103 106  8
98 101 138 137 104 139 151 104 103 101 100 98  9
104 106 102 106 105 106 108 108 102 105 102 96  10
105 96 97 99 102 99 101 104 100 92 96 15000  11
Chip#2
105 109 103 100 106 102 102 102 101 104 106 108  0
102 99 95 103 102 99 101 97 98 94 100 104  1
111 111 106 105 108 108 106 107 105 102 106 108  2
107 110 101 115 111 108 114 112 105 107 114 105  3
106 108 101 114 113 98 116 106 99 112 111 103  4
110 108 105 108 107 104 105 105 105 104 107 105  5
102 103 98 104 104 98 102 102 96 102 107 101  6
104 105 105 116 116 103 114 113 100 111 119 105  7
104 104 99 104 108 101 104 103 100 99 107 106  8
104 104 101 98 104 104 104 105 99 105 110 105  9
110 109 106 108 106 106 114 117 108 113 123 109  10
105 106 104 107 106 104 106 103 106 104 110 15000  11
