
Chip#1
105 109 105 143 106 112 109 112 107 109 119 116  0
103 109 106 143 109 108 103 108 102 104 111 113  1
104 107 102 143 106 112 103 105 104 108 111 111  2
103 107 126 143 104 129 119 102 125 122 109 109  3
104 107 128 143 107 121 115 110 116 113 109 108  4
105 105 101 143 101 104 99 105 102 103 106 108  5
105 105 120 143 106 112 108 106 104 105 108 112  6
105 106 120 143 105 110 99 109 100 103 108 105  7
107 105 114 143 110 111 102 108 109 105 115 113  8
107 105 105 143 102 108 100 101 101 104 109 114  9
104 106 99 103 102 107 102 98 105 105 106 107  10
103 99 100 103 98 106 99 100 100 99 106 15000  11
Chip#2
101 98 95 92 98 103 111 95 92 98 102 105  0
114 105 105 101 107 111 115 105 102 107 110 114  1
115 109 105 102 114 114 121 102 104 107 110 114  2
102 101 98 97 103 105 113 102 93 102 104 105  3
101 103 106 100 104 108 112 98 97 105 107 106  4
104 101 99 94 101 104 109 94 93 101 103 105  5
109 103 103 101 103 108 116 99 96 102 108 109  6
104 102 99 96 103 101 108 101 96 99 100 106  7
115 109 105 106 114 112 120 105 102 110 111 115  8
106 103 106 102 107 111 117 98 100 105 106 108  9
104 102 99 98 104 107 111 97 97 102 103 108  10
104 102 99 100 104 110 113 101 100 105 104 15000  11
