
Chip#1
103 107 95 106 105 101 99 107 101 100 101 98  0
105 102 104 107 104 101 112 112 102 108 102 98  1
103 106 129 147 108 128 160 112 129 170 106 95  2
104 102 107 118 104 112 125 110 117 136 103 99  3
104 101 98 112 108 101 106 107 102 100 100 100  4
103 105 155 169 105 135 163 111 117 142 101 98  5
102 104 119 129 104 122 138 112 119 142 103 101  6
99 101 100 107 104 100 106 109 103 99 97 100  7
98 102 144 147 103 132 139 108 106 99 100 96  8
101 106 128 132 104 133 142 108 107 105 102 99  9
102 104 99 107 108 99 105 105 102 100 98 99  10
98 90 92 92 94 94 92 97 94 92 89 15000  11
Chip#2
104 104 104 98 108 106 102 102 101 105 104 103  0
110 108 103 102 105 103 106 104 98 103 106 104  1
104 103 101 98 101 101 101 98 99 97 102 100  2
106 106 101 105 105 102 108 109 96 104 107 101  3
109 108 105 118 113 107 118 113 108 114 114 109  4
106 108 101 102 105 102 102 102 101 104 104 103  5
105 105 106 108 107 106 111 110 101 105 110 108  6
105 108 105 112 108 103 113 106 99 110 115 103  7
104 103 104 107 104 103 105 104 101 102 106 99  8
107 108 107 104 104 107 107 106 106 104 113 109  9
103 104 104 102 104 107 111 110 102 104 118 105  10
109 106 104 105 110 108 112 110 105 107 109 15000  11
