
Chip#1
109 117 111 143 114 115 111 112 112 117 123 118  0
111 111 107 143 110 115 105 106 106 115 114 113  1
108 111 105 143 111 108 105 108 108 107 110 111  2
104 109 101 143 110 108 97 102 102 107 109 112  3
109 116 109 143 114 112 107 109 109 113 114 114  4
112 120 114 143 113 116 110 110 113 114 119 114  5
104 112 102 109 104 111 100 100 102 105 108 107  6
108 111 111 129 107 113 104 106 105 109 112 116  7
112 114 115 129 115 115 109 112 108 114 115 116  8
112 116 114 129 115 113 109 109 107 112 116 120  9
107 113 105 129 107 110 100 102 105 107 109 112  10
113 116 111 129 111 113 108 106 107 113 114 15000  11
Chip#2
107 107 105 97 111 103 120 104 100 107 106 109  0
109 102 106 102 110 105 116 106 105 109 104 106  1
105 103 108 101 107 108 119 101 101 106 106 109  2
104 102 102 94 103 101 111 101 102 102 99 105  3
102 102 102 98 107 107 113 101 101 109 104 104  4
105 103 109 104 110 105 117 104 102 107 108 106  5
105 99 102 97 107 101 112 102 102 105 103 106  6
108 106 105 101 114 108 119 105 98 110 110 110  7
106 106 103 105 111 104 115 101 102 106 107 105  8
102 103 100 97 108 107 115 99 102 102 103 104  9
106 101 105 97 110 105 113 99 104 105 106 109  10
108 106 103 102 110 108 115 105 103 103 108 15000  11
