
Chip#1
305 348 294 331 373 290 250 316 347 320 284 363  0
298 341 287 331 373 283 246 308 347 316 274 343  1
304 345 397 379 374 324 306 314 380 426 281 363  2
299 353 1040 1030 374 923 1123 331 989 1147 299 344  3
298 348 746 755 374 722 812 327 756 867 295 349  4
293 343 317 363 373 294 257 310 296 329 274 344  5
289 343 875 960 373 291 252 308 347 320 272 341  6
300 348 810 822 373 292 253 314 347 323 280 345  7
296 342 299 288 372 287 249 309 287 312 277 346  8
301 346 297 347 373 296 261 319 363 323 281 363  9
296 341 286 269 372 287 254 310 287 319 274 348  10
302 341 290 331 373 285 250 311 284 316 279 347  11
Chip#2
375 347 267 355 410 355 281 346 355 337 355 372  0
375 347 355 355 411 355 281 348 355 335 355 372  1
374 347 355 355 409 355 280 342 352 332 355 372  2
375 363 355 363 413 363 284 354 355 335 355 373  3
375 347 355 347 419 363 289 355 355 346 355 379  4
375 379 355 347 406 355 278 344 350 330 355 379  5
375 1291 1387 363 413 355 288 351 355 337 355 379  6
376 1479 1606 420 426 363 288 355 355 338 355 379  7
375 427 347 347 429 408 286 355 355 337 355 377  8
376 1216 1312 416 1244 1227 293 1030 1073 340 355 377  9
377 1643 1659 427 1883 2042 306 1675 1822 352 355 378  10
376 508 347 363 517 498 286 477 427 337 355 378  11
Chip#3
309 372 393 373 373 274 383 403 288 298 388 434  0
306 372 471 414 373 392 444 363 384 413 389 436  1
317 404 1008 935 424 953 991 433 814 969 448 441  2
309 402 825 762 388 744 782 414 685 763 411 436  3
309 363 363 363 386 282 390 363 319 379 390 437  4
313 401 402 379 387 287 393 415 845 984 433 441  5
314 401 401 379 387 284 394 415 776 891 420 441  6
310 401 401 379 387 279 391 409 298 312 395 439  7
303 363 395 379 386 274 389 363 287 298 389 434  8
319 363 403 363 380 285 397 363 296 309 397 440  9
314 401 404 379 378 280 393 407 296 307 398 443  10
313 363 363 363 378 277 389 363 294 306 392 434  11
Chip#4
454 411 459 363 363 386 398 401 305 401 275 431  0
456 408 457 363 363 388 399 399 301 398 276 431  1
453 363 452 430 437 386 429 433 300 421 300 428  2
450 363 476 1531 1387 404 1568 1561 322 1376 1379 451  3
452 363 462 1147 1123 363 1147 1147 313 1179 1123 445  4
452 408 455 418 428 389 405 406 303 403 280 431  5
450 405 480 1531 1227 387 397 399 299 400 275 428  6
452 363 477 1369 1123 391 400 399 303 399 277 432  7
444 363 448 363 363 333 393 396 294 394 268 425  8
450 363 451 363 363 386 399 400 302 396 273 431  9
450 363 453 363 363 382 395 399 299 397 272 425  10
460 363 457 363 363 391 403 403 306 403 275 431  11
