
Chip#1
94 52 36 173 0 110 112 25 85 50 80 0  0
92 0 28 173 0 94 107 17 20 48 71 0  1
84 0 30 173 0 110 110 23 85 47 69 0  2
88 0 428 429 0 542 450 21 446 318 71 0  3
81 52 444 429 0 382 285 21 325 193 65 0  4
85 0 27 173 0 94 108 19 27 43 66 0  5
88 0 279 429 0 126 130 23 48 62 64 0  6
90 52 252 420 0 126 128 23 43 57 69 0  7
90 52 32 196 0 110 107 18 85 43 69 0  8
86 52 32 196 0 142 131 22 55 71 75 0  9
85 0 26 180 0 110 116 17 36 55 64 0  10
89 52 32 180 0 94 112 25 31 49 76 15000  11
Chip#2
264 318 261 285 114 164 148 185 263 190 193 223  0
258 318 261 285 114 161 148 181 257 188 194 223  1
264 320 261 290 114 167 148 183 264 188 197 223  2
260 318 261 288 114 258 148 185 291 208 192 223  3
265 325 261 291 114 226 148 188 280 206 197 223  4
264 321 261 292 114 171 148 186 263 192 195 223  5
261 324 492 406 114 191 148 185 291 212 194 223  6
264 326 444 366 114 180 148 187 276 202 189 223  7
265 320 261 287 114 168 148 188 268 193 194 232  8
264 326 522 509 114 493 395 187 491 429 197 223  9
260 324 517 415 114 380 315 183 419 388 192 223  10
266 316 261 291 114 165 148 186 262 189 197 15000  11
