
Chip#1
120 116 126 116 112 109 122 116 110 113 116 119  0
110 121 115 110 116 119 114 108 108 108 119 113  1
117 120 125 116 137 130 122 118 119 115 119 123  2
113 113 117 113 110 108 121 113 117 110 111 110  3
104 112 119 111 137 136 119 109 119 113 115 117  4
114 127 125 122 133 130 111 122 118 118 116 116  5
111 106 115 108 109 108 119 105 108 110 113 112  6
117 116 126 123 124 116 123 111 125 113 117 129  7
116 120 122 114 118 119 127 114 113 119 121 116  8
122 128 128 119 118 114 122 120 125 127 120 127  9
120 130 125 122 116 116 119 111 124 114 121 126  10
123 120 122 111 113 114 118 112 113 114 108 15000  11
Chip#2
98 104 99 108 98 98 101 104 102 98 103 104  0
91 93 97 105 102 98 95 95 94 90 98 101  1
90 96 96 101 99 104 92 97 98 93 98 95  2
101 107 106 118 109 100 109 110 108 108 109 107  3
93 97 92 97 104 97 96 98 97 93 97 92  4
100 107 101 111 114 106 103 108 108 105 107 107  5
96 102 103 106 99 99 104 100 103 99 99 103  6
96 103 101 111 107 100 100 100 104 98 101 102  7
97 101 101 109 99 100 103 104 99 95 103 101  8
100 99 100 112 102 104 102 104 105 100 104 104  9
100 108 107 111 99 105 103 103 109 100 104 102  10
98 102 101 106 103 100 105 100 104 100 100 15000  11
