
Chip#1
108 105 104 112 104 106 106 108 107 97 108 105  0
109 105 105 114 105 110 116 107 106 104 107 104  1
101 104 123 136 101 123 144 108 119 145 111 105  2
93 96 102 106 95 101 119 94 108 116 92 96  3
109 105 106 109 105 109 113 104 111 100 103 110  4
105 105 140 153 105 128 151 105 119 133 103 102  5
106 100 116 125 105 117 131 108 117 125 103 100  6
111 106 111 115 112 106 115 109 111 103 105 110  7
96 99 125 132 96 116 129 95 103 92 93 95  8
103 105 128 121 108 128 132 105 106 100 107 105  9
101 99 103 108 103 101 107 104 106 97 98 101  10
115 110 107 113 111 111 114 110 113 105 112 15000  11
Chip#2
110 111 106 105 112 112 110 110 108 103 111 110  0
103 108 104 101 106 108 102 106 96 104 104 105  1
112 110 109 108 108 111 106 106 104 104 105 111  2
97 103 96 101 104 104 102 99 94 96 99 98  3
101 105 106 109 108 104 110 105 100 105 105 104  4
99 99 101 96 100 97 96 92 94 93 95 96  5
106 105 110 105 108 108 107 102 101 103 105 103  6
105 109 109 113 112 108 110 113 102 104 116 106  7
105 106 106 104 108 107 106 103 100 98 105 104  8
107 109 110 109 111 108 106 109 105 103 111 111  9
102 98 104 100 102 101 105 105 100 101 109 105  10
102 103 101 103 106 101 101 98 101 97 101 15000  11
