
Chip#1
119 117 115 119 106 122 111 122 105 111 109 110  0
119 919 1503 111 1586 1461 132 1488 844 131 1379 516  1
113 1316 1929 108 1803 1585 119 1352 797 122 1776 693  2
113 165 174 107 179 179 112 199 136 101 188 137  3
111 1388 1901 110 1762 1628 123 2076 1502 130 2400 1225  4
114 1326 1755 111 1639 1414 114 1707 1248 114 2168 1074  5
113 182 188 107 196 200 111 222 156 101 216 161  6
108 1611 2243 117 2165 1931 119 2350 1747 115 2442 1273  7
123 1245 1744 111 1685 1540 121 1827 1341 110 1807 939  8
125 183 199 111 168 172 121 229 161 114 158 131  9
122 1312 1826 119 866 857 115 1929 1424 112 883 464  10
119 832 1254 110 664 682 115 1450 1076 108 564 281  11
Chip#2
131 135 131 139 144 134 141 139 161 135 140 134  0
130 1102 1867 139 1346 1746 142 1161 1299 142 1309 960  1
114 842 1399 123 1108 1362 124 1011 1125 126 1450 1114  2
131 137 135 139 146 139 144 145 161 140 144 140  3
138 1438 1929 139 1667 1917 149 1541 1747 153 1843 1250  4
129 799 1059 123 1103 1222 140 1228 1409 147 1517 1132  5
130 136 130 139 151 145 143 147 161 142 144 139  6
133 1478 2105 139 2091 1868 145 1906 1621 143 2025 1258  7
143 769 1034 155 1140 1084 153 1353 1084 152 1297 732  8
133 138 137 123 141 141 144 145 144 137 142 138  9
133 1734 2139 139 633 526 140 2049 1606 141 614 306  10
126 364 540 123 320 272 135 990 699 132 329 182  11
