
Chip#1
119 122 126 143 119 125 113 112 116 125 125 126  0
115 125 122 143 116 122 108 109 112 122 120 122  1
115 122 122 143 119 120 111 110 113 122 120 122  2
118 119 120 143 118 121 109 109 116 119 118 124  3
112 113 115 143 111 116 108 106 106 114 111 114  4
111 119 116 143 115 121 111 108 108 122 116 120  5
116 116 111 143 111 117 107 102 110 114 114 116  6
113 119 118 143 120 120 113 110 109 118 115 116  7
117 118 120 143 118 122 110 109 113 120 120 122  8
121 125 124 143 123 126 119 112 120 122 125 129  9
122 126 126 143 122 127 114 113 120 125 125 128  10
128 129 128 143 120 126 114 113 117 120 123 15000  11
Chip#2
119 115 115 121 127 123 131 109 108 114 118 118  0
125 115 112 118 125 124 132 113 112 117 122 121  1
125 119 120 119 128 127 135 118 113 117 118 122  2
121 117 115 117 127 121 132 112 112 117 120 121  3
118 119 117 109 124 124 127 113 110 116 120 118  4
119 115 112 114 124 121 129 111 109 113 117 114  5
118 111 112 114 123 123 128 111 114 116 114 118  6
125 115 120 114 128 123 132 112 113 114 118 118  7
125 119 118 119 130 124 139 116 117 120 121 126  8
117 117 114 112 127 126 125 106 114 117 118 117  9
121 117 114 117 127 123 132 108 113 117 118 118  10
128 119 120 117 128 124 132 113 112 120 121 15000  11
