
Chip#1
961 821 932 836 902 973 836 1170 1092 1004 899 829  0
961 924 1082 869 987 1127 884 1220 1210 1028 943 917  1
961 925 1081 903 987 1129 891 1248 1217 1044 1016 973  2
969 924 1081 910 987 1130 888 1321 1218 1044 1016 1005  3
969 928 1077 918 987 1130 890 1321 1220 1044 1032 1021  4
961 926 1081 918 987 1128 887 1321 1217 1044 1016 1021  5
969 925 1078 934 987 1128 890 1321 1216 1044 1016 1021  6
961 926 1081 918 987 1124 888 1247 1216 1044 1016 1021  7
969 926 1076 934 987 1124 890 1321 1219 1044 1032 1021  8
961 926 1078 918 987 1127 888 1249 1218 1028 961 1005  9
961 926 1078 934 987 1128 890 1321 1217 1044 964 1021  10
969 924 1080 934 1051 1129 893 1321 1218 1044 1016 15000  11
Chip#2
3834 3719 3784 3820 3646 3679 3539 3412 3497 3470 3535 3525  0
3834 3689 3707 3756 3620 3576 3354 3351 3346 3283 3295 3269  1
3793 3618 3678 3708 3494 3475 3227 3184 3193 3088 3032 3093  2
3578 3463 3609 3564 3403 3384 3200 3080 3065 2941 2991 2949  3
3537 3370 3512 3516 3353 3310 3072 3052 3033 2881 2911 2965  4
3489 3359 3478 3516 3372 3322 3092 3081 3017 2932 2927 2965  5
3333 3436 3560 3573 3540 3460 3248 3154 3108 3000 2975 3013  6
3356 3546 3657 3804 3697 3667 3393 3344 3241 3062 3023 3093  7
3591 3725 3784 3829 3796 3809 3631 3539 3346 3181 3032 3102  8
3834 3746 3800 3829 3796 3801 3673 3696 3593 3354 3279 3349  9
3878 3746 3800 3829 3812 3810 3688 3740 3737 3486 3288 3477  10
3969 3746 3816 3829 3812 3825 3728 3755 3785 3531 3288 15000  11
