
Chip#1
267 313 406 409 401 312 470 394 449 399 475 363  0
264 313 399 408 403 317 468 390 449 390 485 363  1
265 311 400 409 405 313 474 394 458 392 479 363  2
262 310 398 406 398 311 471 389 452 391 475 363  3
271 310 400 409 405 317 471 393 456 395 484 363  4
265 313 401 407 406 315 467 396 456 398 482 363  5
266 305 396 406 404 310 467 388 452 390 478 363  6
262 311 398 403 399 317 471 388 452 386 478 363  7
263 310 399 405 400 312 468 388 452 389 480 363  8
266 304 402 404 402 307 471 387 455 394 482 363  9
268 317 400 410 401 314 467 391 457 391 478 379  10
272 319 408 413 410 321 480 400 459 401 482 15000  11
Chip#2
314 374 307 331 355 382 298 322 412 324 252 355  0
309 374 305 347 355 382 299 327 412 323 251 355  1
316 374 312 347 355 389 308 333 416 363 265 355  2
318 374 319 347 355 391 312 345 426 363 263 355  3
318 374 320 347 355 394 313 346 426 363 270 355  4
309 374 309 347 355 388 309 331 422 363 261 355  5
314 374 313 347 355 392 313 342 425 363 263 355  6
326 375 329 363 363 402 363 350 436 379 276 355  7
318 374 317 347 355 396 317 345 428 378 268 355  8
324 374 325 363 355 399 316 347 426 378 266 355  9
318 374 316 347 355 392 311 342 422 378 264 355  10
324 375 317 347 355 389 311 343 424 378 265 15000  11
Chip#3
374 372 374 279 230 347 381 273 391 390 331 263  0
373 372 374 277 228 347 382 272 392 321 331 263  1
373 372 374 279 228 347 385 270 392 363 279 266  2
374 372 374 282 230 363 385 274 398 363 281 270  3
374 372 374 279 229 347 382 273 392 363 280 264  4
373 372 373 275 230 347 385 271 393 325 275 261  5
374 372 374 276 226 347 382 272 395 363 331 263  6
373 372 373 276 228 347 386 272 395 321 276 263  7
373 372 374 278 227 347 383 273 392 363 280 265  8
374 298 374 277 230 347 385 275 395 363 279 267  9
373 363 374 278 229 347 384 273 392 363 274 261  10
373 347 373 273 225 347 380 270 390 320 331 15000  11
Chip#4
363 334 382 299 385 455 372 308 388 363 372 331  0
355 335 384 298 386 455 296 307 349 363 347 332  1
355 332 380 298 385 451 347 304 347 355 347 333  2
363 336 383 299 389 457 363 306 390 363 363 333  3
355 332 382 296 382 453 347 303 346 355 347 326  4
363 336 382 298 385 453 347 308 341 355 347 328  5
363 340 388 303 387 461 363 316 350 363 363 335  6
355 331 382 297 381 454 309 308 346 355 347 332  7
355 331 382 298 383 451 347 305 347 355 347 331  8
363 335 387 301 386 452 297 311 351 363 347 332  9
363 341 386 301 390 457 301 315 350 363 347 332  10
363 332 378 294 382 454 347 305 344 355 347 15000  11
