
Chip#1
117 120 110 121 121 106 137 159 110 104 102 102  0
174 175 131 197 206 140 487 481 164 123 131 101  1
162 175 129 192 211 168 464 467 164 129 131 111  2
138 130 114 119 120 113 164 175 112 107 109 103  3
234 225 135 136 143 133 506 520 164 126 131 105  4
193 191 121 128 131 128 491 505 135 123 131 103  5
137 130 112 117 118 109 165 175 110 110 131 101  6
219 209 126 129 134 141 550 509 134 136 131 103  7
192 179 119 130 128 138 520 488 133 136 147 106  8
141 134 112 115 114 112 186 175 106 115 109 101  9
228 228 143 135 139 184 569 487 164 160 163 114  10
187 179 119 123 124 168 522 450 126 147 147 15000  11
Chip#2
79 99 94 92 95 96 95 95 89 100 93 102  0
112 110 102 107 118 103 311 326 89 108 100 108  1
128 135 112 120 143 116 609 591 89 117 114 110  2
112 107 106 100 108 105 139 133 89 108 98 105  3
128 126 107 103 111 104 368 434 89 111 102 107  4
128 144 112 115 121 119 417 457 89 117 112 109  5
81 106 102 100 108 105 110 112 89 106 97 107  6
112 131 110 105 119 111 352 380 89 114 108 109  7
128 124 107 99 109 106 263 275 89 108 103 104  8
112 111 104 102 109 109 141 144 89 105 106 112  9
128 139 113 104 113 108 598 710 89 118 112 109  10
128 125 106 98 109 103 277 340 89 109 103 15000  11
