
Chip#1
103 102 103 107 107 98 101 108 100 103 97 99  0
111 109 114 116 112 111 121 110 107 118 103 105  1
102 104 167 195 105 165 222 112 149 238 114 100  2
102 111 119 132 102 124 146 110 127 180 106 98  3
105 102 108 110 108 105 114 109 103 100 100 99  4
105 112 231 249 109 172 231 114 144 206 111 102  5
102 107 142 152 104 141 168 108 133 183 106 98  6
101 104 105 110 107 108 108 108 104 105 100 102  7
108 109 196 209 110 171 185 114 109 107 107 102  8
104 101 161 155 104 162 178 109 104 97 100 100  9
111 111 113 115 109 111 113 117 111 109 105 110  10
108 101 105 106 110 103 102 111 103 105 102 15000  11
Chip#2
111 109 106 103 106 108 107 104 106 105 107 106  0
111 109 109 104 111 106 108 109 104 105 110 108  1
111 108 105 104 104 104 105 105 100 104 106 106  2
107 113 107 116 117 109 119 117 106 114 121 105  3
105 106 101 128 121 106 120 119 102 113 119 104  4
103 110 104 107 107 102 106 102 101 104 107 103  5
116 114 114 114 115 112 119 117 107 120 126 115  6
106 106 101 122 119 104 122 119 101 113 130 105  7
104 105 104 104 110 103 105 103 105 102 109 101  8
106 103 98 103 102 104 106 105 100 103 113 103  9
105 105 99 102 101 102 117 124 104 113 131 106  10
111 110 107 108 108 108 112 111 106 105 114 15000  11
