
Chip#1
372 372 291 410 383 347 341 319 308 290 298 347  0
372 372 288 409 381 347 330 316 309 286 296 281  1
372 372 295 418 390 363 342 329 313 294 303 347  2
372 372 308 424 385 379 351 322 330 300 299 280  3
373 373 363 429 387 379 363 327 326 297 304 347  4
372 372 292 409 384 347 336 318 313 289 299 284  5
372 372 309 428 391 363 343 328 317 294 305 347  6
372 372 305 424 388 347 337 320 312 289 299 285  7
372 372 294 416 389 363 344 326 316 292 304 288  8
372 372 288 408 384 363 340 317 310 286 297 347  9
372 372 292 411 384 347 338 322 310 289 301 285  10
372 372 291 412 386 347 337 322 311 285 299 15000  11
Chip#2
395 441 293 319 386 284 283 444 315 363 321 278  0
456 447 299 387 392 293 288 447 331 408 328 288  1
395 445 295 385 389 288 285 447 331 363 323 283  2
395 445 295 385 390 291 285 445 331 363 323 281  3
395 443 295 384 389 288 285 445 331 363 322 285  4
395 447 298 388 387 290 289 447 331 363 325 287  5
395 445 299 387 390 289 347 445 331 405 326 287  6
395 444 298 384 389 287 286 445 331 363 323 286  7
456 450 297 387 391 289 347 449 347 404 329 285  8
395 443 297 385 390 294 289 395 331 404 326 283  9
395 448 302 387 392 294 347 449 347 405 330 288  10
453 438 295 383 388 289 286 444 331 402 324 15000  11
