
Chip#1
104 102 104 110 105 103 106 103 109 93 101 104  0
106 102 102 110 105 111 112 103 109 107 102 101  1
102 105 121 140 102 127 153 104 126 154 105 104  2
103 102 104 118 102 116 130 101 114 132 106 102  3
101 102 103 107 103 104 109 101 107 97 101 99  4
108 100 151 165 110 135 160 105 122 142 109 108  5
103 107 123 130 107 124 137 105 123 138 107 105  6
103 104 104 110 107 104 107 98 109 96 102 101  7
105 106 144 149 105 129 145 110 112 104 103 108  8
101 101 123 124 101 124 138 102 106 91 100 101  9
108 106 103 112 107 105 108 102 111 93 102 108  10
111 110 107 110 109 111 114 110 116 103 111 15000  11
Chip#2
111 113 111 104 111 108 108 110 107 109 110 115  0
101 103 101 99 104 101 99 102 98 92 100 101  1
111 113 107 108 107 108 108 110 104 104 107 110  2
105 105 106 112 106 107 110 110 105 103 107 108  3
107 114 112 122 115 107 118 114 105 108 110 111  4
110 110 107 108 108 107 106 109 104 102 104 109  5
110 110 111 107 112 107 112 107 108 110 112 110  6
97 101 99 107 105 101 104 109 100 99 107 101  7
106 109 105 112 110 104 106 107 98 101 106 106  8
110 113 112 110 110 112 108 112 110 110 112 114  9
102 103 101 98 101 101 106 107 101 98 110 103  10
109 109 105 105 108 106 107 106 102 104 110 15000  11
