
Chip#1
119 120 111 129 104 115 108 106 104 114 120 118  0
121 113 110 110 110 117 110 106 106 113 115 120  1
107 107 107 109 106 113 107 105 105 110 105 109  2
111 116 633 515 114 736 581 112 664 493 116 114  3
100 109 654 557 104 522 379 106 440 323 109 111  4
108 110 114 129 113 116 108 106 107 113 112 112  5
109 113 517 503 111 144 132 108 130 138 106 112  6
107 109 461 446 107 138 130 106 120 123 109 112  7
112 112 110 113 114 117 108 110 106 112 114 114  8
109 112 110 129 109 149 139 106 133 139 109 113  9
109 113 106 129 107 139 127 112 121 127 114 114  10
117 118 111 129 115 120 111 110 107 117 114 15000  11
Chip#2
112 110 114 118 120 118 127 112 108 116 113 119  0
112 107 108 109 117 115 120 105 104 113 108 111  1
112 110 112 113 115 123 127 109 108 110 113 117  2
107 107 109 109 114 198 176 105 131 128 111 109  3
114 110 115 114 118 170 153 112 123 128 114 115  4
114 113 118 119 120 120 127 111 110 114 118 115  5
119 118 294 224 120 149 143 116 134 137 116 121  6
109 113 239 183 117 133 133 112 123 124 111 114  7
111 109 112 114 115 115 125 106 112 113 111 110  8
112 110 356 284 117 388 316 111 308 264 114 108  9
117 117 316 240 127 318 316 118 257 241 114 123  10
121 113 111 113 120 123 125 106 113 117 122 15000  11
