
Chip#1
385 384 310 424 400 363 363 342 321 305 328 379  0
391 380 308 422 398 363 363 341 323 302 317 363  1
390 380 311 428 397 395 411 344 340 314 313 363  2
389 380 1691 1495 403 1979 1618 353 1864 1369 310 295  3
390 380 1770 1582 396 1387 1095 342 1211 867 310 347  4
390 380 313 429 399 363 363 344 332 306 316 297  5
390 380 1372 1479 401 401 464 347 437 363 313 300  6
390 380 1257 1283 393 388 450 340 414 327 305 347  7
391 381 363 431 404 386 410 345 389 303 314 363  8
390 380 308 424 401 405 471 344 445 363 315 302  9
390 380 310 426 397 385 446 341 416 338 312 363  10
390 380 309 423 405 382 363 343 324 300 316 15000  11
Chip#2
463 457 308 400 403 308 298 457 347 416 338 301  0
411 452 303 398 399 298 347 455 347 410 338 298  1
411 456 307 400 403 310 299 459 363 415 337 301  2
411 457 309 400 400 435 397 460 379 425 334 298  3
461 450 307 399 399 415 378 459 379 421 335 298  4
463 457 311 401 399 305 295 461 363 417 336 299  5
411 458 512 479 400 363 363 458 379 430 337 298  6
411 458 478 452 402 315 302 459 363 426 336 300  7
411 458 313 400 402 306 299 460 347 416 340 299  8
411 461 569 523 404 577 498 464 598 524 339 301  9
411 457 532 483 400 516 447 460 557 500 337 301  10
411 457 310 400 401 305 297 459 363 412 339 15000  11
