
Chip#1
101 103 103 96 90 99 104 96 93 98 97 98  0
96 206 255 93 314 291 103 299 166 90 277 140  1
107 274 328 98 358 320 108 279 162 90 362 173  2
96 100 100 95 96 93 98 96 101 90 103 102  3
105 310 350 101 356 327 105 412 281 101 442 254  4
107 294 322 104 327 289 103 348 240 98 400 224  5
105 103 102 98 103 106 105 108 95 95 105 99  6
95 326 377 110 415 359 103 439 300 101 449 258  7
107 282 321 102 344 316 105 365 248 96 364 220  8
107 105 106 101 97 99 98 100 95 101 105 105  9
104 287 329 96 354 342 103 377 259 96 387 216  10
108 211 242 98 284 288 111 302 208 101 259 152  11
Chip#2
98 99 102 105 107 103 109 105 107 98 109 103  0
107 262 321 109 283 335 113 243 266 105 297 227  1
114 230 266 120 250 281 118 243 246 116 297 252  2
114 116 112 116 113 112 116 120 117 110 112 114  3
109 303 360 116 317 346 114 302 332 109 342 265  4
110 214 230 119 238 249 113 258 285 113 287 240  5
120 122 119 120 122 118 126 129 127 122 121 122  6
116 314 381 120 380 349 118 356 324 116 384 278  7
113 214 232 120 244 235 122 270 241 116 281 193  8
111 116 112 117 114 114 111 118 119 115 114 115  9
105 342 378 109 391 326 113 366 310 113 403 220  10
103 135 153 111 205 189 117 221 188 106 231 137  11
