
Chip#1
91 91 89 90 96 95 95 97 94 83 87 93  0
104 105 104 104 112 114 107 107 105 97 103 103  1
101 106 105 101 111 112 106 109 110 99 103 107  2
100 99 96 97 100 101 100 98 103 96 97 101  3
105 108 108 107 114 109 110 111 111 103 106 109  4
100 105 107 101 111 111 104 107 104 100 103 102  5
109 106 106 104 113 114 111 111 106 102 100 109  6
100 102 98 98 102 106 104 105 100 95 95 101  7
108 112 111 106 119 116 112 113 116 106 108 112  8
105 105 105 103 106 107 110 107 107 97 101 109  9
101 105 102 98 107 110 103 100 105 99 100 101  10
104 105 99 100 106 103 110 110 106 95 105 104  11
Chip#2
95 114 103 105 101 101 105 103 103 104 102 104  0
88 114 97 99 98 98 102 98 97 94 96 97  1
95 114 98 105 104 99 100 102 98 100 93 99  2
94 114 96 104 98 99 103 99 98 98 96 100  3
99 106 102 105 103 106 107 101 105 100 100 101  4
103 114 105 110 107 105 110 110 102 111 107 101  5
94 114 101 105 101 98 104 104 100 105 97 105  6
105 106 110 112 105 110 108 110 107 108 103 107  7
98 114 103 108 103 100 108 103 100 105 97 100  8
97 97 105 104 101 102 100 104 99 104 97 99  9
95 102 101 107 101 96 107 98 96 103 92 98  10
99 114 98 107 103 104 107 98 99 111 97 100  11
Chip#3
125 133 141 132 134 135 139 181 132 134 120 131  0
125 629 751 135 723 636 137 662 725 138 712 658  1
125 790 867 145 902 723 144 691 871 143 769 835  2
125 149 148 140 150 141 145 145 142 139 128 138  3
125 582 571 150 693 705 151 605 651 149 699 714  4
124 683 689 152 694 782 157 598 709 165 650 841  5
124 149 155 144 192 146 153 153 148 150 132 138  6
124 520 564 144 540 603 157 666 771 165 623 754  7
125 693 739 142 662 690 144 574 725 137 759 846  8
124 149 152 148 150 145 149 145 142 142 128 136  9
125 677 699 139 715 733 145 641 754 139 657 756  10
125 727 828 137 717 618 141 695 796 132 655 690  11
Chip#4
113 128 132 117 136 147 124 122 126 118 122 124  0
113 797 595 119 798 814 122 804 843 109 999 845  1
124 824 614 129 670 628 124 495 597 118 672 633  2
110 124 132 119 136 124 125 126 130 113 118 118  3
125 906 853 135 670 565 131 896 888 125 852 1020  4
121 933 723 131 547 461 131 601 636 118 459 606  5
120 128 137 130 152 132 131 134 131 125 128 126  6
122 721 736 132 780 815 135 611 951 118 730 1095  7
120 693 688 129 802 819 134 536 790 124 448 698  8
121 131 137 130 152 130 127 128 134 121 130 124  9
120 686 766 131 714 692 138 613 1043 128 1009 1204  10
114 602 812 125 551 644 128 483 765 118 474 524  11
