
Chip#1
121 132 114 124 134 117 147 159 110 113 111 109  0
181 189 129 208 220 146 516 533 164 129 131 106  1
159 176 120 192 215 141 495 502 138 123 131 98  2
141 138 115 119 122 117 169 180 110 112 111 101  3
243 240 129 145 139 137 542 568 164 122 131 105  4
208 211 126 136 141 168 531 562 164 128 147 112  5
135 135 109 118 119 115 174 191 107 112 109 102  6
233 229 136 140 144 168 608 568 164 138 147 106  7
200 195 125 136 136 147 563 537 138 140 131 109  8
143 144 117 121 116 116 191 191 110 119 131 102  9
228 232 136 136 134 184 607 518 132 158 163 108  10
189 185 117 123 118 168 555 492 121 148 147 15000  11
Chip#2
128 105 107 102 99 100 106 96 100 101 100 110  0
112 112 104 108 116 100 330 358 99 106 103 108  1
112 130 110 121 139 109 683 674 100 114 109 107  2
112 108 103 102 108 106 144 135 99 106 102 113  3
112 124 106 105 116 110 402 470 99 106 108 105  4
112 138 112 109 119 114 456 507 99 112 112 107  5
112 110 107 103 113 111 119 112 99 108 102 105  6
112 136 113 102 119 111 387 434 100 111 112 113  7
128 127 112 105 115 111 288 303 99 107 104 105  8
112 105 107 98 100 109 143 147 99 101 100 104  9
112 136 112 102 109 100 663 791 99 113 106 104  10
128 126 110 99 108 102 301 374 99 107 105 15000  11
