
Chip#1
73 182 157 6 36 92 54 85 97 123 183 221  0
41 165 379 358 52 284 614 101 163 580 189 175  1
25 172 2744 3504 188 3692 3937 474 2297 3906 1030 176  2
25 163 731 1007 52 1212 2766 207 978 3467 434 170  3
25 164 156 13 36 108 54 101 112 186 173 166  4
25 164 219 103 36 196 134 85 1578 3915 449 170  5
25 165 194 49 36 196 102 101 1080 3010 348 167  6
25 154 151 1 20 92 38 85 92 124 161 158  7
25 172 219 103 36 196 118 101 101 124 169 169  8
25 160 217 46 36 196 102 152 89 118 161 161  9
25 159 153 1 20 92 38 85 91 118 155 161  10
41 167 157 6 36 108 54 85 93 124 168 15000  11
Chip#2
239 191 201 140 40 259 127 130 166 154 150 103  0
239 191 201 140 42 259 128 135 168 159 150 100  1
239 96 194 78 37 259 124 127 160 154 150 95  2
239 98 263 590 250 259 507 437 166 387 435 100  3
239 86 295 890 433 259 698 470 159 395 420 95  4
239 95 199 197 59 259 145 140 164 150 151 93  5
239 94 209 286 134 259 138 138 164 161 163 102  6
239 95 270 677 399 259 143 146 167 163 166 102  7
239 191 205 201 82 259 135 138 173 156 150 98  8
239 92 195 79 35 259 130 136 166 153 151 93  9
239 191 200 140 42 259 141 152 166 167 172 104  10
239 95 200 140 41 259 131 135 168 154 151 15000  11
