
Chip#1
116 120 118 129 114 121 109 113 112 115 123 121  0
112 117 110 111 109 111 103 105 107 110 112 113  1
112 112 109 129 107 115 103 108 112 114 111 109  2
109 113 183 176 110 178 155 109 170 150 112 112  3
108 111 189 186 107 159 135 106 151 134 116 113  4
108 114 106 129 105 111 104 98 105 110 110 108  5
103 109 165 176 106 116 104 102 110 108 110 111  6
113 116 167 176 110 120 104 109 110 112 118 111  7
113 109 109 111 107 115 102 108 106 109 111 107  8
108 113 107 129 105 122 114 100 109 115 112 109  9
111 114 113 129 106 125 110 106 113 113 112 112  10
109 116 111 129 110 115 105 105 108 109 112 15000  11
Chip#2
109 107 100 104 110 110 116 101 98 105 108 106  0
107 105 92 98 108 103 107 92 93 99 103 102  1
109 105 100 101 108 108 113 97 98 105 108 108  2
107 106 96 97 107 111 115 99 101 103 107 102  3
109 109 99 102 110 110 113 98 97 108 107 105  4
111 109 99 98 111 107 115 98 101 103 107 102  5
109 106 108 109 105 107 107 94 100 102 106 105  6
112 109 108 109 111 110 117 98 102 103 106 106  7
109 106 97 101 111 112 111 97 102 101 107 108  8
108 106 111 114 108 119 125 99 109 114 110 109  9
111 109 112 110 110 119 121 98 110 110 106 108  10
111 105 103 102 111 114 113 97 100 107 110 15000  11
