
Chip#1
101 99 89 95 95 94 92 94 101 87 90 93  0
99 91 147 172 103 126 180 100 112 167 100 96  1
99 99 627 841 111 588 1135 145 380 1006 201 94  2
103 109 232 328 110 261 476 113 235 528 136 102  3
104 100 104 112 107 105 106 104 111 112 98 98  4
99 96 118 130 100 116 125 104 289 605 136 100  5
93 97 102 113 96 101 114 102 235 478 117 90  6
92 97 98 102 98 101 105 96 104 97 94 94  7
99 102 116 121 102 114 117 105 107 100 95 99  8
97 102 111 116 102 117 117 101 107 101 97 94  9
96 96 105 102 103 98 105 96 102 101 95 95  10
95 96 98 103 98 94 99 100 102 100 94 15000  11
Chip#2
104 103 103 103 104 101 100 103 98 101 101 103  0
105 103 103 104 106 98 104 103 98 104 101 103  1
106 103 104 107 110 106 102 107 101 104 107 105  2
100 98 106 224 151 101 256 204 98 195 236 100  3
101 100 127 359 226 109 347 258 95 224 255 103  4
100 100 100 125 113 101 114 106 96 104 100 99  5
102 103 105 157 130 106 102 102 98 103 109 103  6
97 97 114 311 214 97 104 103 93 99 107 94  7
101 99 99 135 118 101 100 102 96 103 102 99  8
104 103 100 107 107 103 104 103 96 104 106 104  9
102 100 98 103 102 101 105 106 96 104 110 101  10
106 105 104 107 107 101 105 102 95 103 105 15000  11
