
Chip#1
165 81 206 232 132 282 157 207 196 125 255 84  0
168 81 206 237 132 282 161 207 196 121 255 80  1
171 82 206 233 132 282 161 207 203 123 224 83  2
168 86 206 234 132 282 160 207 195 121 255 86  3
167 84 206 235 132 282 160 207 198 120 221 85  4
169 83 206 237 148 282 163 207 202 125 227 88  5
168 81 206 234 132 282 160 207 196 121 255 82  6
169 86 206 236 132 282 157 207 198 120 255 85  7
169 81 206 233 132 282 157 207 196 121 221 84  8
166 77 206 227 132 274 151 205 195 119 215 80  9
165 80 206 229 132 282 152 203 196 115 255 83  10
167 76 206 228 132 282 154 205 195 122 255 80  11
Chip#2
234 90 145 193 210 29 180 90 0 114 260 213  0
130 82 145 185 210 29 173 90 0 110 260 213  1
130 95 145 196 210 29 183 90 0 120 260 213  2
234 84 145 183 210 29 172 90 0 111 260 213  3
234 92 145 196 210 29 181 196 0 120 260 213  4
234 90 145 195 210 29 181 194 0 115 260 213  5
234 90 41 193 210 29 178 90 0 114 260 213  6
234 84 41 179 122 29 176 191 0 109 260 213  7
234 87 145 190 210 29 181 90 0 121 260 213  8
234 82 145 186 210 29 174 90 0 110 260 213  9
234 93 145 193 132 29 182 197 0 120 260 213  10
234 93 145 196 210 29 176 90 0 116 260 213  11
