
Chip#1
98 102 102 146 166 105 100 99 97 100 101 93  0
108 107 126 547 615 200 109 108 99 104 106 96  1
113 108 125 508 618 200 115 116 108 112 131 103  2
106 101 110 184 212 111 106 102 100 103 104 95  3
132 116 144 584 590 184 117 119 109 115 131 105  4
108 106 122 450 489 135 109 104 104 109 109 96  5
201 207 115 119 120 109 104 100 100 103 100 99  6
679 688 199 116 117 111 112 106 110 115 110 101  7
515 526 145 110 109 103 105 99 101 107 105 93  8
203 245 115 106 111 105 105 101 99 103 101 96  9
559 602 199 111 113 109 105 102 103 117 109 99  10
433 447 139 109 109 105 105 103 102 114 131 15000  11
Chip#2
112 101 100 102 98 99 98 100 99 99 100 103  0
112 111 103 331 496 114 101 98 99 101 102 107  1
112 112 112 599 908 158 106 106 99 107 105 112  2
112 109 107 132 170 105 102 103 99 106 102 107  3
112 107 98 397 619 115 101 97 100 104 98 103  4
112 110 104 482 766 126 110 104 99 106 104 107  5
112 124 102 110 115 108 103 103 99 105 99 107  6
342 932 217 100 101 104 104 109 99 108 104 107  7
312 828 197 104 103 108 107 107 99 112 104 107  8
112 160 104 93 100 100 98 98 99 98 96 103  9
314 927 264 108 106 104 107 108 99 109 112 108  10
210 534 179 102 103 102 102 104 100 107 105 15000  11
