
Chip#1
104 107 111 110 112 111 114 115 102 99 104 99  0
141 130 115 142 147 121 247 256 121 107 111 101  1
117 127 116 139 146 117 240 246 115 112 110 101  2
106 106 103 105 106 108 117 122 101 95 96 92  3
158 147 119 122 119 119 255 266 122 108 131 105  4
146 137 112 112 112 115 242 256 120 112 106 100  5
111 113 110 110 106 111 125 126 107 103 105 100  6
153 144 120 119 120 120 270 257 121 115 131 101  7
145 128 114 110 111 116 244 239 115 108 109 95  8
110 113 111 111 109 111 130 119 104 105 111 99  9
147 139 119 115 111 125 257 235 109 114 131 96  10
144 132 107 116 111 123 247 226 112 121 131 15000  11
Chip#2
89 102 107 97 100 103 97 98 99 102 102 107  0
86 98 104 95 104 99 181 178 99 101 102 103  1
112 113 103 103 113 98 292 286 99 100 99 103  2
85 101 100 91 95 98 110 110 99 96 90 103  3
112 117 109 102 110 105 206 219 99 107 110 115  4
112 114 104 100 105 103 211 228 99 100 102 107  5
112 106 104 100 100 103 102 104 99 102 100 109  6
94 114 108 103 103 103 189 194 99 107 105 111  7
128 114 110 102 109 108 161 178 99 109 106 112  8
112 101 100 89 98 99 106 107 99 98 98 103  9
112 115 110 99 106 100 279 310 99 104 102 110  10
112 107 102 94 95 93 151 178 99 100 99 15000  11
