
Chip#1
363 363 293 412 385 363 363 327 310 291 301 347  0
363 363 292 412 388 347 341 330 311 290 300 292  1
363 363 296 416 387 347 363 332 317 294 300 290  2
295 298 572 635 386 667 597 327 611 516 302 283  3
363 363 583 655 390 498 516 331 517 442 303 287  4
363 363 295 413 387 347 342 329 312 290 299 287  5
363 363 514 635 388 379 405 330 325 299 297 347  6
363 297 496 546 385 363 363 331 317 296 298 285  7
379 363 296 417 386 363 363 331 314 291 297 347  8
363 363 290 409 385 363 406 325 319 299 296 347  9
363 363 292 411 383 363 363 326 311 292 297 285  10
379 363 292 414 386 363 391 329 310 287 301 15000  11
Chip#2
395 441 296 386 388 289 283 440 347 403 325 284  0
458 448 296 390 391 294 284 447 347 406 330 288  1
395 447 300 388 392 295 285 451 347 406 329 286  2
395 446 297 386 391 302 347 446 347 408 327 286  3
395 447 298 387 391 302 291 449 347 408 325 289  4
395 448 299 391 392 295 288 448 347 411 325 290  5
395 440 319 398 390 294 282 446 363 408 325 286  6
395 451 318 400 395 293 286 451 347 408 326 288  7
395 444 293 386 392 290 283 446 347 404 326 287  8
395 445 363 412 389 363 363 448 379 424 326 285  9
395 445 319 406 387 389 299 445 379 419 327 287  10
453 444 298 386 391 293 282 450 347 404 326 15000  11
