
Chip#1
111 113 110 109 101 110 99 101 102 112 118 118  0
125 120 115 129 107 122 109 106 112 109 118 118  1
111 110 111 129 105 116 107 105 110 112 109 112  2
117 120 638 520 119 736 590 122 695 514 120 120  3
104 110 655 562 102 518 381 106 456 338 110 109  4
108 113 106 129 104 111 102 104 109 107 108 103  5
113 114 525 517 110 141 128 110 134 127 110 111  6
109 114 487 463 107 136 121 106 122 119 114 108  7
112 113 113 129 109 117 104 110 109 112 111 112  8
107 112 107 110 107 138 125 104 133 134 109 108  9
107 112 107 113 102 130 117 108 118 124 111 109  10
117 120 116 129 116 118 110 113 114 113 120 15000  11
Chip#2
114 109 105 108 114 111 117 108 108 107 113 109  0
111 109 102 105 114 110 113 98 104 107 108 108  1
109 109 102 109 117 111 120 102 104 106 110 113  2
111 106 100 102 114 173 155 106 122 118 111 108  3
112 105 99 106 113 149 140 102 116 116 108 109  4
118 111 106 112 118 115 123 106 106 112 114 110  5
112 113 272 210 115 128 131 104 119 124 110 109  6
108 111 221 168 115 123 124 106 112 120 107 106  7
118 113 108 114 124 119 124 112 112 117 113 115  8
111 110 339 270 120 362 301 104 291 258 108 109  9
117 117 290 220 120 290 236 108 244 227 111 117  10
121 115 105 114 121 117 131 108 116 113 117 15000  11
