
Chip#1
73 186 156 5 36 108 54 85 96 131 179 193  0
25 168 391 363 36 284 614 101 165 586 198 183  1
41 172 2723 3520 188 3692 3941 478 2296 3912 1026 180  2
9 159 731 1006 36 1112 2662 202 974 3400 430 163  3
25 167 167 17 36 108 54 85 111 190 180 173  4
25 163 219 102 36 196 134 101 1575 3915 450 169  5
25 161 192 41 36 124 86 101 1078 3010 348 166  6
25 159 160 5 36 92 54 85 100 127 165 163  7
9 160 219 99 36 196 102 85 96 119 163 161  8
9 154 215 53 20 196 86 69 90 121 160 164  9
25 166 155 5 20 92 38 69 91 118 166 164  10
25 160 157 4 36 92 38 85 89 117 165 15000  11
Chip#2
239 191 206 89 43 259 128 135 172 157 152 104  0
239 101 203 140 39 259 125 129 162 153 146 97  1
239 95 199 140 40 259 132 133 162 159 150 98  2
239 96 261 587 253 259 507 438 169 389 435 104  3
239 95 305 907 451 259 603 470 170 409 432 104  4
239 98 203 197 68 259 147 143 168 161 152 97  5
239 94 204 283 124 259 131 135 161 157 158 91  6
239 100 272 683 405 259 142 148 167 165 167 99  7
239 99 205 198 83 259 129 138 167 158 148 97  8
239 101 203 140 43 259 132 141 163 160 160 99  9
239 95 197 140 37 259 137 148 162 162 167 99  10
239 103 208 86 48 259 134 141 169 161 156 15000  11
