
Chip#1
109 105 102 102 102 99 98 103 102 99 95 101  0
102 102 142 166 107 126 173 107 112 159 100 98  1
97 99 536 706 109 498 952 141 335 849 179 95  2
102 105 199 291 107 237 412 109 201 462 130 98  3
102 101 105 101 101 101 108 101 108 111 102 98  4
96 100 115 120 102 108 123 100 254 519 124 92  5
95 101 105 108 102 108 114 101 209 422 116 92  6
99 104 97 99 103 95 102 97 103 100 95 93  7
90 93 106 103 94 101 105 95 96 93 90 88  8
102 106 110 113 104 114 121 103 107 100 100 101  9
104 99 98 101 101 100 104 103 104 99 94 99  10
98 96 97 103 97 97 106 98 100 93 95 15000  11
Chip#2
103 104 103 104 104 101 106 102 98 101 101 105  0
105 106 107 103 112 104 106 105 105 108 102 105  1
107 101 104 105 108 103 107 104 102 102 104 108  2
106 100 110 152 124 103 168 146 102 143 158 103  3
97 97 109 196 151 101 190 164 95 148 157 98  4
99 100 100 110 104 98 102 99 98 103 95 95  5
110 105 103 129 119 104 106 104 101 109 106 109  6
101 98 106 176 152 97 98 105 99 102 104 101  7
101 97 95 112 106 99 98 96 96 99 97 96  8
105 105 109 104 105 106 101 103 102 108 105 100  9
100 93 96 100 95 91 99 98 96 97 96 99  10
89 90 94 93 95 92 93 95 89 90 95 15000  11
