
Chip#1
173 83 206 240 132 282 163 207 200 123 224 88  0
231 78 206 231 148 321 154 207 247 117 264 81  1
231 89 206 241 132 326 166 207 202 123 227 90  2
174 84 206 237 132 282 160 207 198 122 225 84  3
231 90 206 237 148 282 163 207 202 125 228 91  4
231 92 206 245 148 328 171 207 204 132 231 94  5
169 86 206 233 132 282 161 207 197 125 255 85  6
175 88 206 241 148 324 165 207 198 126 228 88  7
231 81 206 238 148 321 162 207 197 121 255 84  8
179 88 206 237 148 325 167 207 202 125 230 89  9
175 87 206 232 148 323 161 207 198 121 255 86  10
231 84 206 236 132 282 163 207 198 125 255 83  11
Chip#2
234 90 145 184 210 29 179 90 0 114 260 213  0
234 86 145 193 210 29 179 90 0 115 260 213  1
234 90 145 188 210 29 181 90 0 114 260 213  2
234 80 145 184 210 149 170 185 0 101 260 213  3
234 82 145 192 210 29 179 194 0 118 260 213  4
234 89 145 195 194 149 188 194 0 113 260 213  5
234 90 145 193 210 29 180 194 0 116 260 213  6
234 92 145 198 210 149 188 202 0 121 260 213  7
234 89 145 192 210 29 175 185 0 113 260 213  8
234 89 145 195 210 29 181 195 0 123 260 213  9
234 90 145 193 210 29 181 90 0 114 260 213  10
234 89 145 193 210 29 181 90 0 118 260 213  11
