
Chip#1
105 102 102 105 102 104 102 92 101 100 97 94  0
105 107 106 110 106 106 116 111 103 98 101 98  1
105 105 105 109 111 111 116 110 108 98 111 99  2
106 101 105 109 109 113 107 103 106 102 105 100  3
105 106 107 109 111 107 115 116 104 96 100 94  4
108 108 111 106 105 108 116 112 108 104 104 101  5
100 99 101 102 101 99 96 91 95 98 98 87  6
99 100 103 106 101 105 110 103 100 95 96 94  7
105 106 108 107 107 112 112 115 104 103 101 98  8
105 107 111 111 106 103 106 104 107 107 105 98  9
110 105 106 113 106 107 117 112 104 104 104 98  10
108 105 106 103 108 107 117 109 103 100 102 15000  11
Chip#2
80 100 96 88 101 94 91 89 99 96 95 98  0
112 108 108 98 104 99 105 110 99 106 104 107  1
85 110 100 95 100 97 112 113 99 102 99 104  2
84 105 102 99 100 98 98 97 99 105 97 108  3
71 92 88 86 86 88 95 96 99 89 90 94  4
80 105 100 91 95 98 103 103 99 100 100 102  5
77 99 95 92 95 92 89 93 99 98 95 108  6
112 112 104 103 103 98 109 107 99 106 104 112  7
112 106 102 99 105 102 107 103 99 105 103 110  8
112 108 102 100 103 98 97 98 99 100 98 108  9
86 111 103 95 104 98 115 114 99 100 99 109  10
112 108 103 95 105 96 101 102 99 100 95 15000  11
