
Chip#1
101 104 99 101 100 106 101 102 101 92 96 95  0
96 97 96 98 94 101 98 96 96 86 97 92  1
101 100 102 102 98 107 107 100 104 95 103 96  2
103 96 98 102 100 106 104 98 101 96 95 95  3
106 105 105 112 101 109 109 105 107 104 107 104  4
110 107 110 110 102 109 111 107 107 109 103 108  5
101 105 102 107 103 105 111 107 102 95 101 101  6
98 96 96 96 95 98 101 96 97 90 97 96  7
101 104 102 106 100 104 108 101 108 97 101 98  8
108 109 107 110 108 107 115 105 107 107 107 107  9
105 100 102 102 100 105 108 101 102 103 102 100  10
99 99 99 97 97 103 101 98 99 90 100 15000  11
Chip#2
97 99 98 102 102 101 98 98 96 96 97 98  0
100 103 99 102 105 102 104 102 99 98 99 101  1
96 103 99 105 102 97 99 99 96 95 99 100  2
103 106 104 105 104 102 105 100 100 98 100 101  3
101 98 100 102 100 97 100 102 95 97 96 100  4
102 108 105 108 105 103 104 100 101 102 100 103  5
99 99 99 99 99 99 98 97 99 95 99 100  6
102 99 99 103 99 102 101 97 99 97 99 99  7
111 110 110 109 107 108 105 106 105 98 106 109  8
107 104 105 108 106 104 102 103 102 103 105 106  9
103 104 102 102 106 102 99 102 101 98 100 103  10
102 104 104 105 104 102 106 99 101 101 100 15000  11
