
Chip#1
109 115 111 118 121 107 130 131 104 105 99 103  0
174 179 133 196 207 168 450 457 164 133 147 115  1
151 160 122 182 199 140 425 427 133 124 131 101  2
135 129 117 123 122 112 158 177 110 115 109 103  3
220 209 133 134 140 131 465 476 164 123 131 106  4
182 186 121 130 130 132 449 472 164 121 131 101  5
139 134 120 123 124 116 168 175 113 115 131 111  6
209 202 129 134 133 168 511 478 164 137 147 111  7
184 173 119 125 127 135 487 456 131 133 131 108  8
133 131 112 109 106 107 172 159 104 109 104 98  9
213 211 139 133 130 184 524 448 129 152 147 109  10
192 185 128 132 127 168 489 432 129 153 147 15000  11
Chip#2
112 106 106 99 104 104 98 97 89 104 103 108  0
112 115 108 108 116 108 296 303 89 109 108 112  1
128 126 108 114 130 111 575 547 89 115 109 107  2
112 109 106 100 105 104 132 127 89 104 97 105  3
128 126 108 107 118 110 348 386 89 112 108 108  4
128 142 115 109 120 117 391 434 89 111 108 114  5
112 107 106 103 113 106 112 113 89 104 103 112  6
128 129 112 107 116 111 330 356 89 111 108 109  7
112 119 106 103 110 102 248 260 89 106 105 105  8
112 107 102 95 99 104 133 136 89 104 100 105  9
112 135 104 97 111 104 567 654 89 112 105 108  10
128 131 113 98 111 106 269 319 89 112 109 15000  11
