
Chip#1
89 188 157 10 36 108 54 101 100 126 185 193  0
25 165 385 361 36 284 614 101 159 579 192 172  1
9 173 2740 3504 84 3692 3941 469 2290 3905 1026 173  2
25 170 731 1012 52 1212 2766 210 983 3483 433 175  3
9 161 154 6 36 108 38 85 105 186 171 163  4
9 164 219 101 36 196 134 101 1578 3915 450 165  5
9 164 186 40 36 124 86 85 1072 3010 346 164  6
25 163 153 10 36 92 38 85 102 123 166 160  7
25 161 219 93 36 196 118 153 92 115 164 158  8
25 169 219 59 20 196 102 85 93 122 163 161  9
25 164 151 1 20 92 38 85 89 114 159 156  10
25 167 153 0 20 92 38 85 84 115 160 15000  11
Chip#2
239 191 206 90 42 259 132 141 169 162 152 109  0
239 191 199 140 37 259 126 134 166 156 145 102  1
239 191 203 90 44 259 135 141 175 163 157 107  2
239 191 264 593 253 259 523 447 176 388 435 113  3
239 98 306 902 450 259 603 470 172 407 429 106  4
239 95 200 197 62 259 149 143 167 157 149 100  5
239 191 207 284 137 259 138 144 169 216 163 102  6
239 207 277 690 409 259 151 158 175 232 171 108  7
239 93 202 197 78 259 128 140 166 153 143 95  8
239 95 203 89 43 259 133 144 173 163 163 100  9
239 93 201 140 41 259 143 153 169 167 171 106  10
239 191 201 140 43 259 131 143 170 216 155 15000  11
