
Chip#1
104 106 104 102 111 106 107 107 105 101 100 108  0
105 126 131 108 136 129 111 129 125 103 132 119  1
105 184 181 116 176 168 113 189 174 105 196 144  2
101 108 105 104 115 112 110 112 109 100 106 107  3
102 142 149 98 150 130 106 139 125 97 141 119  4
98 167 165 100 178 154 100 169 158 92 183 127  5
107 108 105 106 111 109 108 108 109 102 104 106  6
102 143 149 103 150 134 112 152 142 97 150 121  7
104 171 181 98 175 151 107 185 158 96 178 136  8
98 102 106 100 105 104 104 105 106 94 99 96  9
97 148 149 97 150 131 102 153 126 95 160 119  10
102 151 149 97 166 155 110 175 142 95 167 124  11
Chip#2
100 106 107 108 105 111 110 104 106 111 103 111  0
113 128 106 118 134 106 116 118 103 111 106 105  1
123 143 108 147 161 110 146 154 111 157 148 110  2
95 95 101 104 93 99 101 101 98 99 93 100  3
128 126 108 131 125 112 128 128 111 122 112 111  4
128 125 99 130 125 105 147 149 105 152 133 105  5
88 95 95 95 93 98 100 99 98 98 91 99  6
125 130 101 136 121 104 122 110 100 116 107 101  7
128 130 102 141 122 101 146 129 103 165 130 107  8
98 114 108 106 102 105 110 104 106 105 96 105  9
139 130 97 137 99 96 127 103 91 131 95 95  10
128 130 103 164 123 107 151 119 105 164 109 104  11
