
Chip#1
111 109 107 110 105 111 109 105 106 107 110 112  0
108 106 105 129 105 111 105 108 105 109 115 108  1
107 99 102 105 100 107 104 106 102 103 102 104  2
111 107 110 129 109 110 105 108 108 108 108 111  3
115 110 114 129 114 116 114 116 110 118 114 118  4
107 105 105 110 100 106 104 104 101 108 105 108  5
105 105 102 107 104 108 100 104 104 107 104 105  6
115 112 113 129 113 118 108 114 105 114 110 111  7
104 99 101 105 100 104 100 96 101 104 101 99  8
111 109 113 129 111 113 111 106 106 109 109 114  9
105 103 102 109 98 108 100 104 101 105 105 103  10
111 107 110 129 109 111 105 101 104 105 109 15000  11
Chip#2
109 106 111 104 117 112 120 105 100 112 113 113  0
107 103 103 102 107 111 113 104 97 107 108 106  1
111 107 105 106 113 117 117 108 103 109 108 114  2
109 105 103 102 111 111 119 102 101 107 110 108  3
111 111 111 109 115 115 123 109 105 114 107 110  4
109 109 108 106 113 117 121 108 105 112 111 111  5
112 106 108 110 114 117 120 111 106 113 113 114  6
115 113 112 113 121 119 124 113 108 114 113 115  7
109 102 105 101 111 111 115 104 98 110 110 110  8
114 105 112 105 114 114 120 105 103 112 113 114  9
111 113 109 109 113 114 121 112 104 114 111 111  10
112 107 109 108 118 118 120 105 108 112 113 15000  11
