
Chip#1
112 112 106 112 111 109 109 108 112 105 108 111  0
114 102 116 120 111 115 121 110 116 120 111 106  1
115 115 171 203 110 172 230 118 163 238 127 112  2
111 110 123 138 116 134 161 111 132 187 109 108  3
108 104 110 114 107 109 113 104 108 109 103 108  4
110 106 235 255 115 172 239 114 147 190 116 109  5
109 107 148 163 111 148 183 113 136 190 113 102  6
108 101 110 116 112 110 113 108 109 101 102 102  7
109 114 196 210 116 171 190 111 113 109 107 107  8
111 106 159 160 111 164 184 111 111 111 106 106  9
115 112 110 116 112 112 114 111 117 111 107 110  10
117 107 107 113 109 111 111 107 113 111 105 15000  11
Chip#2
112 114 107 112 116 109 113 113 111 110 111 111  0
110 110 110 110 107 112 112 111 107 107 109 110  1
106 110 107 108 111 112 110 106 102 107 106 109  2
112 115 114 120 116 114 129 120 112 117 119 112  3
111 115 112 139 129 114 131 125 112 123 121 112  4
115 120 119 117 118 114 119 114 113 110 114 117  5
109 110 114 114 114 108 114 114 108 111 121 111  6
109 113 114 133 129 113 131 126 108 124 130 111  7
112 115 115 118 119 117 116 112 110 112 115 111  8
111 115 112 112 113 113 113 116 111 112 123 114  9
109 114 111 107 108 108 126 128 110 119 133 112  10
113 114 115 112 112 113 117 114 114 111 110 15000  11
