
Chip#1
113 117 109 129 107 115 103 108 112 112 115 116  0
107 111 105 129 106 107 98 106 106 108 110 111  1
108 116 111 129 115 115 105 110 108 110 112 113  2
112 114 197 190 107 208 166 105 187 161 112 112  3
105 113 206 201 111 167 142 106 155 137 111 114  4
105 109 105 129 101 111 102 98 100 105 108 104  5
108 107 180 193 107 117 108 105 107 112 104 112  6
105 105 176 185 106 116 105 105 106 109 109 105  7
117 111 116 129 113 116 108 112 109 110 112 117  8
108 114 109 129 109 126 119 100 113 115 108 109  9
111 113 109 129 107 127 113 108 109 117 112 114  10
113 116 113 129 115 115 107 110 109 110 119 15000  11
Chip#2
108 99 100 98 111 105 115 99 98 102 102 105  0
102 101 95 98 107 107 112 97 97 103 100 104  1
104 99 96 98 105 104 107 91 97 99 100 102  2
111 107 98 102 111 112 117 99 101 105 104 106  3
108 105 99 97 108 108 113 95 100 105 104 106  4
104 102 93 100 107 105 108 92 96 101 102 100  5
109 103 111 109 105 108 112 99 96 105 104 104  6
114 110 118 113 118 114 119 102 105 114 111 111  7
107 103 97 101 113 110 111 95 97 101 103 105  8
114 106 121 117 115 126 124 99 110 118 104 105  9
111 106 112 109 113 119 119 97 108 113 104 105  10
109 107 99 98 108 108 112 98 100 103 107 15000  11
