
Chip#1
113 116 107 129 106 117 102 105 107 107 114 121  0
121 110 109 107 107 113 102 105 105 109 115 116  1
112 114 116 129 111 122 113 109 110 117 114 114  2
117 118 606 501 115 707 564 118 634 479 118 117  3
109 112 633 547 109 496 373 113 430 316 109 114  4
109 113 111 129 109 120 104 102 109 110 109 111  5
111 114 473 488 110 145 132 113 133 130 111 112  6
111 113 445 438 113 143 127 110 120 124 115 114  7
108 113 111 129 114 117 108 108 109 109 111 114  8
116 114 114 129 113 150 138 109 139 140 115 118  9
112 118 116 129 109 140 125 110 121 125 115 117  10
112 110 111 115 111 117 104 110 105 108 114 15000  11
Chip#2
109 110 105 106 113 115 121 109 104 107 111 110  0
105 107 102 104 107 112 120 101 98 105 104 111  1
108 107 103 105 113 115 117 105 103 106 106 108  2
112 109 103 110 115 176 153 109 119 125 111 118  3
115 111 109 106 117 158 142 105 118 121 116 113  4
108 110 111 109 114 117 119 105 101 107 106 111  5
111 113 229 179 113 130 129 109 121 122 108 115  6
109 109 202 161 115 127 128 106 116 116 108 117  7
105 106 103 106 110 118 119 105 102 107 106 110  8
114 111 282 233 115 310 252 108 244 223 110 109  9
109 114 256 232 114 256 206 105 197 201 112 115  10
112 109 108 110 114 119 124 109 106 109 116 15000  11
