
Chip#1
25 158 140 0 4 92 38 69 80 108 154 165  0
9 146 204 73 20 124 206 85 98 217 155 155  1
9 154 718 810 20 964 1742 219 575 1695 339 155  2
9 157 262 236 20 348 630 85 293 885 218 161  3
25 153 150 3 20 108 38 85 96 126 161 160  4
0 158 172 19 4 92 54 69 431 955 218 159  5
0 154 154 2 4 92 38 69 319 731 202 158  6
9 151 151 2 20 76 38 69 93 109 156 155  7
9 153 173 20 4 92 54 69 84 109 156 150  8
9 150 160 6 4 92 54 69 82 108 151 153  9
9 150 140 0 4 76 22 69 89 108 155 153  10
9 149 142 0 4 76 22 69 81 106 151 15000  11
Chip#2
239 98 199 140 37 259 125 128 162 151 147 97  0
239 98 199 79 37 259 126 128 161 147 146 89  1
239 99 203 89 41 259 133 137 168 159 156 98  2
239 90 224 444 157 259 445 270 162 321 355 95  3
239 94 283 646 329 259 444 408 168 335 350 102  4
239 93 203 188 56 259 142 141 167 157 151 95  5
239 92 199 227 101 259 127 131 159 154 149 90  6
239 93 233 514 300 259 139 143 165 160 160 99  7
239 92 197 197 67 259 130 129 161 148 146 94  8
239 92 197 140 34 259 128 135 163 150 153 90  9
239 92 197 84 40 259 137 142 163 160 163 98  10
239 91 194 79 35 259 126 131 162 154 148 15000  11
