
Chip#1
113 113 107 129 109 116 106 108 107 113 116 117  0
113 117 109 129 111 115 106 109 108 114 109 121  1
112 112 110 113 109 118 108 109 113 117 114 117  2
113 117 395 338 118 464 360 118 416 323 116 117  3
111 120 398 361 114 339 264 113 296 222 112 114  4
109 117 115 129 111 116 105 108 108 117 110 112  5
105 110 315 317 110 130 122 110 118 120 105 109  6
107 107 288 286 106 126 111 102 112 114 112 108  7
103 107 102 110 107 111 104 102 101 108 106 107  8
107 111 103 129 109 127 114 101 120 120 108 109  9
102 106 99 99 100 118 105 97 104 107 101 103  10
111 118 114 129 113 117 108 108 106 112 115 15000  11
Chip#2
94 95 95 97 103 101 109 94 94 99 99 100  0
102 101 100 94 103 108 112 95 94 102 103 101  1
104 101 103 101 104 105 111 98 97 105 106 105  2
102 103 99 101 110 124 124 99 109 109 106 105  3
102 103 105 104 107 121 123 99 103 106 104 111  4
102 101 103 106 104 107 113 98 98 105 100 106  5
108 105 147 130 107 117 121 102 109 112 108 110  6
102 99 126 114 107 107 113 97 102 106 102 105  7
109 103 102 109 111 115 119 108 104 109 110 110  8
108 107 164 147 110 174 161 102 143 141 107 109  9
102 103 144 125 110 149 140 95 130 128 103 109  10
108 105 103 102 110 108 112 102 102 103 107 15000  11
