
Chip#1
98 93 93 96 102 97 100 97 94 95 94 91  0
93 98 100 93 99 100 101 101 95 96 98 97  1
97 97 101 96 104 107 101 101 97 96 102 93  2
100 100 102 96 106 107 106 102 102 97 99 98  3
99 97 93 90 104 102 101 98 94 94 98 92  4
104 100 103 101 109 105 109 99 99 101 108 104  5
92 95 93 94 103 99 103 97 96 96 96 95  6
107 108 109 107 111 111 112 104 106 98 105 112  7
95 97 95 91 99 96 100 98 92 92 94 95  8
99 99 100 97 105 105 107 102 102 98 98 96  9
95 96 96 93 99 97 97 99 92 91 96 94  10
92 95 100 89 97 95 100 97 95 89 96 90  11
Chip#2
102 104 107 108 107 111 109 107 110 104 104 104  0
169 326 100 180 234 105 153 166 104 128 113 99  1
230 390 102 304 400 108 307 376 108 489 474 105  2
102 98 104 106 101 102 105 102 106 106 105 107  3
254 261 107 277 250 107 223 206 111 193 147 106  4
263 297 100 337 313 100 359 367 107 489 347 100  5
102 101 104 107 100 105 104 105 106 106 98 103  6
310 297 111 264 186 110 259 190 110 249 159 106  7
310 312 106 301 234 106 416 301 107 599 326 105  8
97 99 101 108 97 99 101 97 107 102 101 101  9
367 266 102 402 202 108 362 174 107 291 129 105  10
254 202 100 378 202 98 488 234 103 457 164 99  11
