
Chip#1
121 121 111 129 109 116 108 112 109 115 123 122  0
122 120 116 129 110 121 105 109 112 115 116 120  1
111 114 115 129 111 118 108 110 118 115 114 111  2
116 124 638 521 118 752 588 121 694 529 122 118  3
116 124 674 571 118 534 389 118 469 346 122 120  4
112 116 115 115 114 118 107 108 116 113 115 114  5
111 117 525 518 110 139 125 104 129 128 116 112  6
108 112 471 459 109 134 122 105 121 122 110 108  7
117 113 116 129 118 121 107 113 112 114 120 116  8
107 110 107 129 111 141 127 101 137 133 111 108  9
113 120 116 129 113 141 124 112 122 129 119 117  10
111 111 116 129 113 113 103 105 113 113 111 15000  11
Chip#2
108 113 108 110 118 115 119 105 104 109 113 109  0
109 105 99 105 111 114 117 99 100 108 111 108  1
111 109 102 106 114 115 120 101 103 108 110 106  2
118 119 115 110 121 193 173 109 134 129 117 118  3
115 117 108 114 121 165 152 109 126 122 117 111  4
119 118 112 114 127 124 129 106 108 113 118 114  5
115 117 303 233 123 141 139 105 131 132 116 114  6
111 113 250 183 118 127 128 105 122 122 113 111  7
114 111 108 112 117 120 125 108 110 112 113 113  8
114 121 378 303 124 416 331 109 325 286 112 113  9
118 119 322 238 121 329 270 109 262 253 117 115  10
125 115 111 113 125 123 124 111 116 118 126 15000  11
