
Chip#1
395 379 295 416 388 363 363 333 313 294 311 363  0
379 379 301 420 393 363 363 337 320 296 311 306  1
379 379 301 420 393 402 403 339 329 300 306 363  2
363 379 1303 1179 395 1501 1271 345 1387 1056 309 347  3
363 379 1337 1252 390 1043 867 339 995 667 300 347  4
379 379 300 417 390 363 398 334 314 291 300 347  5
363 363 1073 1163 394 381 438 339 363 330 303 347  6
363 379 998 1033 396 381 435 340 363 318 308 347  7
379 379 302 425 394 378 363 341 323 300 310 297  8
379 379 303 419 400 386 447 339 427 345 306 296  9
379 379 297 416 391 384 425 333 339 321 303 347  10
363 363 298 421 393 382 363 338 318 292 306 15000  11
Chip#2
462 452 307 400 401 304 295 457 363 414 337 301  0
395 450 304 393 395 298 288 452 347 411 330 294  1
455 451 299 390 392 297 285 451 347 408 330 293  2
411 454 305 398 396 415 384 457 363 424 334 299  3
461 454 306 398 402 403 383 459 379 417 337 296  4
463 456 309 400 403 301 296 456 363 415 335 297  5
462 455 470 451 400 389 301 458 379 426 335 297  6
460 453 445 431 396 308 296 455 363 418 333 296  7
463 454 307 398 400 302 293 456 363 414 335 297  8
463 454 506 485 398 513 451 457 556 488 337 295  9
460 455 481 449 398 469 417 454 519 471 332 293  10
461 454 304 395 395 300 290 453 363 414 337 15000  11
