
Chip#1
372 373 291 410 382 372 391 329 314 287 302 347  0
372 373 295 412 387 372 390 330 315 290 300 347  1
372 372 299 414 385 372 391 334 314 288 300 285  2
372 372 390 442 387 374 419 331 363 313 301 286  3
372 373 392 446 389 374 413 333 336 305 304 347  4
372 372 295 414 389 347 363 329 315 291 302 287  5
372 373 382 445 386 363 363 331 317 292 302 347  6
372 372 379 436 386 363 388 333 313 286 302 281  7
372 372 293 413 384 347 342 333 314 286 301 287  8
347 372 289 412 385 363 363 323 313 285 296 282  9
363 372 292 409 382 363 363 330 316 289 301 347  10
363 372 297 411 389 347 391 334 314 287 301 15000  11
Chip#2
411 454 307 395 398 301 347 455 363 413 363 305  0
411 461 306 398 402 301 295 459 363 413 341 304  1
472 462 310 399 403 305 298 463 363 416 340 302  2
471 462 309 396 403 385 363 459 363 417 341 304  3
411 458 305 394 402 305 299 458 363 415 340 302  4
469 458 306 395 401 301 297 459 363 412 340 302  5
468 458 413 411 402 302 347 459 379 415 363 299  6
471 458 363 408 404 302 296 462 363 420 339 305  7
411 454 306 396 400 303 298 453 363 412 338 304  8
411 460 363 419 403 405 382 458 379 432 338 304  9
411 457 363 410 399 391 382 456 379 425 339 307  10
478 464 312 398 406 308 303 464 363 419 343 15000  11

Chip#1
363 373 298 414 388 363 363 336 320 291 309 347  0
347 372 287 404 381 347 337 325 310 282 296 280  1
347 372 287 404 378 347 338 326 305 282 294 331  2
363 372 388 441 389 395 421 330 363 312 300 286  3
363 372 385 446 381 379 405 330 333 302 296 286  4
363 372 293 410 384 363 388 331 309 287 298 285  5
363 372 378 441 384 363 363 335 317 291 301 347  6
363 372 378 432 381 347 391 323 312 279 294 279  7
363 372 292 409 381 347 384 329 312 283 300 283  8
363 372 294 413 387 363 363 329 318 290 301 286  9
363 372 294 411 385 363 363 331 314 290 302 287  10
363 372 287 401 380 347 338 326 310 284 293 15000  11
Chip#2
411 460 309 401 405 307 297 461 363 415 341 301  0
461 452 300 394 396 298 288 454 363 411 336 297  1
459 452 303 395 398 300 285 456 363 412 333 298  2
458 450 296 388 394 305 347 450 363 411 331 292  3
460 453 302 390 397 304 291 456 363 413 334 298  4
411 456 304 398 402 299 290 455 363 413 338 297  5
467 456 363 416 401 302 295 458 363 419 338 299  6
463 453 322 404 397 302 288 456 363 416 335 297  7
461 453 301 392 395 296 285 452 363 411 332 299  8
461 453 410 415 399 397 363 455 395 429 335 295  9
458 452 320 405 391 314 299 451 363 422 332 294  10
411 455 306 395 402 301 347 456 363 415 339 15000  11

Chip#1
363 372 289 407 385 347 363 326 310 286 301 347  0
363 372 287 404 381 347 341 327 310 282 297 280  1
363 372 292 410 386 363 363 330 314 289 300 347  2
363 372 382 441 381 411 421 334 363 314 302 347  3
363 372 384 442 386 379 408 328 333 300 297 284  4
363 372 292 412 384 347 363 332 314 289 300 287  5
363 373 379 446 383 363 391 329 313 285 297 347  6
363 372 379 442 387 363 363 330 315 290 303 347  7
363 372 293 410 383 363 388 330 308 285 299 283  8
363 372 291 410 385 363 363 325 314 287 298 283  9
363 373 290 412 384 379 363 329 316 284 302 347  10
363 372 288 412 383 347 388 324 310 281 294 15000  11
Chip#2
411 450 304 397 394 299 290 455 347 411 335 298  0
411 452 304 395 397 302 289 454 363 413 336 298  1
462 453 303 391 396 298 287 453 363 410 333 296  2
463 452 299 393 394 308 292 449 347 411 335 292  3
411 450 304 393 396 307 347 453 363 412 334 296  4
395 452 303 395 396 298 286 451 363 410 332 293  5
461 452 363 411 394 301 286 452 347 410 334 297  6
459 450 320 403 392 298 285 452 347 410 333 291  7
460 452 303 393 397 299 347 449 363 411 332 297  8
411 452 363 420 397 363 363 452 379 428 333 294  9
411 456 363 410 396 363 299 452 379 423 333 297  10
411 454 305 397 401 305 347 455 363 413 337 15000  11

Chip#1
379 372 294 412 386 363 363 334 320 290 308 347  0
363 372 293 410 385 347 363 328 313 286 301 286  1
363 372 290 410 384 363 363 329 312 285 298 347  2
363 372 385 439 384 395 418 328 363 311 301 284  3
363 372 382 440 381 395 403 325 328 295 296 347  4
379 373 300 416 390 363 363 336 319 295 311 347  5
363 372 363 440 378 363 388 322 312 282 299 347  6
363 372 321 437 382 347 363 327 312 285 298 280  7
347 347 286 402 382 347 334 319 305 279 293 280  8
363 363 291 407 383 363 363 329 314 289 296 282  9
295 363 294 413 383 347 346 328 317 290 302 285  10
363 363 293 412 384 363 387 330 315 287 303 15000  11
Chip#2
466 449 305 396 396 298 347 461 363 413 336 300  0
395 453 304 394 394 300 288 455 347 413 333 296  1
460 450 300 392 392 296 282 452 347 410 329 291  2
411 453 305 394 399 310 293 454 347 414 336 295  3
469 459 308 402 403 383 297 460 379 422 363 305  4
462 453 307 394 394 299 286 454 363 412 334 293  5
411 456 363 417 403 303 290 462 363 417 341 302  6
411 454 363 404 399 302 288 456 363 415 336 294  7
460 446 300 390 394 295 286 452 347 410 332 294  8
395 450 363 415 395 363 304 451 379 428 334 297  9
411 452 363 407 395 390 298 458 379 425 336 296  10
411 452 307 398 398 303 288 461 347 415 339 15000  11
