
Chip#1
132 116 114 116 122 111 138 159 110 109 105 106  0
170 179 126 188 201 138 431 433 139 123 131 103  1
155 179 126 180 196 168 416 433 164 124 147 106  2
134 123 111 121 117 113 154 184 112 110 105 106  3
213 207 129 133 133 130 451 465 139 119 116 100  4
181 181 117 123 127 117 443 455 139 112 131 100  5
134 127 111 116 116 108 158 175 116 114 104 99  6
207 198 131 130 131 168 501 465 164 137 147 105  7
182 178 119 129 130 168 501 442 131 133 147 103  8
139 134 111 116 118 111 181 159 108 117 131 105  9
202 203 133 124 126 168 501 426 123 146 147 105  10
183 203 121 122 121 143 487 425 121 146 147 15000  11
Chip#2
112 102 107 95 100 99 96 95 89 102 99 107  0
112 117 107 102 115 98 274 282 89 108 105 107  1
128 127 110 118 132 114 531 506 89 113 111 114  2
112 105 104 99 109 106 125 121 89 106 99 110  3
128 127 110 104 115 111 330 355 89 109 109 110  4
112 137 112 104 120 116 364 390 89 111 111 113  5
112 108 108 104 110 109 111 110 89 108 104 107  6
128 127 110 107 113 113 308 332 89 111 109 110  7
112 124 112 109 114 114 238 250 89 109 110 114  8
112 105 100 93 101 105 124 127 89 98 102 103  9
112 137 109 102 108 110 524 609 89 117 111 110  10
128 121 104 98 106 106 250 299 89 109 116 15000  11
