
Chip#1
120 114 122 113 115 111 122 116 111 116 115 120  0
122 123 117 117 962 889 126 130 113 114 130 123  1
125 121 119 117 1244 1044 122 125 116 118 116 119  2
111 109 122 114 164 141 112 112 118 111 109 116  3
114 114 119 116 1355 1275 118 149 125 121 116 120  4
117 121 117 114 1159 1106 114 140 125 122 115 120  5
123 114 119 114 140 133 122 119 121 121 119 123  6
125 121 123 126 911 529 132 153 125 121 126 123  7
122 120 123 114 739 494 116 130 119 118 117 120  8
125 127 125 114 116 121 127 118 116 130 127 123  9
123 671 1051 125 116 122 122 206 140 124 128 129  10
129 378 705 122 119 127 138 186 130 127 125 15000  11
Chip#2
211 243 225 215 238 242 241 243 247 237 240 231  0
222 243 233 232 647 879 257 278 288 248 265 245  1
229 250 248 249 572 790 275 290 290 262 265 258  2
228 254 249 255 274 280 283 283 289 272 281 262  3
232 263 254 268 691 579 299 320 322 287 297 268  4
241 271 272 273 687 617 312 326 335 296 283 279  5
245 273 272 282 301 312 322 318 320 300 287 280  6
245 272 271 282 703 489 316 367 364 296 288 281  7
252 277 275 286 516 399 325 353 353 303 295 284  8
245 269 264 272 297 304 311 308 308 293 281 278  9
246 777 719 275 290 298 299 354 348 282 281 271  10
239 370 424 257 278 287 288 318 316 278 281 15000  11
