
Chip#1
106 102 105 108 102 105 107 102 109 104 101 102  0
101 94 97 102 96 103 107 97 100 99 100 93  1
102 99 111 123 102 112 133 110 119 134 107 100  2
106 101 108 116 104 114 121 111 112 118 107 105  3
112 104 123 127 108 120 134 110 116 109 102 105  4
101 106 543 552 104 552 941 124 113 121 101 99  5
99 100 283 291 102 345 563 112 113 116 100 100  6
104 100 116 118 105 107 108 100 107 100 100 101  7
98 102 696 663 98 363 432 101 101 95 96 99  8
101 96 464 409 96 360 429 98 100 95 97 94  9
110 102 105 113 107 111 113 107 108 104 105 105  10
104 100 98 99 100 101 104 101 101 91 95 15000  11
Chip#2
110 110 112 107 111 109 107 103 108 102 105 104  0
110 113 116 112 113 112 112 104 107 107 109 110  1
109 111 112 110 111 113 110 102 105 102 106 111  2
105 108 109 114 112 109 114 106 101 104 111 106  3
104 111 114 120 117 108 118 110 101 107 111 105  4
104 105 105 107 110 104 106 103 99 98 102 104  5
117 114 114 116 118 118 243 237 110 165 233 120  6
103 110 111 118 119 113 460 454 106 225 318 121  7
104 104 109 103 111 109 141 137 101 104 119 104  8
107 110 112 109 108 109 148 161 104 158 255 117  9
112 113 112 105 111 111 248 324 115 271 449 156  10
112 113 112 110 108 111 132 147 105 117 163 15000  11
