
Chip#1
111 114 115 129 114 115 108 113 108 115 116 118  0
109 114 110 129 106 108 104 106 105 113 111 116  1
115 117 118 129 110 113 111 112 109 117 114 120  2
113 109 111 110 109 115 110 106 107 109 112 117  3
111 113 111 129 110 112 109 109 107 109 116 112  4
115 117 116 129 115 116 110 114 108 114 119 117  5
113 116 110 129 114 120 113 110 109 117 114 118  6
109 113 114 129 109 112 106 109 108 112 111 113  7
116 113 110 129 110 116 108 110 110 115 114 114  8
112 114 116 129 113 112 110 112 109 113 116 118  9
117 114 115 129 114 118 113 114 109 113 116 125  10
119 118 118 129 115 121 113 112 110 113 114 15000  11
Chip#2
117 110 109 105 118 118 123 104 109 110 116 115  0
117 110 112 112 115 118 127 111 109 112 116 117  1
115 109 111 108 115 118 120 109 109 112 114 117  2
114 110 111 112 115 118 124 106 113 113 114 117  3
108 106 111 105 114 114 117 108 105 110 114 111  4
108 109 109 106 117 117 120 105 106 114 114 110  5
114 110 111 112 117 120 121 106 110 116 116 119  6
109 109 106 106 113 114 120 108 104 116 113 111  7
111 109 106 108 114 114 119 111 106 114 111 111  8
111 106 111 108 114 117 119 108 110 113 114 113  9
117 110 111 109 118 118 127 106 110 116 114 115  10
118 109 112 108 118 115 120 111 112 113 114 15000  11
