
Chip#1
115 110 107 107 101 107 102 102 106 110 114 117  0
121 110 105 107 104 111 102 104 104 109 112 114  1
111 101 102 110 98 110 105 98 100 107 106 107  2
113 109 552 456 110 636 516 113 591 444 112 111  3
113 112 580 504 113 456 348 112 408 308 114 118  4
108 109 107 129 101 108 100 101 104 105 101 104  5
116 106 444 459 107 138 131 106 130 130 108 114  6
113 107 417 415 109 136 127 109 120 123 109 113  7
108 105 102 129 105 107 102 101 102 108 105 105  8
116 112 111 129 113 144 137 110 137 137 111 113  9
111 105 105 105 102 125 119 102 117 122 108 107  10
107 106 107 107 102 107 102 98 104 109 108 15000  11
Chip#2
99 97 102 98 103 105 112 101 96 101 103 105  0
98 101 100 98 105 108 109 99 96 101 106 106  1
109 107 109 104 108 112 113 104 101 105 106 111  2
104 101 103 101 108 137 133 101 105 108 100 104  3
99 99 103 97 101 121 123 101 101 103 102 101  4
101 99 105 100 103 104 108 99 98 98 100 102  5
105 105 177 151 107 117 116 105 113 112 104 108  6
108 102 158 138 108 114 116 106 108 112 104 109  7
104 98 102 96 105 104 105 99 98 101 96 102  8
106 105 215 179 108 233 201 108 188 172 108 111  9
107 105 194 156 107 195 167 105 161 155 107 110  10
104 98 103 100 101 101 104 104 100 103 103 15000  11
