
Chip#1
108 107 106 109 108 106 111 109 109 107 107 108  0
110 107 111 120 105 106 120 109 112 116 107 108  1
114 109 156 182 114 157 206 115 148 222 124 111  2
115 111 121 135 110 129 146 113 133 165 118 111  3
105 102 108 113 107 107 111 105 107 103 100 102  4
103 102 192 212 107 154 200 108 133 175 108 104  5
102 100 133 140 103 132 159 105 126 157 108 100  6
109 104 108 112 105 107 109 108 108 105 107 107  7
106 107 175 180 110 156 170 107 109 109 107 112  8
110 114 154 148 108 151 169 109 116 104 105 108  9
112 105 107 110 103 109 109 105 111 105 103 105  10
116 110 108 116 109 110 113 112 113 104 108 15000  11
Chip#2
109 108 107 105 107 106 107 104 104 97 105 105  0
103 104 100 103 101 98 100 98 95 97 101 101  1
105 111 107 109 105 108 105 107 101 102 105 108  2
109 113 111 119 116 111 123 117 107 110 118 108  3
115 119 115 129 124 114 126 124 112 119 119 114  4
109 110 106 112 108 107 112 107 102 99 104 106  5
112 114 114 117 118 112 118 113 110 112 121 112  6
115 122 117 130 127 117 126 125 113 118 134 117  7
109 106 105 113 108 104 110 105 102 102 107 106  8
105 106 104 104 107 104 106 107 102 102 111 105  9
115 111 107 114 108 109 118 123 107 115 129 115  10
112 111 109 109 110 108 113 112 105 104 112 15000  11
