
Chip#1
108 107 109 129 107 113 105 108 107 108 111 112  0
109 112 107 129 109 113 104 108 105 110 109 111  1
103 101 102 103 102 107 99 102 101 104 102 105  2
111 107 105 107 107 112 108 109 102 113 109 111  3
111 112 110 114 110 115 110 112 108 114 112 116  4
115 110 110 111 107 117 110 112 109 113 106 109  5
105 101 100 109 102 107 98 101 105 107 105 104  6
103 101 103 105 102 104 98 101 101 107 100 105  7
105 101 100 106 102 104 99 104 100 103 104 107  8
105 104 100 110 106 103 103 101 101 104 101 104  9
113 112 109 129 114 112 109 114 109 109 111 114  10
113 110 106 129 111 113 108 110 109 112 109 15000  11
Chip#2
112 105 106 104 105 114 120 105 103 109 113 111  0
104 98 96 101 101 112 112 95 98 101 103 105  1
112 109 105 105 113 118 119 106 101 109 108 110  2
105 102 106 102 108 111 113 99 101 106 107 109  3
102 105 108 101 108 112 112 105 97 103 110 108  4
112 106 105 108 111 114 117 104 103 110 112 110  5
104 99 99 102 108 107 109 102 96 102 106 108  6
105 101 106 102 107 110 115 105 100 108 104 109  7
105 102 102 101 105 108 109 104 98 106 106 108  8
109 106 111 108 113 117 119 105 105 110 111 110  9
115 110 111 110 108 119 119 108 104 114 113 115  10
109 103 105 100 108 112 115 99 100 102 104 15000  11
