
Chip#1
339 327 385 437 395 355 331 379 436 294 330 332  0
329 318 385 427 395 355 331 363 427 281 318 322  1
335 326 386 430 395 355 331 363 431 284 324 328  2
337 363 388 442 411 355 347 379 435 295 331 329  3
332 327 385 434 395 355 331 363 429 283 325 326  4
332 363 387 436 395 355 331 379 430 285 327 324  5
339 327 385 437 395 355 331 379 433 285 326 331  6
338 363 388 441 411 355 347 379 438 290 331 334  7
338 363 391 438 395 355 331 379 438 286 330 330  8
332 318 391 425 395 355 331 379 428 280 323 323  9
337 326 383 435 395 355 331 363 432 280 326 331  10
331 321 383 427 395 355 331 363 424 277 318 15000  11
Chip#2
202 419 287 421 363 379 385 379 391 347 315 411  0
927 2607 294 1043 1739 379 846 1027 384 651 539 409  1
1358 2987 291 2011 2873 379 2140 2811 385 3787 3707 408  2
200 419 282 379 347 363 354 385 383 347 324 404  3
1790 2098 287 1915 1790 379 1467 1473 384 1233 771 407  4
1691 2219 289 2359 2288 363 2539 2868 386 3963 2659 408  5
206 424 291 446 378 379 385 410 386 347 320 405  6
2400 2388 289 1899 1387 379 1723 1231 386 1787 948 404  7
2187 2459 287 2171 1555 363 2971 2146 385 1787 2331 400  8
206 422 287 446 363 379 390 379 385 347 316 403  9
2811 2090 286 3195 1451 379 2667 985 385 1979 554 407  10
1578 1387 287 2855 1301 363 3883 1612 380 3259 875 15000  11
Chip#3
459 416 495 440 445 343 403 457 377 440 484 389  0
451 411 491 379 440 336 394 452 377 435 477 383  1
453 413 496 434 442 338 396 455 377 433 478 387  2
444 411 493 429 437 337 396 452 377 431 475 386  3
452 414 498 379 445 340 399 455 377 431 476 388  4
449 408 489 379 439 336 391 451 376 434 474 383  5
449 412 488 430 441 332 395 450 377 432 474 382  6
450 413 494 431 442 336 395 452 377 432 479 382  7
444 507 486 430 433 335 394 446 377 425 472 380  8
455 420 495 440 442 343 400 457 377 437 475 388  9
451 416 495 438 441 339 398 455 377 434 479 384  10
445 403 489 426 436 332 386 444 376 426 470 15000  11
Chip#4
180 302 353 347 373 387 347 267 324 463 291 307  0
180 297 351 347 374 386 347 264 319 460 291 304  1
186 302 355 347 373 388 347 272 322 467 294 308  2
182 299 350 363 374 389 347 331 320 466 293 363  3
181 296 353 347 373 385 347 267 325 464 291 308  4
183 300 353 347 374 390 347 270 325 464 293 309  5
175 292 348 347 373 383 331 265 319 456 286 301  6
180 296 348 347 373 384 331 266 316 461 291 303  7
185 295 351 347 374 391 347 331 327 463 291 309  8
179 298 353 347 373 384 331 268 319 461 289 306  9
181 297 349 347 373 389 347 271 321 465 290 306  10
179 297 348 347 373 385 331 266 318 464 289 15000  11
