
Chip#1
96 102 96 101 100 103 100 102 103 97 92 94  0
101 96 98 106 102 99 104 104 100 101 101 95  1
95 97 109 119 96 110 131 98 111 130 95 90  2
104 106 106 116 107 114 121 111 112 122 105 104  3
102 105 103 107 103 104 107 109 104 104 97 95  4
98 104 128 140 100 118 131 105 113 129 102 96  5
103 102 108 113 104 108 119 105 113 114 96 99  6
95 97 93 96 100 98 101 98 101 96 91 94  7
97 93 114 119 95 110 115 96 98 91 87 88  8
101 101 107 113 98 109 120 100 102 99 96 96  9
99 97 94 102 96 100 100 102 100 93 94 93  10
106 104 102 98 107 104 101 102 104 105 97 15000  11
Chip#2
100 99 98 96 101 97 98 98 96 98 99 100  0
109 114 110 109 110 108 108 109 107 107 107 110  1
105 103 101 104 105 104 102 103 98 103 105 105  2
110 110 110 108 110 109 111 109 107 110 109 108  3
104 109 105 112 112 108 111 109 102 108 107 106  4
107 105 105 99 102 101 106 98 100 101 101 104  5
100 99 99 99 102 98 104 97 93 98 102 101  6
107 108 104 108 108 102 106 105 100 103 110 101  7
111 106 109 107 110 107 110 109 106 105 111 106  8
109 106 101 99 105 101 101 105 105 102 107 105  9
109 104 103 104 104 99 110 106 101 104 110 108  10
107 104 99 102 101 102 102 102 101 101 102 15000  11
