
Chip#1
131 137 109 121 117 116 129 134 126 131 130 122  0
291 340 136 159 149 122 188 186 128 212 191 120  1
315 391 159 159 153 120 190 190 134 214 192 116  2
134 161 111 118 119 114 140 144 114 132 128 115  3
184 208 130 168 169 135 229 224 135 200 186 119  4
165 196 117 161 163 134 205 198 127 182 186 117  5
127 137 116 137 133 130 148 148 127 137 135 123  6
180 191 128 214 216 142 224 225 140 230 215 127  7
161 183 121 174 173 128 194 195 131 198 182 122  8
130 145 112 128 122 127 152 158 125 145 136 121  9
166 194 127 170 175 134 247 257 137 213 199 123  10
159 179 126 155 166 127 206 212 129 175 165 15000  11
Chip#2
128 134 118 122 116 116 117 120 117 136 112 122  0
149 153 123 118 115 117 119 118 120 136 118 124  1
133 136 116 116 110 115 112 111 117 117 110 114  2
123 120 116 115 113 111 109 116 120 120 110 119  3
118 118 111 115 110 111 113 109 116 131 108 118  4
123 125 120 115 118 116 120 121 122 118 116 122  5
120 120 112 115 111 108 109 111 116 131 112 118  6
120 118 110 111 108 108 109 107 108 113 107 112  7
123 118 112 116 114 113 113 113 117 131 111 118  8
116 115 108 108 106 107 103 107 108 131 107 112  9
137 160 122 151 119 121 125 125 125 147 120 127  10
137 135 122 127 125 122 125 118 127 131 120 15000  11

Chip#1
121 179 107 112 106 112 123 126 111 116 122 119  0
284 333 133 159 150 122 187 178 130 210 185 125  1
301 368 155 151 146 116 187 184 129 210 181 114  2
134 160 113 122 117 119 135 139 126 135 125 115  3
166 192 111 153 152 123 219 205 126 191 187 108  4
164 194 119 158 161 131 192 190 117 180 162 116  5
120 122 114 131 125 122 141 142 126 135 124 117  6
167 185 126 222 207 138 218 218 137 226 206 121  7
154 173 118 170 167 123 185 186 127 190 180 117  8
120 124 108 121 117 116 136 142 118 136 126 110  9
161 191 125 164 172 130 244 254 135 213 190 114  10
157 177 123 159 161 127 199 204 129 174 162 15000  11
Chip#2
119 122 111 111 112 112 108 108 113 131 105 113  0
133 130 110 108 108 104 109 103 107 111 102 106  1
131 132 115 112 114 116 113 108 117 121 108 115  2
118 118 106 107 110 117 109 109 112 117 108 114  3
115 120 108 108 110 108 113 107 113 117 111 109  4
115 123 114 115 120 113 114 113 118 131 112 119  5
116 120 110 110 111 112 108 109 112 113 108 115  6
123 120 115 118 117 117 117 113 116 131 114 117  7
116 118 108 112 111 116 109 107 113 131 110 114  8
112 120 110 110 109 112 112 105 111 117 107 112  9
126 130 115 124 126 121 124 120 122 131 119 118  10
133 130 120 123 125 121 121 116 124 131 116 15000  11

Chip#1
124 177 107 111 105 116 121 124 114 122 121 116  0
292 334 137 156 147 123 190 179 127 217 193 123  1
309 379 162 158 152 127 189 187 136 217 190 122  2
135 157 112 127 116 118 136 136 120 134 126 117  3
174 196 123 165 157 131 225 218 130 203 187 117  4
165 196 125 158 160 131 195 191 117 186 165 120  5
120 122 109 130 119 124 137 139 120 136 123 114  6
171 186 122 222 209 138 217 215 137 229 209 125  7
157 179 118 169 167 126 182 187 117 185 180 117  8
118 135 104 118 117 115 141 144 118 135 127 114  9
166 192 130 169 174 139 243 253 139 216 200 123  10
154 171 116 156 153 126 193 200 128 167 158 15000  11
Chip#2
124 129 115 114 113 115 112 112 116 117 110 114  0
137 131 112 106 110 107 105 103 109 117 106 108  1
122 127 107 108 106 108 105 100 105 115 111 105  2
115 115 111 112 113 113 112 109 113 115 108 110  3
126 121 116 112 113 113 117 113 116 131 114 115  4
122 117 111 110 114 112 112 112 108 117 114 110  5
123 120 118 116 117 115 113 112 118 131 116 117  6
118 115 114 114 113 115 106 109 111 131 108 113  7
115 120 111 114 117 111 113 111 117 122 119 117  8
114 117 111 107 111 109 110 108 109 131 110 109  9
126 121 115 116 117 109 116 117 117 131 114 114  10
133 126 116 118 115 117 120 117 122 131 116 15000  11

Chip#1
113 116 102 112 104 108 120 110 111 115 113 109  0
290 338 141 160 150 127 186 182 133 217 190 126  1
310 398 160 156 152 128 187 187 136 217 191 117  2
136 157 112 122 113 119 132 136 118 137 129 111  3
180 201 122 166 161 140 220 216 135 204 181 116  4
161 192 117 156 152 124 191 185 117 186 164 114  5
120 192 112 128 124 123 140 139 126 133 127 116  6
166 185 122 203 205 134 207 208 131 221 200 115  7
156 172 119 174 167 126 182 184 117 189 200 117  8
121 137 109 125 120 120 144 145 121 144 135 111  9
165 186 123 166 167 134 247 251 135 214 195 121  10
152 166 117 151 151 128 193 193 128 171 158 15000  11
Chip#2
126 122 111 116 114 116 114 114 114 113 111 113  0
134 135 116 107 110 112 110 112 114 112 112 113  1
126 129 114 105 110 109 110 105 112 112 110 109  2
126 108 106 103 109 108 108 107 105 110 105 108  3
124 126 119 118 117 123 117 118 118 131 120 118  4
115 121 111 111 114 115 113 108 113 131 107 110  5
116 117 112 111 113 115 110 111 113 131 111 115  6
116 113 103 110 109 107 105 100 105 112 108 104  7
112 117 110 111 111 109 109 108 112 131 110 112  8
112 116 110 110 114 111 114 107 111 111 111 118  9
126 120 114 116 118 113 119 120 113 131 111 114  10
127 126 114 119 121 116 117 116 118 118 112 15000  11
