
Chip#1
106 101 99 102 103 105 106 102 107 99 103 101  0
102 95 105 109 102 103 114 101 107 107 97 101  1
110 105 151 171 102 152 190 111 144 206 117 105  2
105 104 115 126 104 123 138 107 121 153 109 104  3
109 104 105 116 105 109 116 110 114 105 103 106  4
112 112 208 210 111 157 197 113 138 176 112 112  5
118 112 138 143 112 140 162 113 138 166 109 110  6
110 102 105 110 110 109 112 110 109 101 98 106  7
109 105 199 171 110 150 166 108 114 105 105 110  8
110 107 144 147 111 150 161 111 112 107 106 110  9
108 104 105 108 96 104 106 102 106 96 98 101  10
111 105 106 110 108 106 114 105 109 100 103 15000  11
Chip#2
107 106 103 104 107 106 102 105 104 101 105 106  0
109 109 114 110 112 113 111 107 101 109 109 110  1
109 110 107 109 111 112 112 109 105 105 107 112  2
107 109 107 114 112 107 117 112 104 107 114 105  3
113 117 111 125 125 113 124 123 106 114 118 112  4
109 114 110 113 111 109 111 113 106 103 106 112  5
107 106 109 109 112 104 112 109 99 105 116 106  6
107 110 112 122 119 104 126 118 105 112 124 111  7
109 110 107 109 110 108 108 107 104 103 109 106  8
104 106 104 107 105 106 108 111 102 103 111 106  9
113 115 115 116 115 113 126 127 113 119 131 122  10
104 105 105 101 107 103 106 106 100 98 104 15000  11
