
Chip#1
961 891 947 856 916 989 859 1186 1172 1004 918 917  0
969 930 1083 910 987 1128 895 1321 1219 1044 1032 1005  1
969 930 1083 918 987 1126 896 1321 1218 1044 1016 1021  2
969 930 1084 934 987 1129 898 1321 1226 1060 964 1021  3
969 926 1083 934 1045 1127 897 1321 1220 1044 1016 1021  4
969 925 1083 934 987 1127 891 1321 1220 1044 1016 1021  5
969 928 1082 934 987 1130 896 1337 1222 1044 1016 1021  6
969 928 1086 934 987 1134 896 1321 1223 1044 965 1021  7
961 925 1078 918 971 1122 895 1321 1218 1044 1016 1021  8
969 926 1082 918 987 1128 895 1321 1223 1044 1016 1005  9
969 926 1081 934 987 1126 894 1321 1223 1044 1016 1021  10
969 930 1083 918 987 1129 896 1321 1224 1044 1016 15000  11
Chip#2
3793 3635 3722 3772 3624 3676 3568 3484 3577 3549 3647 3614  0
3761 3585 3609 3708 3589 3560 3456 3406 3465 3354 3423 3358  1
3578 3490 3576 3573 3450 3464 3257 3264 3273 3181 3215 3205  2
3457 3306 3528 3500 3355 3368 3256 3131 3108 3029 3032 3077  3
3330 3234 3385 3452 3314 3318 3093 3082 3081 2956 3007 3061  4
3322 3242 3381 3468 3341 3331 3200 3107 3153 3000 3039 3061  5
3297 3307 3435 3602 3467 3459 3209 3176 3193 3067 3039 3077  6
3322 3467 3578 3772 3676 3647 3468 3368 3289 3108 3032 3195  7
3569 3664 3768 3829 3812 3797 3627 3541 3365 3204 3151 3221  8
3834 3746 3834 3829 3828 3813 3728 3696 3621 3365 3305 3358  9
3969 3754 3834 3829 3828 3809 3728 3745 3753 3464 3288 3493  10
3969 3754 3834 3829 3828 3823 3728 3760 3801 3508 3288 15000  11
