
Chip#1
73 188 161 6 20 92 38 85 93 131 183 193  0
25 167 382 362 36 284 614 101 158 580 187 175  1
25 168 2717 3472 186 3660 3941 469 2285 3906 1024 176  2
25 164 731 1006 36 1107 2662 206 974 3395 428 170  3
25 164 156 14 36 108 54 101 109 185 174 168  4
25 161 219 103 36 196 150 101 1570 3899 450 165  5
25 161 182 38 36 124 102 85 1070 3007 342 159  6
25 163 152 14 36 108 54 85 96 131 168 160  7
25 163 219 95 36 196 102 85 100 128 164 166  8
25 163 219 51 36 196 102 85 93 115 164 160  9
25 159 152 4 36 92 38 85 83 119 159 160  10
25 163 152 3 36 92 38 85 92 119 166 15000  11
Chip#2
239 191 209 140 43 259 131 135 168 157 155 105  0
239 93 194 77 29 259 119 124 159 148 142 93  1
239 94 195 78 30 259 125 133 159 149 143 89  2
239 99 259 589 251 259 507 443 170 391 435 108  3
239 93 306 897 439 259 697 470 167 401 424 103  4
239 99 208 197 62 259 148 144 173 161 157 100  5
239 94 210 290 134 259 138 144 167 163 160 102  6
239 95 268 677 398 259 142 151 169 166 168 94  7
239 95 199 197 78 259 131 134 163 153 148 94  8
239 191 206 92 45 259 134 146 175 166 163 103  9
239 88 197 76 31 259 135 146 162 160 164 94  10
239 191 206 140 45 259 137 144 169 162 156 15000  11
