
Chip#1
961 879 992 845 908 980 843 1170 1108 1004 901 917  0
969 929 1084 900 1049 1130 893 1237 1220 1044 1016 941  1
969 925 1083 918 987 1128 946 1321 1219 1044 1016 1005  2
969 929 1082 934 987 1129 895 1321 1222 1044 1032 1021  3
961 928 1084 918 987 1128 895 1252 1223 1044 965 1005  4
969 928 1082 934 987 1131 895 1321 1222 1044 964 1021  5
969 922 1083 934 987 1127 890 1321 1218 1044 1016 1021  6
969 930 1083 918 987 1130 897 1321 1223 1044 1016 1021  7
969 929 1082 934 1044 1130 896 1321 1223 1044 1032 1021  8
969 928 1084 934 987 1132 895 1321 1220 1044 1016 1021  9
969 929 1083 934 987 1131 895 1321 1223 1044 964 1021  10
969 929 1080 934 987 1124 894 1249 1219 1044 1016 15000  11
Chip#2
613 331 456 555 478 502 400 392 473 432 479 567  0
612 331 456 552 483 503 400 392 473 423 477 565  1
612 326 456 555 486 506 400 392 489 429 473 569  2
601 321 440 547 482 502 384 376 473 423 472 555  3
603 330 456 557 486 507 400 392 489 428 472 564  4
616 341 472 582 505 525 416 408 489 451 484 583  5
628 364 489 603 529 546 393 424 521 502 488 585  6
644 440 518 635 560 575 400 456 603 515 507 601  7
668 479 560 686 605 618 431 504 530 539 524 621  8
713 529 614 771 660 674 576 624 530 567 555 709  9
791 565 696 797 728 731 592 624 633 573 555 641  10
843 617 744 834 755 759 624 624 649 587 558 15000  11
Chip#3
2 8 0 23 0 0 0 0 0 0 0 0  0
2 8 0 23 0 0 0 0 0 0 0 0  1
2 8 0 23 0 0 0 0 0 0 0 0  2
2 8 0 23 0 0 0 0 0 0 0 0  3
2 8 0 23 0 0 0 0 0 0 0 0  4
2 8 0 23 0 0 0 0 0 0 0 0  5
2 8 0 23 0 0 0 0 0 0 0 0  6
2 8 0 23 0 0 0 0 0 0 0 0  7
2 8 0 23 0 0 0 0 0 0 0 0  8
2 8 0 23 0 0 0 0 0 0 0 0  9
2 8 0 23 0 0 0 0 0 0 0 0  10
2 8 0 23 0 0 0 0 0 0 0 15000  11
Chip#4
0 0 0 0 0 0 0 0 0 0 0 0  0
0 0 0 0 0 0 0 0 0 0 0 0  1
0 0 0 0 0 0 0 0 0 0 0 0  2
0 0 0 0 0 0 0 0 0 0 0 0  3
0 0 0 0 0 0 0 0 0 0 0 0  4
0 0 0 0 0 0 0 0 0 0 0 0  5
0 0 0 0 0 0 0 0 0 0 0 0  6
0 0 0 0 0 0 0 0 0 0 0 0  7
0 0 0 0 0 0 0 0 0 0 0 0  8
0 0 0 0 0 0 0 0 0 0 0 0  9
0 0 0 0 0 0 0 0 0 0 0 0  10
0 0 0 0 0 0 0 0 0 0 0 15000  11
