
Chip#1
116 121 109 129 106 110 98 109 106 108 119 122  0
120 118 109 129 107 115 102 108 108 110 115 118  1
109 114 109 114 105 113 104 110 108 113 112 108  2
113 121 620 507 116 720 568 121 670 496 125 121  3
112 122 647 554 116 512 382 114 456 337 122 118  4
108 110 102 129 110 115 102 109 107 105 109 105  5
111 113 504 496 106 140 122 108 129 127 110 109  6
115 118 459 452 116 143 130 113 130 127 116 114  7
111 112 115 129 109 117 103 109 110 108 116 113  8
111 112 109 110 106 139 128 104 132 130 111 108  9
112 116 113 129 106 134 116 105 122 124 110 112  10
113 117 118 129 111 116 103 109 108 110 115 15000  11
Chip#2
109 105 103 104 108 114 119 102 101 108 111 110  0
111 103 100 108 110 115 116 97 102 105 113 111  1
115 110 106 109 115 118 123 105 108 109 110 117  2
115 109 103 110 117 165 147 108 119 117 111 113  3
111 107 105 104 113 141 137 102 110 114 107 109  4
112 107 106 106 113 112 117 102 103 106 106 108  5
112 110 236 183 113 127 128 101 118 121 107 110  6
111 110 196 159 117 120 120 104 109 116 106 110  7
112 109 106 108 115 114 117 105 103 110 110 111  8
117 114 294 236 120 314 256 109 256 232 110 109  9
111 106 250 191 113 258 202 105 201 206 106 109  10
118 110 106 108 115 114 117 105 108 112 113 15000  11
