
Chip#1
120 124 116 129 111 118 109 112 108 114 120 122  0
121 118 114 129 107 118 105 108 109 112 116 120  1
113 111 115 129 107 120 109 110 114 117 112 114  2
113 120 637 524 115 752 582 119 692 514 119 116  3
109 113 665 570 109 523 382 110 461 335 115 111  4
111 117 119 129 107 118 102 108 108 112 112 113  5
109 110 520 513 106 139 122 104 126 129 108 109  6
119 120 495 469 118 145 130 112 130 127 120 118  7
116 120 115 129 109 118 105 108 113 114 115 116  8
119 116 119 145 118 150 137 113 143 144 120 114  9
116 117 118 129 109 135 121 110 124 128 118 117  10
117 114 120 129 111 122 109 112 112 115 115 15000  11
Chip#2
112 110 103 110 120 111 120 99 108 113 114 111  0
117 109 105 108 118 112 119 106 108 112 113 117  1
115 114 103 110 120 112 127 108 110 114 118 115  2
111 110 106 106 114 183 157 108 126 121 114 110  3
114 110 106 110 117 155 145 104 117 122 112 109  4
121 119 117 115 123 115 133 109 117 116 120 118  5
118 117 286 216 118 133 136 108 131 129 113 113  6
112 110 237 177 117 121 131 102 117 121 107 108  7
121 114 109 112 120 119 124 105 106 114 112 113  8
112 110 349 283 115 375 311 102 307 259 111 106  9
119 114 309 232 121 310 250 108 252 240 117 117  10
122 111 111 110 120 119 124 106 109 116 120 15000  11
