
Chip#1
141 130 124 136 139 124 127 126 121 128 131 119  0
206 204 144 257 275 168 231 223 133 234 234 125  1
192 202 145 256 278 168 231 233 164 254 253 132  2
146 135 117 146 164 114 131 131 114 145 147 108  3
243 231 150 291 292 168 231 229 129 286 275 128  4
212 206 136 258 265 137 231 225 132 287 281 131  5
178 206 134 149 164 131 148 137 128 156 163 121  6
362 361 181 256 248 168 232 222 164 309 298 133  7
289 285 143 241 221 129 231 208 131 310 307 120  8
170 179 125 147 143 123 140 127 116 150 163 111  9
328 330 183 228 215 143 209 189 149 254 218 125  10
283 269 152 207 193 132 200 184 164 237 222 15000  11
Chip#2
112 117 118 108 115 111 116 110 105 114 112 119  0
154 252 127 242 336 116 254 253 96 269 235 114  1
233 449 179 373 566 158 415 383 113 421 311 117  2
128 156 113 111 140 105 124 119 113 133 115 112  3
193 382 147 271 403 121 317 343 102 350 325 113  4
235 527 179 338 521 133 353 368 106 355 301 121  5
128 142 120 114 126 119 123 121 101 134 123 113  6
300 822 223 270 436 123 354 378 106 619 516 112  7
302 781 217 249 374 131 288 303 112 389 333 126  8
128 166 122 113 133 116 132 125 100 168 142 119  9
305 868 275 226 381 133 322 345 118 596 437 123  10
233 558 195 173 264 127 198 222 106 287 246 15000  11
