Chip#2
94 97 101 99 96 99 101 98 100 100 94 104  0
160 273 112 180 234 110 149 174 110 129 121 111  1
188 308 101 291 364 100 286 307 99 327 322 98  2
104 104 102 106 97 101 109 99 101 101 100 103  3
206 237 106 212 202 106 197 190 103 163 129 99  4
247 269 99 238 234 100 317 312 102 350 256 104  5
106 114 109 118 110 113 112 108 113 114 105 110  6
268 229 114 303 218 116 228 174 111 202 141 108  7
258 240 103 317 250 102 352 257 103 422 253 105  8
99 114 99 101 99 104 104 99 99 108 96 105  9
343 264 109 345 186 112 282 152 107 315 125 114  10
260 208 111 359 218 111 397 222 107 437 163 112  11
