
Chip#1
100 104 106 149 165 108 103 101 104 102 101 101  0
106 107 130 554 616 184 116 111 106 107 115 103  1
110 106 124 510 614 184 115 109 110 104 112 102  2
110 106 107 185 213 111 105 101 99 102 102 99  3
110 107 138 579 590 168 109 108 103 114 105 100  4
115 109 133 462 499 168 112 114 110 117 131 105  5
202 211 116 121 128 116 109 108 104 107 104 103  6
675 694 200 116 118 111 115 103 103 115 131 107  7
508 524 149 108 111 105 106 103 101 107 102 99  8
211 239 119 109 107 107 103 101 99 107 102 99  9
560 603 203 112 111 108 112 104 104 113 112 98  10
434 448 143 113 114 109 111 107 104 115 131 15000  11
Chip#2
128 106 106 100 101 104 105 102 99 105 102 112  0
85 105 102 316 471 115 105 101 99 107 103 109  1
87 112 106 567 850 137 103 100 99 104 108 105  2
84 104 104 125 162 103 102 100 99 102 98 104  3
112 107 103 383 596 116 109 103 99 107 105 109  4
87 113 103 458 721 127 109 103 99 107 105 107  5
112 124 113 110 119 114 107 109 99 111 111 116  6
328 874 204 98 100 98 100 98 99 101 96 98  7
294 779 204 100 101 103 107 97 99 102 100 103  8
112 172 115 102 108 108 111 104 99 111 103 112  9
299 867 254 100 105 102 109 104 99 111 105 105  10
203 505 163 99 99 98 97 98 99 96 103 15000  11
