
Chip#1
89 190 166 13 52 108 54 101 109 135 190 229  0
41 172 391 366 52 300 630 188 169 589 202 185  1
25 165 2721 3488 184 3676 3953 468 2277 3915 1025 173  2
25 165 731 995 52 1212 2766 207 972 3404 433 172  3
25 164 165 15 36 108 54 101 119 190 182 176  4
25 164 219 107 36 196 150 101 1570 3915 453 177  5
25 163 195 45 36 124 102 101 1080 3001 348 170  6
25 159 156 6 36 108 54 85 99 122 165 161  7
9 163 219 95 36 196 102 85 97 114 165 163  8
25 159 219 50 20 196 102 85 89 114 165 164  9
25 159 150 0 36 92 38 85 83 121 166 159  10
25 172 157 12 36 92 38 85 97 123 173 15000  11
Chip#2
239 191 203 140 37 259 126 127 164 150 150 97  0
239 191 205 140 39 259 126 131 166 155 145 97  1
239 191 209 156 45 259 132 141 174 165 156 108  2
239 191 265 587 248 259 507 444 169 389 435 109  3
239 93 308 900 449 259 703 470 176 405 427 104  4
239 95 202 197 62 259 148 143 164 159 151 99  5
239 89 206 287 125 259 128 134 162 216 156 93  6
239 93 273 680 399 259 141 148 168 163 163 99  7
239 191 199 200 82 259 129 131 169 154 145 95  8
239 98 204 140 41 259 134 141 170 163 161 100  9
239 93 197 140 42 259 137 145 162 160 166 102  10
239 94 203 140 40 259 129 133 166 154 150 15000  11
