DEF 18924101 {
Version {
0x2
}
Kb {
0.11231, -20.73100, 0.13414, -46.22300, 1.49770, -1.75910,
0.17845, 27.89000, 0.19547, 48.54400, 2.12860, -23.52600,
0.33424, -60.16000, 0.35589, -41.27200, 2.17990, 7.00000,
0.00280, 50.61400, -0.02906, 85.20500, 2.30800, 0.00000,
0.32484, -4.19430, 0.39817, -23.24200, 0.90192, 6.36500,
0.06677, -54.76100, 0.01193, -65.20200, 1.13470, 6.03700,
0.13845, -21.54200, 0.19065, -33.96800, 0.64403, -0.10508,
0.18550, 62.47500, 0.19203, 54.85800, 1.52240, -6.58120,
0.40197, -41.64100, 0.46372, -81.39500, 0.69847, 6.36680,
0.28271, -74.11400, 0.44461, -78.58200, 2.74230, 1.18710,
-0.13358, 11.56600, -0.08211, 43.29200, 2.85510, -20.37100,
0.28592, -39.34500, 0.35380, -46.73500, 1.57720, 0.97239
}
Fpn_lg {
300.88889, 427.61111, 419.41666, 486.11111, 328.91666, 317.91666, 329.50000, 340.72223, 333.97223, 358.25000, 407.88889, 356.88889
}
Fpn_hg {
320.05554, 450.66666, 440.83334, 508.58334, 348.08334, 338.30554, 348.05554, 361.25000, 355.08334, 380.05554, 430.33334, 377.11111
}
AutoV20_lg {
0x8
}
AutoV20_hg {
0xa
}
Rampgen {
0xae
}
Range {
0xf
}
AutoV15 {
0xe
}
Temp_calib {
29.50000, -26.74225, 0.00000, 0.00000, 0.00000, 0.00000, 0.00000, 0.00000, 0.00000, 0.00000, 0.00000, 0.00000
}
}

DEF 18924102 {
Version {
0x2
}
Kb {
-0.01003, -4.36450, 0.12149, -43.82300, 3.67350, 12.85600,
-0.08659, 79.12400, -0.14850, 92.57400, 4.23380, 4.16170,
-0.38883, 28.39800, -0.34203, 24.72100, 3.98260, 6.71270,
-0.02437, -34.39400, 0.10880, -30.88600, 3.00030, 5.49920,
-0.22363, 12.88900, -0.13833, 23.82100, 3.65680, 7.71170,
-0.00994, 12.69900, 0.03499, 22.42200, 2.86750, 13.07700,
-0.47893, 47.88800, -0.49092, 81.21000, 3.74230, -1.23830,
-0.35734, 89.52400, -0.36274, 71.06500, 4.83380, 2.04880,
0.12543, -67.25400, 0.26938, -89.07300, 3.26280, -0.07974,
-0.42554, 30.86800, -0.41587, 63.21000, 4.09200, -3.38410,
-0.22539, 55.90300, -0.21750, 56.38800, 3.89220, 5.43880,
-0.60662, 27.76100, -0.48758, 33.43800, 4.47430, -5.37580
}
Fpn_lg {
70.50000, 90.38889, 101.55556, 126.22222, 138.66667, 95.61111, 102.86111, 174.02777, 55.02778, 161.41667, 142.41667, 121.36111
}
Fpn_hg {
86.16666, 108.58334, 118.38889, 141.94444, 154.88889, 113.69444, 120.11111, 193.41667, 72.86111, 179.02777, 159.52777, 137.72223
}
AutoV20_lg {
0x8
}
AutoV20_hg {
0xa
}
Rampgen {
0x9c
}
Range {
0xf
}
AutoV15 {
0x3
}
Temp_calib {
29.50000, -12.14632, 0.00000, 0.00000, 0.00000, 0.00000, 0.00000, 0.00000, 0.00000, 0.00000, 0.00000, 0.00000
}
}

