DEF A010 {
Kb {

              -0.210256410   ,            36.051282051   ,            5.0   ,       -5   ,
              -0.146938776   ,            2.734693878   ,             5.0   ,       21   ,
              -0.276923077   ,            4.384615385   ,             5.0   ,       15   ,
              -0.379487179   ,            -5.102564103   ,            5.0   ,       9   ,
              0.138461538   ,             -14.692307692   ,           5.0   ,       -10   ,
              -0.102564103   ,            -55.487179487   ,           5.0   ,       17   ,
              -0.697435897   ,            89.487179487   ,            5.7   ,       60   ,
              -0.128205128   ,            -19.358974359   ,           5.0   ,       33   ,
              -0.220512821   ,            33.102564103   ,            5.2   ,       20   ,
              -0.153846154   ,            16.769230769   ,            5.0   ,       -6   ,
              -0.123076923   ,            -21.384615385   ,           5.2   ,       14   ,
              -0.112820513   ,            -5.435897436   ,            4.8   ,       47

}
   Fpn_lg {
        171.6458333,	174.1145833,	139.5104167,	175.2395833,	262.5208333,	155.3958333,	206.0625,	186.3958333,	267.1979167,	231.5104167,	142.3958333,	227.0416667

   }
   Fpn_hg {
        191.8020833,	192.2395833,	158.9479167,	195.4791667,	280.8645833,	173.53125,	226.90625,	204.3229167,	284.2083333,	254.375,	160.65625,	246.5416667

   }
   AutoV20_lg { 
       0x08
    }
   AutoV20_hg {
        0x0a
    }
   AutoV15 {
       0x08
    }
   Rampgen {
        0x9F
   }
   
    Temp_calib {
        0, 0.0, 0,0,0,0,0,0,0,0,0,0
 }
}

DEF A011 {
Kb {

              0.056410256   ,             1.717948718   ,             5.4   ,       -14   ,
              0.057142857   ,             -19.285714286   ,           4.5   ,       -3   ,
              0.097435897   ,             -11.487179487   ,           5.0   ,       -38   ,
              -0.282051282   ,            21.410256410   ,            5.1   ,       12   ,
              -0.220512821   ,            28.102564103   ,            5.5   ,       0   ,
              -0.302564103   ,            37.512820513   ,            5.8   ,       10   ,
              0.082051282   ,             36.589743590   ,            5.0   ,       -14   ,
              -0.051282051   ,            -24.743589744   ,           4.8   ,       0   ,
              -0.276923077   ,            28.384615385   ,            5.4   ,       20   ,
              -0.035897436   ,            13.179487179   ,            5.0   ,       -27   ,
              0.020512821   ,             -11.102564103   ,           5.0   ,       15   ,
              -0.076923077   ,            11.384615385   ,            5.0   ,       -4

}
   Fpn_lg {
        139.2395833,	188.1875,	256.1145833,	161.4479167,	196.6145833,	278.4583333,	231.46875,	139.0729167,	148.90625,	230.8958333,	215.8541667,	223.78125

   }
   Fpn_hg {
        81.4375,	130.3333333,	198.9375,	103.7291667,	140.3958333,	229.78125,	172.65625,	80.10416667,	93.07291667,	175.46875,	158.3020833,	164.9166667

   }
   AutoV20_lg { 
       0x08
    }
   AutoV20_hg {
        0x0b
    }
   AutoV15 {
       0x08
    }
   Rampgen {
        0x8B
   }
   
    Temp_calib {
        0, 0.0, 0,0,0,0,0,0,0,0,0,0
 }
}

DEF A012 {
Kb {

              0.307692308   ,             -19.538461538   ,           4.5   ,       -5   ,
              0.306122449   ,             -6.530612245   ,            4.0   ,       -11   ,
              0.261538462   ,             -24.307692308   ,           4.0   ,       -5   ,
              0.035897436   ,             -20.179487179   ,           3.5   ,       8   ,
              0.015384615   ,             -32.076923077   ,           4.3   ,       -19   ,
              0.071794872   ,             -10.358974359   ,           4.4   ,       5   ,
              0.051282051   ,             14.743589744   ,            4.0   ,       -13   ,
              -0.035897436   ,            -2.820512821   ,            4.0   ,       2   ,
              0.251282051   ,             -45.256410256   ,           4.0   ,       23   ,
              0.035897436   ,             -9.179487179   ,            4.0   ,       19   ,
              0.025641026   ,             23.871794872   ,            4.5   ,       0   ,
              0.235897436   ,             -15.179487179   ,           4.5   ,       -7

}
   Fpn_lg {
        154.28125,	194.6666667,	146.4895833,	79.96875,	69.26041667,	62.58333333,	161.1770833,	148.5,	174.8020833,	158.1354167,	171.40625,	146.28125

   }
   Fpn_hg {
        172.4375,	212.3229167,	164.3020833,	98.54166667,	86.55208333,	82.47916667,	180.0520833,	167.4166667,	193.4479167,	176.25,	190.21875,	165.4166667

   }
   AutoV20_lg { 
       0x08
    }
   AutoV20_hg {
        0x0a
    }
   AutoV15 {
       0x08
    }
   Rampgen {
        0xA0
   }
   
    Temp_calib {
        0, 0.0, 0,0,0,0,0,0,0,0,0,0
 }
}

DEF A013 {
Kb {

              0.000000000   ,             -6.000000000   ,            4.4   ,       -12   ,
              -0.269387755   ,            19.346938776   ,            4.8   ,       9   ,
              -0.594871795   ,            51.974358974   ,            5.0   ,       22   ,
              -0.276923077   ,            29.384615385   ,            4.5   ,       13   ,
              -0.030769231   ,            -7.846153846   ,            4.3   ,       37   ,
              -0.071794872   ,            38.358974359   ,            4.3   ,       -19   ,
              -0.328205128   ,            42.641025641   ,            4.0   ,       30   ,
              -0.261538462   ,            74.307692308   ,            4.5   ,       -14   ,
              -0.071794872   ,            2.358974359   ,             3.9   ,       27   ,
              -0.087179487   ,            5.435897436   ,             4.0   ,       -24   ,
              -0.210256410   ,            0.051282051   ,             4.5   ,       6   ,
              0.010256410   ,             39.948717949   ,            4.0   ,       -35

}
   Fpn_lg {
        291.65625,	352.9479167,	283.71875,	175.8333333,	255.2395833,	300.5416667,	261.4375,	360.7395833,	177.09375,	241.3229167,	242.9375,	236

   }
   Fpn_hg {
        412.8854167,	475.8125,	401.3854167,	284.5104167,	362.9791667,	424.1875,	360.8645833,	484.1354167,	283.03125,	348.0625,	342.8125,	342.3541667

   }
   AutoV20_lg { 
       0x06
    }
   AutoV20_hg {
        0x07
    }
   AutoV15 {
       0x06
    }
   Rampgen {
        0x85
   }
   
    Temp_calib {
        0, 0.0, 0,0,0,0,0,0,0,0,0,0
 }
}
