
Chip#1
169 150 118 120 111 121 122 121 124 116 153 172  0
133 123 377 464 128 336 710 145 199 585 153 152  1
116 126 2736 3631 178 3824 710 445 2326 585 990 152  2
117 121 723 1103 130 1294 2841 170 1051 3602 398 131  3
111 115 123 129 117 130 134 124 139 176 133 119  4
112 110 210 212 117 174 220 126 1594 4096 409 119  5
114 114 148 155 118 157 176 129 1110 3079 299 117  6
114 116 125 124 122 126 125 118 132 121 117 113  7
112 112 214 206 117 172 185 121 128 111 121 112  8
118 113 176 169 115 172 184 121 123 113 123 121  9
117 114 118 118 114 118 124 114 119 112 119 113  10
121 117 122 121 117 121 125 119 123 111 123 15000  11
Chip#2
121 117 116 114 116 112 116 110 108 108 107 117  0
116 114 110 112 111 109 110 103 100 102 102 111  1
123 114 111 119 119 116 119 109 108 112 112 116  2
115 113 156 610 290 143 583 409 112 336 387 122  3
110 113 216 930 506 159 688 486 111 353 372 119  4
115 113 112 183 136 117 135 123 108 112 111 115  5
109 109 119 327 206 116 117 114 105 113 120 112  6
115 114 168 711 459 143 133 126 116 123 130 117  7
120 120 124 209 162 143 124 116 113 112 114 117  8
111 109 111 113 113 111 116 111 108 111 118 108  9
115 111 111 117 117 117 128 130 110 119 131 120  10
121 117 116 116 119 118 120 113 113 111 112 15000  11
