
Chip#1
176 138 118 123 112 124 129 121 128 121 134 182  0
116 112 360 458 121 319 700 132 183 570 153 121  1
116 122 2731 3628 181 3830 700 440 2320 570 988 152  2
114 116 720 1098 124 1284 2837 171 1045 3598 387 121  3
115 112 126 131 120 128 135 126 143 188 127 124  4
120 116 208 218 119 176 220 128 1602 4094 409 123  5
106 102 138 143 110 145 170 115 1093 3080 283 108  6
112 112 114 121 114 121 125 115 123 118 118 111  7
116 117 214 211 118 176 190 124 126 115 117 117  8
109 110 175 161 111 168 183 112 116 105 113 111  9
116 114 114 121 110 116 120 111 121 111 113 113  10
111 106 113 112 107 111 111 110 113 101 111 15000  11
Chip#2
117 114 115 110 107 108 111 103 104 104 105 111  0
124 122 115 116 118 112 113 112 110 109 112 115  1
122 114 115 116 115 116 114 112 105 111 116 114  2
112 109 156 603 285 143 585 406 112 333 378 114  3
112 106 214 929 501 143 687 485 111 347 373 116  4
112 113 115 183 136 111 135 118 110 113 111 112  5
111 105 119 323 201 108 114 110 104 112 112 106  6
112 109 167 701 458 111 132 125 104 119 126 112  7
109 108 115 199 153 108 111 107 106 105 106 110  8
105 109 107 107 105 106 110 110 106 104 109 108  9
112 113 110 115 117 113 125 123 111 119 130 117  10
116 115 117 112 118 116 118 110 110 110 114 15000  11
