
Chip#1
170 150 114 116 114 118 123 117 124 120 153 170  0
115 109 358 451 112 323 694 129 180 566 140 121  1
110 115 2721 3628 174 3824 694 434 2317 566 982 119  2
111 115 720 1101 126 1285 2837 170 1041 3601 390 124  3
114 115 122 130 121 129 128 123 140 186 127 119  4
114 115 210 227 122 184 224 132 1610 4102 409 125  5
110 111 142 154 120 152 170 119 1105 3090 290 113  6
112 115 119 121 121 122 128 121 127 121 120 111  7
108 111 210 211 117 180 181 118 122 107 118 110  8
112 109 170 163 111 170 180 116 116 109 114 111  9
121 112 114 121 112 120 119 115 117 115 118 115  10
112 109 111 114 108 117 115 113 111 107 117 15000  11
Chip#2
106 111 110 110 106 107 105 100 100 99 102 106  0
123 120 117 113 116 112 111 104 108 107 112 110  1
118 117 115 117 113 113 116 111 107 110 114 115  2
113 111 153 604 284 126 581 401 108 334 377 116  3
107 108 215 925 498 143 686 478 107 348 370 114  4
107 111 112 185 136 112 130 119 108 110 111 116  5
110 109 122 331 207 113 120 113 107 112 124 111  6
111 110 163 709 459 113 126 124 107 123 128 109  7
122 119 121 211 161 143 118 117 116 112 120 120  8
112 108 110 113 110 109 114 112 106 111 115 110  9
112 110 115 116 117 114 126 128 113 117 130 117  10
118 115 116 119 121 112 117 113 116 111 115 15000  11
