
Chip#1
89 184 159 10 36 108 54 101 99 128 182 193  0
41 163 374 348 52 284 598 168 155 571 189 176  1
25 163 2644 3376 176 3711 3932 461 2255 3899 951 166  2
25 165 730 944 36 1220 2630 202 971 3419 425 169  3
25 161 160 14 36 108 54 101 110 187 175 167  4
25 167 219 104 36 196 134 101 1557 3883 450 168  5
9 164 189 45 36 124 86 85 1067 2977 339 158  6
25 159 149 9 36 92 38 85 96 124 160 158  7
25 169 219 101 36 140 102 85 98 128 164 166  8
25 165 216 53 20 196 86 85 95 121 160 160  9
25 167 150 6 20 92 38 85 87 117 155 160  10
41 164 153 12 36 108 54 85 96 119 169 15000  11
Chip#2
239 191 204 140 42 259 129 141 170 153 151 104  0
239 191 201 140 40 259 128 140 164 150 146 102  1
239 103 206 91 42 259 134 141 169 161 155 106  2
239 191 262 586 248 259 507 445 173 387 431 110  3
239 191 309 902 444 259 603 470 172 401 422 108  4
239 191 207 197 66 259 155 153 170 216 155 103  5
239 191 215 294 133 259 142 153 170 167 163 105  6
239 96 267 673 393 259 143 152 168 167 167 104  7
239 191 204 197 76 259 133 139 168 154 150 98  8
239 98 206 89 41 259 138 149 168 160 158 104  9
239 191 204 140 42 259 145 158 169 169 174 108  10
239 191 208 89 49 259 138 145 178 161 157 15000  11
