
Chip#1
172 134 113 121 114 127 125 123 122 124 130 173  0
121 120 369 462 127 327 706 141 189 582 153 128  1
110 115 2720 3626 172 3821 706 437 2318 582 986 117  2
116 116 720 1095 126 1288 2840 169 1042 3600 391 125  3
112 117 119 126 119 132 137 124 136 188 130 119  4
106 114 208 215 117 171 220 124 1604 4094 409 117  5
109 109 145 157 114 156 175 124 1113 3095 296 113  6
116 115 113 125 117 126 127 119 123 112 116 111  7
111 109 210 204 116 176 188 119 123 104 112 108  8
117 116 175 168 118 171 185 124 118 115 118 116  9
114 114 116 119 114 117 121 113 121 113 116 113  10
121 116 112 113 110 121 120 114 116 112 113 15000  11
Chip#2
126 122 116 113 115 112 112 111 108 109 110 122  0
112 108 100 104 107 101 104 105 102 101 99 108  1
115 109 109 108 106 106 111 107 102 105 107 109  2
111 108 151 604 281 143 581 402 110 330 375 116  3
112 110 210 932 503 143 692 490 113 352 370 119  4
111 111 107 179 133 107 133 118 106 105 105 106  5
110 113 120 326 207 113 120 118 110 114 120 114  6
115 118 169 708 465 117 136 127 112 123 130 116  7
110 110 112 204 156 111 113 110 111 108 111 110  8
109 111 110 110 114 111 112 116 110 110 114 114  9
115 110 110 113 112 113 125 127 111 121 133 119  10
118 119 116 119 121 116 118 114 113 112 115 15000  11
