
Chip#1
172 136 115 118 117 123 124 122 123 121 133 173  0
124 122 372 461 127 332 708 140 190 579 153 134  1
118 126 2726 3637 180 3834 708 443 2320 579 992 129  2
116 117 721 1103 128 1285 2837 168 1045 3603 387 121  3
110 110 119 124 118 126 125 126 137 179 127 113  4
112 111 209 216 116 177 218 123 1607 4094 409 115  5
108 107 138 148 112 148 169 112 1098 3080 293 111  6
115 110 120 126 118 126 131 117 127 118 119 110  7
115 113 217 213 118 176 191 122 126 112 122 117  8
108 109 164 161 109 166 178 112 112 101 109 108  9
112 112 118 120 111 118 116 113 116 109 116 111  10
122 112 115 118 114 120 117 115 117 105 121 15000  11
Chip#2
127 128 122 119 121 113 122 109 116 112 116 120  0
116 114 107 109 111 107 108 99 102 103 105 109  1
113 111 110 114 116 111 111 107 104 109 114 114  2
111 104 153 603 285 143 583 396 106 333 381 114  3
111 113 216 933 507 143 690 486 111 354 378 117  4
112 113 111 182 136 108 131 116 107 111 107 111  5
109 110 119 327 207 112 120 112 108 113 120 110  6
105 106 159 701 453 108 128 116 104 114 123 108  7
110 115 116 209 159 114 117 112 112 109 114 114  8
111 108 106 110 111 109 113 109 106 111 118 111  9
118 117 111 117 115 116 128 128 108 121 131 120  10
117 115 115 114 116 114 117 112 108 113 112 15000  11
