
Chip#1
167 131 115 114 111 124 120 121 126 124 130 172  0
126 120 370 462 123 333 704 138 191 585 153 152  1
114 116 2733 3632 174 3831 704 440 2319 585 981 128  2
117 117 722 1094 128 1286 2834 171 1003 3596 386 123  3
121 120 129 135 127 136 137 130 147 190 138 127  4
109 111 209 216 116 175 217 125 1603 190 409 116  5
110 112 140 153 116 158 175 122 1103 3096 291 112  6
118 114 117 125 123 130 130 122 126 126 122 116  7
111 115 216 212 118 175 186 123 119 112 120 113  8
110 112 170 165 114 166 183 116 118 114 114 111  9
118 121 117 124 116 122 123 117 118 116 119 117  10
120 114 110 116 112 120 116 113 116 109 116 15000  11
Chip#2
121 122 112 109 116 109 105 106 108 104 107 115  0
120 115 112 113 111 109 107 105 105 107 104 112  1
118 110 111 114 111 113 113 106 105 108 114 111  2
110 105 152 604 289 123 580 403 111 325 378 111  3
109 108 211 931 502 143 688 486 110 349 367 115  4
113 109 114 184 134 111 131 119 108 108 112 109  5
111 110 120 325 207 113 118 117 107 111 121 110  6
115 114 164 710 464 118 131 127 111 120 131 112  7
112 106 115 204 156 112 112 112 106 107 109 114  8
115 113 112 119 117 114 119 117 111 111 121 115  9
111 105 110 110 112 111 120 121 108 111 125 116  10
116 113 115 116 116 116 118 112 116 109 118 15000  11
