DEF 415 {

Kb {

-0.076923077	,	7.384615385	,	3.4	,	-2	,
-0.07755102	,	-42.6122449	,	3.5	,	-9	,
0.18974359	,	-48.94871795	,	3.8	,	-22	,
0.005128205	,	24.97435897	,	3.5	,	-11	,
0.117948718	,	-57.58974359	,	3.3	,	-2	,
0.21025641	,	-39.05128205	,	3.5	,	-34	,
-0.138461538	,	27.69230769	,	3.5	,	28	,
0.21025641	,	-10.05128205	,	3.5	,	-22	,
0.241025641	,	-73.20512821	,	3.7	,	0	,
0.087179487	,	41.56410256	,	4.5	,	-9	,
-0.174358974	,	4.871794872	,	3.8	,	39	,
-0.102564103	,	22.51282051	,	3.7	,	8
		
}

	Fpn_lg {
		199.9166667,	85.14166667,	149.3,	249.85,	148.6583333,	107.425,	210.9,	202.775,	217.2666667,	284.825,	169.225,	274.0416667

	}

	Fpn_hg {
		232.6,	115.2583333,	181.9166667,	270.3666667,	187.175,	139.6083333,	256.9833333,	237.4416667,	249.0583333,	314.3833333,	200.75,	305.1166667

	}

	AutoV20_lg { 
		0x08
	}

	AutoV20_hg {
		0x0a
	}

	AutoV15 {
		0x08
	}

	Rampgen {
		0xC5
	}
	
	Temp_calib {
		20.588, 0.0, 0,0,0,0,0,0,0,0,0,0
	}
}


DEF 215 {

Kb {

0.205128205	,	8.974358974	,	3.9	,	-33	,
0.089795918	,	5.551020408	,	3.6	,	6	,
0.179487179	,	-79.8974359	,	4	,	-15	,
0.128205128	,	-54.64102564	,	3.4	,	-22	,
0.338461538	,	-20.69230769	,	3.3	,	-11	,
0.097435897	,	29.51282051	,	4.3	,	-8	,
0.194871795	,	-41.97435897	,	3.4	,	1	,
0.405128205	,	-29.02564103	,	3	,	1	,
0.051282051	,	-16.25641026	,	3.8	,	10	,
-0.056410256	,	-17.71794872	,	4	,	42	,
0.21025641	,	-13.05128205	,	3.6	,	5	,
0.435897436	,	-37.17948718	,	3.5	,	-9
		
}

	Fpn_lg {
		166.2833333,	126.1916667,	110.8666667,	155.4083333,	213.5583333,	205.7333333,	135.4916667,	223.75,	156.1666667,	155.1583333,	222.6416667,	159.4416667

	}

	Fpn_hg {
		113,	77.53030303,	60.34848485,	107.0530303,	165.7272727,	155,	84.08333333,	170.7575758,	107.9545455,	108.7424242,	173.5833333,	108.8863636

	}

	AutoV20_lg { 
		0x08
	}

	AutoV20_hg {
		0x0b
	}

	AutoV15 {
		0x08
	}

	Rampgen {
		0xAB
	}
	
	Temp_calib {
		0, 0.0, 0,0,0,0,0,0,0,0,0,0
	}
}


DEF 402 {

	Kb {
-0.035897436	,	-44.82051282	,	4	,	-8	,
0.391836735	,	-7.959183673	,	3.2	,	-12	,
0.071794872	,	-58.35897436	,	4	,	18	,
0.317948718	,	-44.58974359	,	3.5	,	9	,
0.394871795	,	-79.97435897	,	4	,	-2	,
0.266666667	,	-5.333333333	,	3.4	,	4	,
0.384615385	,	-29.92307692	,	3	,	-36	,
0.133333333	,	-9.666666667	,	3.5	,	3	,
0.246153846	,	-67.23076923	,	3	,	-9	,
0.502564103	,	-60.51282051	,	3.3	,	-41	,
0.133333333	,	-27.66666667	,	3.5	,	10	,
0.230769231	,	-49.15384615	,	3.5	,	2	
	}

	Fpn_lg {
		102.0083333,	174.4083333,	120.2916667,	232.5333333,	192.4,	105.2083333,	204.2916667,	205.1916667,	84.88333333,	195.4166667,	207.4333333,	101.975

	}

	Fpn_hg {
		50.54166667,	125.1916667,	70.18333333,	184.175,	143.9,	58.43333333,	155.175,	156.1,	36.325,	144.7333333,	156.2083333,	50.11666667

	}

	AutoV20_lg { 
		0x08
	}

	AutoV20_hg {
		0x0b
	}

	Rampgen {
		0xb6
	}
	
	Temp_calib {
		23.217, -20.893, 0, 0,0,0,0,0,0,0,0,0
	}
}






