DEF A001 {
Kb {

              0.082051282   ,             6.589743590   ,             4.5   ,       -10   ,
              0.110204082   ,             14.448979592   ,            4.3   ,       -18   ,
              -0.225641026   ,            50.128205128   ,            4.3   ,       7   ,
              0.133333333   ,             -46.666666667   ,           4.2   ,       -4   ,
              -0.189743590   ,            -15.051282051   ,           4.5   ,       -4   ,
              0.076923077   ,             18.615384615   ,            4.5   ,       2   ,
              0.025641026   ,             -32.128205128   ,           4.3   ,       -15   ,
              0.066666667   ,             -32.333333333   ,           4.5   ,       12   ,
              -0.158974359   ,            -4.205128205   ,            5.0   ,       -5   ,
              -0.041025641   ,            -33.794871795   ,           4.2   ,       -14   ,
              -0.230769231   ,            29.153846154   ,            5.0   ,       -10   ,
              -0.210256410   ,            21.051282051   ,            4.5   ,       27

}
   Fpn_lg {
        430.6458333,	422.5,	353.71875,	371.2395833,	450.3854167,	322.9270833,	309.6354167,	309.21875,	345.3333333,	314.75,	416.40625,	281.8854167

   }
   Fpn_hg {
        374.875,	366.8229167,	297.9583333,	314.5,	394.9270833,	267.8541667,	256.9895833,	256.3645833,	288.8020833,	259.4583333,	362.1041667,	211.1979167

   }
   AutoV20_lg { 
       0x07
    }
   AutoV20_hg {
        0x0a
    }
   AutoV15 {
       0x0a
    }
   Rampgen {
        0x94
   }
   
    Temp_calib {
        0, 0.0, 0,0,0,0,0,0,0,0,0,0
 }
}

DEF A002 {
Kb {

              -0.220512821   ,            44.102564103   ,            4.3   ,       0   ,
              -0.102040816   ,            15.510204082   ,            4.5   ,       13   ,
              -0.020512821   ,            13.102564103   ,            4.5   ,       9   ,
              -0.230769231   ,            31.153846154   ,            4.2   ,       -4   ,
              0.061538462   ,             9.692307692   ,             5.0   ,       -2   ,
              -0.256410256   ,            42.282051282   ,            4.5   ,       46   ,
              0.097435897   ,             -5.487179487   ,            3.7   ,       -19   ,
              -0.153846154   ,            46.769230769   ,            4.2   ,       -4   ,
              0.000000000   ,             8.000000000   ,             4.4   ,       8   ,
              -0.158974359   ,            20.794871795   ,            4.5   ,       18   ,
              0.215384615   ,             -4.076923077   ,            4.2   ,       13   ,
              -0.071794872   ,            -5.641025641   ,            4.5   ,       28

}
   Fpn_lg {
        451.4895833,	378.3020833,	446.8020833,	314.34375,	371.6875,	350.1770833,	385.9166667,	356.4270833,	378.5208333,	371.3333333,	407.59375,	445.9375

   }
   Fpn_hg {
        404.9791667,	331.2916667,	399.0104167,	268.6666667,	325.125,	303.4791667,	340.84375,	310.0625,	331.8020833,	323.6666667,	359.4270833,	400.4791667

   }
   AutoV20_lg { 
       0x06
    }
   AutoV20_hg {
        0x09
    }
   AutoV15 {
       0x08
    }
   Rampgen {
        0x8D
   }
   
    Temp_calib {
        0, 0.0, 0,0,0,0,0,0,0,0,0,0
 }
}



DEF new5 {

	Kb {
-0.041025641	,	-28.79487179	,	5.6	,	-24	,
-0.33877551	,	24.69387755	,	4.7	,	0	,
-0.58974359	,	26.94871795	,	5.2	,	8	,
-0.220512821	,	71.1025641	,	4.5	,	20	,
-0.169230769	,	-16.15384615	,	5.5	,	5	,
0.082051282	,	-1.41025641	,	4.6	,	9	,
-0.358974359	,	40.79487179	,	4.5	,	24	,
0.061538462	,	-8.307692308	,	4.2	,	5	,
0.107692308	,	11.46153846	,	4.3	,	-24	,
0	,	-20	,	4.4	,	17	,
0.035897436	,	35.82051282	,	5	,	35	,
-0.184615385	,	-22.07692308	,	4.2	,	8	

	}

	Fpn_lg {
		154.3229167,	31.8125,	32.72916667,	213.5416667,	54.82291667,	93.82291667,	94.94791667,	68.69791667,	150.9166667,	127.875,	213.3541667,	61.05208333





	}

	Fpn_hg {
		162.6875,	40.09375,	39.30208333,	220.3958333,	62.38541667,	101.4583333,	103.6145833,	74.25,	155.25,	132.7395833,	219.75,	66.70833333



	}

	AutoV20_lg { 
		0x09
	}

	AutoV20_hg {
		0x0b
	}

	AutoV15 {
		0x08
	}

	Rampgen {
		0x6E
	}
	
	Temp_calib {
		29.27, -45.092,  0,0,0,0,0,0,0,0,0,0
	}
}


DEF 604 {

Kb {

-0.123076923	,	18.61538462	,	4.8	,	-8	,
0.191836735	,	3.040816327	,	4.2	,	23	,
-0.117948718	,	-37.41025641	,	4.9	,	-1	,
0.082051282	,	5.58974359	,	4.3	,	-2	,
-0.123076923	,	-4.384615385	,	4.6	,	18	,
0.138461538	,	-15.69230769	,	4	,	-18	,
0.358974359	,	-13.79487179	,	4	,	-32	,
0.030769231	,	-38.15384615	,	4.8	,	10	,
0.18974359	,	-13.94871795	,	4.4	,	12	,
0.092307692	,	-4.461538462	,	4.4	,	-6	,
0.282051282	,	-34.41025641	,	4	,	-19	,
0.2		,	-42		,	3.8	,	12
		
}

	Fpn_lg {
		53.775,	145.8333333,	110.175,	68.39166667,	81.73333333,	45.08333333,	163.8166667,	70.98333333,	63.025,	92.675,	139.9583333,	84.925

	}

	Fpn_hg {
		75.58333333,	170.4333333,	131.2166667,	89.475,	104.3416667,	65.85833333,	185.6416667,	93.3,	86.31666667,	113.775,	162.15,	106.45

	}

	AutoV20_lg { 
		0x09
	}

	AutoV20_hg {
		0x0b
	}

	AutoV15 {
		0x08
	}

	Rampgen {
		0xA0
	}
	
	Temp_calib {
		20.588, 0.0, 0,0,0,0,0,0,0,0,0,0
	}
}




